1.120000000000000000e+02 1.740000000000000000e+02 2.100000000000000000e+01 1.700000000000000000e+01
1.126925601959228516e+02 1.752069411277770996e+02 2.202587509155273438e+01 1.526356220245361328e+01
1.126415967941284180e+02 1.731165485382080078e+02 2.122187232971191406e+01 1.649496078491210938e+01
1.128388557434082031e+02 1.740038719177246094e+02 2.093107604980468750e+01 1.575807952880859375e+01
1.129488315582275391e+02 1.746156826019287109e+02 2.085940933227539062e+01 1.563328933715820312e+01
1.127447910308837891e+02 1.735932693481445312e+02 2.122825241088867188e+01 1.636019134521484375e+01
1.132052326202392578e+02 1.741879196166992188e+02 2.049557876586914062e+01 1.611757659912109375e+01
1.127560920715332031e+02 1.740478124618530273e+02 2.130776977539062500e+01 1.604708290100097656e+01
1.134571523666381836e+02 1.745346989631652832e+02 2.084370613098144531e+01 1.589980220794677734e+01
1.136396951675415039e+02 1.741234722137451172e+02 2.094229698181152344e+01 1.636594772338867188e+01
1.133074102401733398e+02 1.738076629638671875e+02 2.044160652160644531e+01 1.631719207763671875e+01
1.129242763519287109e+02 1.743840227127075195e+02 2.102907180786132812e+01 1.612895774841308594e+01
1.133244504928588867e+02 1.748688211441040039e+02 2.164669227600097656e+01 1.601210594177246094e+01
1.133156404495239258e+02 1.746403551101684570e+02 2.086308860778808594e+01 1.617751121520996094e+01
1.122978038787841797e+02 1.738903169631958008e+02 2.242289352416992188e+01 1.634169578552246094e+01
1.132110548019409180e+02 1.738223314285278320e+02 2.140548133850097656e+01 1.652009391784667969e+01
1.132364358901977539e+02 1.743169517517089844e+02 2.149469566345214844e+01 1.657497406005859375e+01
1.124781551361083984e+02 1.733475160598754883e+02 2.258236312866210938e+01 1.715605735778808594e+01
1.129289073944091797e+02 1.744108772277832031e+02 2.240214920043945312e+01 1.656705474853515625e+01
1.131079549789428711e+02 1.735465726852416992e+02 2.218573951721191406e+01 1.706537818908691406e+01
1.138548269271850586e+02 1.741076431274414062e+02 2.162522315979003906e+01 1.678404998779296875e+01
1.138508625030517578e+02 1.739932041168212891e+02 2.177528762817382812e+01 1.688515090942382812e+01
1.142285985946655273e+02 1.738575229644775391e+02 2.156722450256347656e+01 1.705385971069335938e+01
1.143224964141845703e+02 1.738815584182739258e+02 2.103361129760742188e+01 1.674813652038574219e+01
1.137919073104858398e+02 1.745138721466064453e+02 2.234813117980957031e+01 1.651755905151367188e+01
1.139592294692993164e+02 1.743651113510131836e+02 2.298504447937011719e+01 1.697984504699707031e+01
1.147150335311889648e+02 1.738211421966552734e+02 2.206296730041503906e+01 1.706649398803710938e+01
1.150019626617431641e+02 1.744747991561889648e+02 2.163795852661132812e+01 1.671622657775878906e+01
1.150965566635131836e+02 1.745300750732421875e+02 2.235943031311035156e+01 1.699340820312500000e+01
1.154426155090332031e+02 1.738831272125244141e+02 2.214872741699218750e+01 1.737314224243164062e+01
1.158953981399536133e+02 1.741855049133300781e+02 2.185967826843261719e+01 1.708147430419921875e+01
1.157143125534057617e+02 1.735125808715820312e+02 2.221175575256347656e+01 1.750514221191406250e+01
1.161547861099243164e+02 1.738841114044189453e+02 2.236858940124511719e+01 1.728384017944335938e+01
1.165148038864135742e+02 1.740019817352294922e+02 2.200251960754394531e+01 1.738140487670898438e+01
1.169888849258422852e+02 1.742220392227172852e+02 2.208207511901855469e+01 1.740830802917480469e+01
1.167502279281616211e+02 1.744353532791137695e+02 2.225289344787597656e+01 1.748506736755371094e+01
1.172338342666625977e+02 1.733567953109741211e+02 2.256144523620605469e+01 1.785685157775878906e+01
1.175584163665771484e+02 1.735743389129638672e+02 2.278087997436523438e+01 1.802435684204101562e+01
1.171776742935180664e+02 1.733852386474609375e+02 2.319022941589355469e+01 1.779132843017578125e+01
1.176311101913452148e+02 1.738348541259765625e+02 2.310979652404785156e+01 1.814581298828125000e+01
1.176543626785278320e+02 1.734044189453125000e+02 2.413072776794433594e+01 1.831577301025390625e+01
1.183069295883178711e+02 1.735922069549560547e+02 2.402389717102050781e+01 1.839635848999023438e+01
1.184494981765747070e+02 1.737915954589843750e+02 2.354183006286621094e+01 1.831182861328125000e+01
1.183751707077026367e+02 1.734767236709594727e+02 2.485038185119628906e+01 1.842616081237792969e+01
1.190557155609130859e+02 1.728336267471313477e+02 2.367874526977539062e+01 1.871534538269042969e+01
1.194253063201904297e+02 1.729567861557006836e+02 2.442873764038085938e+01 1.879809761047363281e+01
1.182959556579589844e+02 1.735014352798461914e+02 2.511106109619140625e+01 1.870060539245605469e+01
1.199246454238891602e+02 1.733690795898437500e+02 2.467398643493652344e+01 1.895841979980468750e+01
1.202112979888916016e+02 1.735236682891845703e+02 2.425923538208007812e+01 1.897134780883789062e+01
1.207183151245117188e+02 1.731840534210205078e+02 2.487419128417968750e+01 1.898263168334960938e+01
1.210897169113159180e+02 1.734678497314453125e+02 2.462095069885253906e+01 1.893420410156250000e+01
1.215183811187744141e+02 1.737406349182128906e+02 2.494099044799804688e+01 1.906500244140625000e+01
1.220933713912963867e+02 1.735310535430908203e+02 2.496045112609863281e+01 1.931605911254882812e+01
1.217910318374633789e+02 1.733586778640747070e+02 2.537030601501464844e+01 1.948266410827636719e+01
1.224782114028930664e+02 1.727947301864624023e+02 2.567366600036621094e+01 1.955992317199707031e+01
1.234800806045532227e+02 1.726166467666625977e+02 2.545578575134277344e+01 1.983328819274902344e+01
1.242005538940429688e+02 1.727595539093017578e+02 2.514804077148437500e+01 1.957088088989257812e+01
1.241052284240722656e+02 1.733665513992309570e+02 2.588636779785156250e+01 1.952207756042480469e+01
1.249197034835815430e+02 1.733066396713256836e+02 2.547369575500488281e+01 1.971207618713378906e+01
1.247193202972412109e+02 1.733315887451171875e+02 2.602956771850585938e+01 1.990528106689453125e+01
1.252915430068969727e+02 1.735497140884399414e+02 2.629900169372558594e+01 1.999618339538574219e+01
1.263198099136352539e+02 1.726483697891235352e+02 2.646816062927246094e+01 2.019180870056152344e+01
1.251635560989379883e+02 1.734994173049926758e+02 2.795125389099121094e+01 2.001054191589355469e+01
1.259877910614013672e+02 1.730209150314331055e+02 2.726408004760742188e+01 2.045826911926269531e+01
1.268130035400390625e+02 1.727189769744873047e+02 2.787196350097656250e+01 2.061239242553710938e+01
1.272381763458251953e+02 1.729748306274414062e+02 2.770440292358398438e+01 2.070717620849609375e+01
1.281131906509399414e+02 1.731821861267089844e+02 2.828071403503417969e+01 2.070066833496093750e+01
1.269578142166137695e+02 1.730477905273437500e+02 2.943292808532714844e+01 2.099183654785156250e+01
1.271573915481567383e+02 1.723675422668457031e+02 3.013390922546386719e+01 2.128892517089843750e+01
1.287540740966796875e+02 1.728419227600097656e+02 2.994441223144531250e+01 2.125351715087890625e+01
1.283990602493286133e+02 1.726731853485107422e+02 3.090720939636230469e+01 2.165484237670898438e+01
1.280968513488769531e+02 1.722430114746093750e+02 3.146928405761718750e+01 2.170088195800781250e+01
1.298623161315917969e+02 1.721378393173217773e+02 3.143928527832031250e+01 2.193454933166503906e+01
1.300566167831420898e+02 1.725901536941528320e+02 3.080182075500488281e+01 2.223776054382324219e+01
1.304160957336425781e+02 1.729412994384765625e+02 3.237390899658203125e+01 2.207781982421875000e+01
1.312036266326904297e+02 1.729787635803222656e+02 3.262958145141601562e+01 2.246101379394531250e+01
1.317597675323486328e+02 1.723049087524414062e+02 3.257818984985351562e+01 2.277209472656250000e+01
1.318596897125244141e+02 1.725321989059448242e+02 3.283126449584960938e+01 2.299021339416503906e+01
1.333046970367431641e+02 1.725393877029418945e+02 3.344056320190429688e+01 2.301943778991699219e+01
1.327664413452148438e+02 1.719628934860229492e+02 3.387744903564453125e+01 2.332300758361816406e+01
1.345574970245361328e+02 1.727773237228393555e+02 3.411066818237304688e+01 2.303122901916503906e+01
1.351376533508300781e+02 1.722763824462890625e+02 3.446967315673828125e+01 2.356071472167968750e+01
1.359728546142578125e+02 1.724106855392456055e+02 3.490589141845703125e+01 2.369363594055175781e+01
1.368322486877441406e+02 1.724680843353271484e+02 3.529626464843750000e+01 2.403938674926757812e+01
1.369005088806152344e+02 1.721590118408203125e+02 3.577210235595703125e+01 2.458737182617187500e+01
1.383402881622314453e+02 1.721714754104614258e+02 3.573955154418945312e+01 2.447131156921386719e+01
1.377459640502929688e+02 1.720329065322875977e+02 3.650082397460937500e+01 2.491962242126464844e+01
1.394247112274169922e+02 1.720601530075073242e+02 3.711865615844726562e+01 2.483816719055175781e+01
1.398408718109130859e+02 1.723050661087036133e+02 3.760030746459960938e+01 2.541860771179199219e+01
1.406294231414794922e+02 1.722099933624267578e+02 3.743823623657226562e+01 2.546632003784179688e+01
1.421857204437255859e+02 1.720488271713256836e+02 3.829037094116210938e+01 2.558603096008300781e+01
1.419940662384033203e+02 1.716823835372924805e+02 3.975091934204101562e+01 2.629342842102050781e+01
1.438328266143798828e+02 1.719643030166625977e+02 3.856526565551757812e+01 2.607800865173339844e+01
1.438772392272949219e+02 1.714036731719970703e+02 3.983139038085937500e+01 2.654149246215820312e+01
1.461664562225341797e+02 1.722538337707519531e+02 3.941093063354492188e+01 2.653697204589843750e+01
1.462216472625732422e+02 1.715271148681640625e+02 3.974903488159179688e+01 2.694243621826171875e+01
1.470948734283447266e+02 1.725554933547973633e+02 4.041992568969726562e+01 2.702113151550292969e+01
1.482938861846923828e+02 1.715196647644042969e+02 4.107017898559570312e+01 2.729049682617187500e+01
1.491698474884033203e+02 1.721827287673950195e+02 4.119557571411132812e+01 2.768494987487792969e+01
1.497369632720947266e+02 1.719365568161010742e+02 4.252150344848632812e+01 2.802433967590332031e+01
1.518420810699462891e+02 1.723013458251953125e+02 4.272034072875976562e+01 2.800293731689453125e+01
1.517711982727050781e+02 1.717435245513916016e+02 4.297567749023437500e+01 2.839062881469726562e+01
1.535048160552978516e+02 1.718831043243408203e+02 4.385199356079101562e+01 2.841838455200195312e+01
1.546365795135498047e+02 1.716263198852539062e+02 4.478864669799804688e+01 2.916146087646484375e+01
1.550816707611083984e+02 1.711339855194091797e+02 4.472739791870117188e+01 2.953477096557617188e+01
1.573880233764648438e+02 1.714443359375000000e+02 4.497873687744140625e+01 2.950081634521484375e+01
1.580036888122558594e+02 1.716549081802368164e+02 4.576896667480468750e+01 2.995789146423339844e+01
1.598107719421386719e+02 1.714732189178466797e+02 4.673548889160156250e+01 3.020922470092773438e+01
1.601410598754882812e+02 1.711206836700439453e+02 4.769625091552734375e+01 3.098123550415039062e+01
1.620430698394775391e+02 1.708228244781494141e+02 4.786116409301757812e+01 3.093115615844726562e+01
1.635901050567626953e+02 1.713379077911376953e+02 4.836798477172851562e+01 3.136786270141601562e+01
1.647657623291015625e+02 1.707140617370605469e+02 4.926900482177734375e+01 3.207907104492187500e+01
1.667950706481933594e+02 1.705270442962646484e+02 5.000808715820312500e+01 3.227093124389648438e+01
1.680505847930908203e+02 1.703531055450439453e+02 5.089680862426757812e+01 3.309538650512695312e+01
1.693437137603759766e+02 1.704748077392578125e+02 5.152891921997070312e+01 3.346515655517578125e+01
1.702154026031494141e+02 1.700799732208251953e+02 5.265634536743164062e+01 3.370769119262695312e+01
1.721025791168212891e+02 1.701490039825439453e+02 5.363068008422851562e+01 3.432936477661132812e+01
1.736287078857421875e+02 1.703578224182128906e+02 5.439189910888671875e+01 3.453588867187500000e+01
1.752993240356445312e+02 1.696201400756835938e+02 5.519841766357421875e+01 3.500545501708984375e+01
1.769341850280761719e+02 1.695722846984863281e+02 5.606123352050781250e+01 3.592031860351562500e+01
1.789782581329345703e+02 1.694428844451904297e+02 5.710248184204101562e+01 3.589918136596679688e+01
1.805456886291503906e+02 1.698084068298339844e+02 5.815538024902343750e+01 3.663459777832031250e+01
1.828809719085693359e+02 1.693802433013916016e+02 5.878274154663085938e+01 3.691046524047851562e+01
1.844130058288574219e+02 1.696986026763916016e+02 6.001904296875000000e+01 3.754460525512695312e+01
1.867175750732421875e+02 1.697813320159912109e+02 6.118895721435546875e+01 3.808817672729492188e+01
1.891453189849853516e+02 1.695553321838378906e+02 6.181177139282226562e+01 3.827590942382812500e+01
1.906873359680175781e+02 1.694803276062011719e+02 6.320332336425781250e+01 3.903268432617187500e+01
1.930792503356933594e+02 1.698224163055419922e+02 6.472167968750000000e+01 3.956153488159179688e+01
1.956618957519531250e+02 1.695628166198730469e+02 6.542110443115234375e+01 3.986796569824218750e+01
1.975444831848144531e+02 1.696129226684570312e+02 6.705389404296875000e+01 4.026680755615234375e+01
2.002617530822753906e+02 1.691365051269531250e+02 6.809860229492187500e+01 4.115895843505859375e+01
2.023372611999511719e+02 1.690768413543701172e+02 7.007476806640625000e+01 4.184669113159179688e+01
2.047746963500976562e+02 1.685731525421142578e+02 7.133506011962890625e+01 4.272768020629882812e+01
2.071461410522460938e+02 1.695550441741943359e+02 7.305649566650390625e+01 4.335241317749023438e+01
2.094633903503417969e+02 1.689765186309814453e+02 7.495959472656250000e+01 4.436549758911132812e+01
2.134991188049316406e+02 1.679830188751220703e+02 7.563729858398437500e+01 4.536368179321289062e+01
2.159875526428222656e+02 1.690348606109619141e+02 7.782444763183593750e+01 4.565288162231445312e+01
2.190192451477050781e+02 1.690806827545166016e+02 7.945677185058593750e+01 4.660879898071289062e+01
2.218569755554199219e+02 1.687277851104736328e+02 8.165461730957031250e+01 4.788133621215820312e+01
2.253850326538085938e+02 1.681532001495361328e+02 8.355413055419921875e+01 4.900242996215820312e+01
2.289919624328613281e+02 1.677330894470214844e+02 8.494467163085937500e+01 4.987167358398437500e+01
2.323808593750000000e+02 1.682226505279541016e+02 8.743747711181640625e+01 5.097412490844726562e+01
2.358187217712402344e+02 1.672936744689941406e+02 8.924497985839843750e+01 5.252223205566406250e+01
2.400008163452148438e+02 1.674532165527343750e+02 9.175661468505859375e+01 5.302388763427734375e+01
2.435946388244628906e+02 1.678927116394042969e+02 9.464315795898437500e+01 5.460375976562500000e+01
2.472157554626464844e+02 1.679460449218750000e+02 9.719636535644531250e+01 5.573635101318359375e+01
2.518951377868652344e+02 1.684768886566162109e+02 9.992500305175781250e+01 5.687751388549804688e+01
2.554720878601074219e+02 1.674023132324218750e+02 1.026533966064453125e+02 5.888817596435546875e+01
2.602631759643554688e+02 1.678603668212890625e+02 1.052387924194335938e+02 5.967006683349609375e+01
2.649648170471191406e+02 1.682419605255126953e+02 1.089565124511718750e+02 6.131261062622070312e+01
2.695957221984863281e+02 1.680058631896972656e+02 1.123872070312500000e+02 6.310148620605468750e+01
2.751589584350585938e+02 1.678705635070800781e+02 1.158386764526367188e+02 6.476667785644531250e+01
2.793526763916015625e+02 1.674938507080078125e+02 1.204234085083007812e+02 6.648946380615234375e+01
2.848291893005371094e+02 1.677928390502929688e+02 1.267326812744140625e+02 6.804657745361328125e+01
2.912914161682128906e+02 1.676263580322265909e+02 1.313872680664062500e+02 6.985915374755859375e+01
2.971494483947753906e+02 1.674619941711426065e+02 1.368859252929687500e+02 7.222889709472656250e+01
3.032888526916503906e+02 1.675704841613769815e+02 1.429686279296875000e+02 7.429328918457031250e+01
3.107721061706542969e+02 1.683497657775879190e+02 1.483169403076171875e+02 7.544902038574218750e+01
3.166840019226074219e+02 1.677477607727051065e+02 1.540221099853515625e+02 7.834364318847656250e+01
3.242064628601074219e+02 1.675454216003418253e+02 1.621013336181640625e+02 7.988455200195312500e+01
3.311936531066894531e+02 1.691031379699707315e+02 1.598727111816406250e+02 8.345365905761718750e+01
3.379029121398925781e+02 1.651293487548828409e+02 1.514967651367187500e+02 8.837731170654296875e+01
3.487804222106933594e+02 1.660709648132324503e+02 1.436990814208984375e+02 8.590771484375000000e+01
3.571432151794433594e+02 1.662919883728027912e+02 1.350625457763671875e+02 8.563769531250000000e+01
