9.200000000000000000e+01 1.340000000000000000e+02 1.500000000000000000e+01 1.200000000000000000e+01
9.213638877868652344e+01 1.338934698104858398e+02 1.703763961791992188e+01 1.204979133605957031e+01
9.229583454132080078e+01 1.339227089881896973e+02 1.656503105163574219e+01 1.219028759002685547e+01
9.276419162750244141e+01 1.335659942626953125e+02 1.671833992004394531e+01 1.184097671508789062e+01
9.271857166290283203e+01 1.336689667701721191e+02 1.673888969421386719e+01 1.272864818572998047e+01
9.300269699096679688e+01 1.333873419761657715e+02 1.678126907348632812e+01 1.232286548614501953e+01
9.375308322906494141e+01 1.334421625137329102e+02 1.713345146179199219e+01 1.260901832580566406e+01
9.379071521759033203e+01 1.338903412818908691e+02 1.698723793029785156e+01 1.295900630950927734e+01
9.472557926177978516e+01 1.342129421234130859e+02 1.671050834655761719e+01 1.273826980590820312e+01
9.474920368194580078e+01 1.340530643463134766e+02 1.793008613586425781e+01 1.247079086303710938e+01
9.490756320953369141e+01 1.339820127487182617e+02 1.783196830749511719e+01 1.305318641662597656e+01
9.541845607757568359e+01 1.335753521919250488e+02 1.809979057312011719e+01 1.296657085418701172e+01
9.628573131561279297e+01 1.339341578483581543e+02 1.822628593444824219e+01 1.337389469146728516e+01
9.674060058593750000e+01 1.339915680885314941e+02 1.783410644531250000e+01 1.296701335906982422e+01
9.740791893005371094e+01 1.337024493217468262e+02 1.759498596191406250e+01 1.299392032623291016e+01
9.727695369720458984e+01 1.335191836357116699e+02 1.760560417175292969e+01 1.299646854400634766e+01
9.735081863403320312e+01 1.334330310821533203e+02 1.835271453857421875e+01 1.333216094970703125e+01
9.819974040985107422e+01 1.337801198959350586e+02 1.837904548645019531e+01 1.326342582702636719e+01
9.826720809936523438e+01 1.340709233283996582e+02 1.865806579589843750e+01 1.348390865325927734e+01
9.855040836334228516e+01 1.338072686195373535e+02 1.907173728942871094e+01 1.355261135101318359e+01
9.886857032775878906e+01 1.338317036628723145e+02 1.906754684448242188e+01 1.345631694793701172e+01
9.944582271575927734e+01 1.338941860198974609e+02 1.971956825256347656e+01 1.357584381103515625e+01
1.005110712051391602e+02 1.337484130859375000e+02 1.966516685485839844e+01 1.361074447631835938e+01
1.016751947402954102e+02 1.336256980895996094e+02 1.904567527770996094e+01 1.369369125366210938e+01
1.019055480957031250e+02 1.340471673011779785e+02 1.870312500000000000e+01 1.367661952972412109e+01
1.027348022460937500e+02 1.339262418746948242e+02 1.938101196289062500e+01 1.382813453674316406e+01
1.034045639038085938e+02 1.337861943244934082e+02 1.944942474365234375e+01 1.419690608978271484e+01
1.031214952468872070e+02 1.345019564628601074e+02 1.954563713073730469e+01 1.387667942047119141e+01
1.038386211395263672e+02 1.343192949295043945e+02 1.987460708618164062e+01 1.422353172302246094e+01
1.047766685485839844e+02 1.345724897384643555e+02 1.945106506347656250e+01 1.415243721008300781e+01
1.054356765747070312e+02 1.342798938751220703e+02 1.992842864990234375e+01 1.418873977661132812e+01
1.064000587463378906e+02 1.344576311111450195e+02 1.990611267089843750e+01 1.434477806091308594e+01
1.071636886596679688e+02 1.340532698631286621e+02 1.977136230468750000e+01 1.406248188018798828e+01
1.068675746917724609e+02 1.337412776947021484e+02 1.961578750610351562e+01 1.418273544311523438e+01
1.078023481369018555e+02 1.344859323501586914e+02 2.017659950256347656e+01 1.448619651794433594e+01
1.084733924865722656e+02 1.344197320938110352e+02 2.079177093505859375e+01 1.444241142272949219e+01
1.091622695922851562e+02 1.340240516662597656e+02 2.071150207519531250e+01 1.429817962646484375e+01
1.101383953094482422e+02 1.339908442497253418e+02 2.061804580688476562e+01 1.452628421783447266e+01
1.113445262908935547e+02 1.344925031661987305e+02 2.087997055053710938e+01 1.487140846252441406e+01
1.120224504470825195e+02 1.346753258705139160e+02 2.092861747741699219e+01 1.489802837371826172e+01
1.119276418685913086e+02 1.339345397949218750e+02 2.180595588684082031e+01 1.473078155517578125e+01
1.124592361450195312e+02 1.343126659393310547e+02 2.206437683105468750e+01 1.521464157104492188e+01
1.136012086868286133e+02 1.340388717651367188e+02 2.199430656433105469e+01 1.524172973632812500e+01
1.137072248458862305e+02 1.338305640220642090e+02 2.182242774963378906e+01 1.487595844268798828e+01
1.143473138809204102e+02 1.337854056358337402e+02 2.303429985046386719e+01 1.539925861358642578e+01
1.147174568176269531e+02 1.344488682746887207e+02 2.353482055664062500e+01 1.547698879241943359e+01
1.158641223907470703e+02 1.338583340644836426e+02 2.380108261108398438e+01 1.532423305511474609e+01
1.168452272415161133e+02 1.340797357559204102e+02 2.378801536560058594e+01 1.572479057312011719e+01
1.176476411819458008e+02 1.339762573242187500e+02 2.365600395202636719e+01 1.574253082275390625e+01
1.187409133911132812e+02 1.339250020980834961e+02 2.403536987304687500e+01 1.590409278869628906e+01
1.200687637329101562e+02 1.345355224609375000e+02 2.382911682128906250e+01 1.595480346679687500e+01
1.205714340209960938e+02 1.337503747940063477e+02 2.454925537109375000e+01 1.594206047058105469e+01
1.214621038436889648e+02 1.339025001525878906e+02 2.443723487854003906e+01 1.608886718750000000e+01
1.222411193847656250e+02 1.339891138076782227e+02 2.453214263916015625e+01 1.662967491149902344e+01
1.230658111572265625e+02 1.340294666290283203e+02 2.484757995605468750e+01 1.647089767456054688e+01
1.236115999221801758e+02 1.340051784515380859e+02 2.594801139831542969e+01 1.653875350952148438e+01
1.245882186889648438e+02 1.339013557434082031e+02 2.597469329833984375e+01 1.673908233642578125e+01
1.253048667907714844e+02 1.342921409606933594e+02 2.530726623535156250e+01 1.690402221679687500e+01
1.267609729766845703e+02 1.344287204742431641e+02 2.569727706909179688e+01 1.696738815307617188e+01
1.267772054672241211e+02 1.339398708343505859e+02 2.685434150695800781e+01 1.713125228881835938e+01
1.283140745162963867e+02 1.335545711517333984e+02 2.688551521301269531e+01 1.745994186401367188e+01
1.295269384384155273e+02 1.337528753280639648e+02 2.699233436584472656e+01 1.759566688537597656e+01
1.303166961669921875e+02 1.334034099578857422e+02 2.726024627685546875e+01 1.781443405151367188e+01
1.312784366607666016e+02 1.336331777572631836e+02 2.774328231811523438e+01 1.804216957092285156e+01
1.321530885696411133e+02 1.335234384536743164e+02 2.772685813903808594e+01 1.811440849304199219e+01
1.331150150299072266e+02 1.335196990966796875e+02 2.800732803344726562e+01 1.830188751220703125e+01
1.336703987121582031e+02 1.341866407394409180e+02 2.849356842041015625e+01 1.816619300842285156e+01
1.353308534622192383e+02 1.342857847213745117e+02 2.780643272399902344e+01 1.858680915832519531e+01
1.360426769256591797e+02 1.339173383712768555e+02 2.870277786254882812e+01 1.897789955139160156e+01
1.374020080566406250e+02 1.342859125137329102e+02 2.892613220214843750e+01 1.915848350524902344e+01
1.387042255401611328e+02 1.340774297714233398e+02 2.955047225952148438e+01 1.951196479797363281e+01
1.393435449600219727e+02 1.339806575775146484e+02 3.016845512390136719e+01 1.963951492309570312e+01
1.406947746276855469e+02 1.334461956024169922e+02 3.069747161865234375e+01 1.979771804809570312e+01
1.412558126449584961e+02 1.334693193435668945e+02 3.122930335998535156e+01 1.986511802673339844e+01
1.434756393432617188e+02 1.342143278121948242e+02 3.031298828125000000e+01 2.047239875793457031e+01
1.446179046630859375e+02 1.338834257125854492e+02 3.057374572753906250e+01 2.045198249816894531e+01
1.464384517669677734e+02 1.333383874893188477e+02 3.080340194702148438e+01 2.045340538024902344e+01
1.469607067108154297e+02 1.338698558807373047e+02 3.238944625854492188e+01 2.074608230590820312e+01
1.483985271453857422e+02 1.340161228179931641e+02 3.196364212036132812e+01 2.087322616577148438e+01
1.498853206634521484e+02 1.342410421371459961e+02 3.276307296752929688e+01 2.132637214660644531e+01
1.504181709289550781e+02 1.336815652847290039e+02 3.407268524169921875e+01 2.086778068542480469e+01
1.519269599914550781e+02 1.330038957595825195e+02 3.363053894042968750e+01 2.156633567810058594e+01
1.528857154846191406e+02 1.334990797042846680e+02 3.354985046386718750e+01 2.176571083068847656e+01
1.541976776123046875e+02 1.334573898315429688e+02 3.439479827880859375e+01 2.217767333984375000e+01
1.548213844299316406e+02 1.334862899780273438e+02 3.514125823974609375e+01 2.239791107177734375e+01
1.565474815368652344e+02 1.335113420486450195e+02 3.549858093261718750e+01 2.286722373962402344e+01
1.588941116333007812e+02 1.332028408050537109e+02 3.554043579101562500e+01 2.309249496459960938e+01
1.603325023651123047e+02 1.337680425643920898e+02 3.603998947143554688e+01 2.280128669738769531e+01
1.610115661621093750e+02 1.331495904922485352e+02 3.673070526123046875e+01 2.292702293395996094e+01
1.622082080841064453e+02 1.338642072677612305e+02 3.710590744018554688e+01 2.352897834777832031e+01
1.638082904815673828e+02 1.334544115066528320e+02 3.827421188354492188e+01 2.375529289245605469e+01
1.661689014434814453e+02 1.331904430389404297e+02 3.899538040161132812e+01 2.414576339721679688e+01
1.668111877441406250e+02 1.334576416015625000e+02 3.899787902832031250e+01 2.390312957763671875e+01
1.687517700195312500e+02 1.335170030593872070e+02 3.848777770996093750e+01 2.417484092712402344e+01
1.716246700286865234e+02 1.334389142990112305e+02 3.808760452270507812e+01 2.513208198547363281e+01
1.721253433227539062e+02 1.335409259796142578e+02 3.865178680419921875e+01 2.470108413696289062e+01
1.735954360961914062e+02 1.331782159805297852e+02 4.110446929931640625e+01 2.558777427673339844e+01
1.746928825378417969e+02 1.328582372665405273e+02 4.285284423828125000e+01 2.608275794982910156e+01
1.765840435028076172e+02 1.329710988998413086e+02 4.288874435424804688e+01 2.579149818420410156e+01
1.778648777008056641e+02 1.329734840393066406e+02 4.191411209106445312e+01 2.557263183593750000e+01
1.800272598266601562e+02 1.333908138275146484e+02 4.280600738525390625e+01 2.667470932006835938e+01
1.812570514678955078e+02 1.326812429428100586e+02 4.472354507446289062e+01 2.666526222229003906e+01
1.833766155242919922e+02 1.327272882461547852e+02 4.448397445678710938e+01 2.749387168884277344e+01
1.856956119537353516e+02 1.335869579315185547e+02 4.379669570922851562e+01 2.772422409057617188e+01
1.863608493804931641e+02 1.332445030212402344e+02 4.709871292114257812e+01 2.818771362304687500e+01
1.886976852416992188e+02 1.329496345520019531e+02 4.758634185791015625e+01 2.890698242187500000e+01
1.906442604064941406e+02 1.330122537612915039e+02 4.814038085937500000e+01 2.858621788024902344e+01
1.939030323028564453e+02 1.329255361557006836e+02 4.834361648559570312e+01 2.938086891174316406e+01
1.962970008850097656e+02 1.331274099349975586e+02 4.770323181152343750e+01 2.909086036682128906e+01
1.976733474731445312e+02 1.329872093200683594e+02 4.975424957275390625e+01 2.976184082031250000e+01
1.995328979492187500e+02 1.334626407623291016e+02 5.085245513916015625e+01 2.973775100708007812e+01
2.014429855346679688e+02 1.334672813415527344e+02 5.144902801513671875e+01 3.046383666992187500e+01
2.038230361938476562e+02 1.336204185485839844e+02 5.240386199951171875e+01 3.077703857421875000e+01
2.051472339630126953e+02 1.327064352035522461e+02 5.451910781860351562e+01 3.150885963439941406e+01
2.088421211242675781e+02 1.333938522338867188e+02 5.465461730957031250e+01 3.226116180419921875e+01
2.101335849761962891e+02 1.321840229034423828e+02 5.667833328247070312e+01 3.304216384887695312e+01
2.138057575225830078e+02 1.321747417449951172e+02 5.700217056274414062e+01 3.328509140014648438e+01
2.164602451324462891e+02 1.326302700042724609e+02 5.767554092407226562e+01 3.440389633178710938e+01
2.172987575531005859e+02 1.326885108947753906e+02 6.069744491577148438e+01 3.420690917968750000e+01
2.196761627197265625e+02 1.323336486816406250e+02 6.293483734130859375e+01 3.517707061767578125e+01
2.244822692871093750e+02 1.322712306976318359e+02 6.189498138427734375e+01 3.614600753784179688e+01
2.274935226440429688e+02 1.320385780334472656e+02 6.372760772705078125e+01 3.696116638183593750e+01
2.304032707214355469e+02 1.317346401214599609e+02 6.453108215332031250e+01 3.744935226440429688e+01
2.342657966613769531e+02 1.315316658020019531e+02 6.550289916992187500e+01 3.839512634277343750e+01
2.368571243286132812e+02 1.317367858886718750e+02 6.744454193115234375e+01 3.896852874755859375e+01
2.411543312072753906e+02 1.322956809997558594e+02 6.840898132324218750e+01 3.950483703613281250e+01
2.458444137573242188e+02 1.320626010894775391e+02 6.941669464111328125e+01 3.966612625122070312e+01
2.479475402832031250e+02 1.316541309356689453e+02 7.093791961669921875e+01 4.090657424926757812e+01
2.516640586853027344e+02 1.327355499267578125e+02 7.293246459960937500e+01 4.066468048095703125e+01
2.548263130187988281e+02 1.319040565490722656e+02 7.452572631835937500e+01 4.277836608886718750e+01
2.587656288146972656e+02 1.327659168243408203e+02 7.641235351562500000e+01 4.333093643188476562e+01
2.617135086059570312e+02 1.319260482788085938e+02 7.924077606201171875e+01 4.446654510498046875e+01
2.649906616210937500e+02 1.320939216613769531e+02 8.165503692626953125e+01 4.507400512695312500e+01
2.688866004943847656e+02 1.318914794921875000e+02 8.362161254882812500e+01 4.610845184326171875e+01
2.736867408752441406e+02 1.324819126129150391e+02 8.515777587890625000e+01 4.633339309692382812e+01
2.772288856506347656e+02 1.301663284301757812e+02 8.814053344726562500e+01 4.978745269775390625e+01
2.819243545532226562e+02 1.298906707763671875e+02 9.047591400146484375e+01 5.057564544677734375e+01
2.866826095581054688e+02 1.299973545074462891e+02 9.350759124755859375e+01 5.124179458618164062e+01
2.922490806579589844e+02 1.310325756072998047e+02 9.559458923339843750e+01 5.180221176147460938e+01
2.973004570007324219e+02 1.305898227691650391e+02 9.868226623535156250e+01 5.321432876586914062e+01
3.024291915893554688e+02 1.313207607269287109e+02 1.019290390014648438e+02 5.408964157104492188e+01
3.080118484497070312e+02 1.318255844116210938e+02 1.053046798706054688e+02 5.473361968994140625e+01
3.140025939941406250e+02 1.317677726745605469e+02 1.087286148071289062e+02 5.550283813476562500e+01
3.199683036804199219e+02 1.309587345123291016e+02 1.123305206298828125e+02 5.723010635375976562e+01
3.269233703613281250e+02 1.318867797851562500e+02 1.163890151977539062e+02 5.811959075927734375e+01
3.331860618591308594e+02 1.317116146087646484e+02 1.215830535888671875e+02 5.954166793823242188e+01
3.419305839538574219e+02 1.306165809631347656e+02 1.250638275146484375e+02 6.241206359863281250e+01
3.482971992492675781e+02 1.304252967834472656e+02 1.300080871582031250e+02 6.408662414550781250e+01
3.556021003723144531e+02 1.318429832458496094e+02 1.333290100097656250e+02 6.499291992187500000e+01
3.615469627380371094e+02 1.292556877136230469e+02 1.371300811767578125e+02 6.793948364257812500e+01
3.676587944030761719e+02 1.310631713867187500e+02 1.339717559814453125e+02 6.930837249755859375e+01
3.714004478454589844e+02 1.295913734436035156e+02 1.300885162353515625e+02 7.155824279785156250e+01
3.856394615173339844e+02 1.308258399963378906e+02 1.173224639892578125e+02 7.421623229980468750e+01
3.928677787780761719e+02 1.290282287597656250e+02 1.111322212219238281e+02 7.891463470458984375e+01
3.994153461456298828e+02 1.285649070739746094e+02 1.041895523071289062e+02 8.087396240234375000e+01
