8.600000000000000000e+01 1.250000000000000000e+02 1.100000000000000000e+01 1.800000000000000000e+01
8.568359088897705078e+01 1.248754081726074219e+02 1.316441535949707031e+01 1.822928619384765625e+01
8.649247694015502930e+01 1.249553155899047852e+02 1.289556217193603516e+01 1.929827308654785156e+01
8.632272243499755859e+01 1.247339477539062500e+02 1.339240455627441406e+01 1.927182006835937500e+01
8.658849239349365234e+01 1.247889194488525391e+02 1.292862129211425781e+01 1.940103530883789062e+01
8.727036809921264648e+01 1.255454778671264648e+02 1.354006671905517578e+01 1.893944740295410156e+01
8.642101144790649414e+01 1.252092466354370117e+02 1.475772380828857422e+01 1.834759330749511719e+01
8.798143005371093750e+01 1.250464849472045898e+02 1.369655609130859375e+01 1.968829154968261719e+01
8.831698560714721680e+01 1.249669179916381836e+02 1.418746280670166016e+01 1.954025840759277344e+01
8.906591606140136719e+01 1.249134387969970703e+02 1.417742538452148438e+01 2.011090087890625000e+01
9.012387800216674805e+01 1.242424945831298828e+02 1.358339786529541016e+01 2.085666656494140625e+01
8.982581281661987305e+01 1.249675302505493164e+02 1.453868198394775391e+01 1.928381538391113281e+01
9.030164289474487305e+01 1.251337051391601562e+02 1.402668857574462891e+01 1.978662490844726562e+01
9.069035291671752930e+01 1.246867828369140625e+02 1.485680484771728516e+01 1.965214157104492188e+01
9.167398118972778320e+01 1.241398248672485352e+02 1.382928371429443359e+01 2.096045875549316406e+01
9.233213853836059570e+01 1.245076894760131836e+02 1.426081752777099609e+01 2.054422569274902344e+01
9.304251241683959961e+01 1.244178781509399414e+02 1.406223773956298828e+01 2.106828498840332031e+01
9.256589889526367188e+01 1.250388088226318359e+02 1.508319091796875000e+01 2.011925506591796875e+01
9.368810224533081055e+01 1.249061450958251953e+02 1.518722629547119141e+01 2.028078460693359375e+01
9.407327270507812500e+01 1.239064369201660156e+02 1.523128509521484375e+01 2.064728927612304688e+01
9.561471271514892578e+01 1.242207183837890625e+02 1.469356346130371094e+01 2.071455001831054688e+01
9.573666238784790039e+01 1.239938468933105469e+02 1.486976909637451172e+01 2.066747665405273438e+01
9.587432670593261719e+01 1.243747682571411133e+02 1.536332321166992188e+01 2.043921089172363281e+01
9.664578294754028320e+01 1.244839897155761719e+02 1.547349452972412109e+01 2.096867752075195312e+01
9.735791444778442383e+01 1.245088777542114258e+02 1.534679317474365234e+01 2.172605323791503906e+01
9.801890993118286133e+01 1.246654558181762695e+02 1.578221035003662109e+01 2.161672401428222656e+01
9.804008865356445312e+01 1.244225206375122070e+02 1.586718750000000000e+01 2.200084114074707031e+01
9.913981819152832031e+01 1.246852598190307617e+02 1.641762161254882812e+01 2.097436332702636719e+01
9.966593647003173828e+01 1.243818082809448242e+02 1.627150535583496094e+01 2.130251884460449219e+01
1.007085409164428711e+02 1.243682088851928711e+02 1.649024391174316406e+01 2.119351005554199219e+01
1.015820293426513672e+02 1.252765073776245117e+02 1.645174789428710938e+01 2.116808128356933594e+01
1.023916397094726562e+02 1.248212757110595703e+02 1.615393829345703125e+01 2.226699829101562500e+01
1.027548990249633789e+02 1.247956275939941406e+02 1.690176200866699219e+01 2.175007247924804688e+01
1.021311454772949219e+02 1.246745243072509766e+02 1.765635681152343750e+01 2.173024749755859375e+01
1.046699256896972656e+02 1.240734720230102539e+02 1.622377014160156250e+01 2.297718238830566406e+01
1.040098962783813477e+02 1.246667594909667969e+02 1.716992759704589844e+01 2.145405197143554688e+01
1.058815898895263672e+02 1.243854799270629883e+02 1.635144424438476562e+01 2.255579566955566406e+01
1.053976564407348633e+02 1.251358003616333008e+02 1.721594810485839844e+01 2.155744361877441406e+01
1.065843439102172852e+02 1.251293201446533203e+02 1.757163047790527344e+01 2.159703063964843750e+01
1.079846820831298828e+02 1.254289112091064453e+02 1.754279708862304688e+01 2.120052337646484375e+01
1.081086730957031250e+02 1.251924676895141602e+02 1.774057769775390625e+01 2.156096839904785156e+01
1.097783041000366211e+02 1.253229312896728516e+02 1.827389717102050781e+01 2.232559204101562500e+01
1.102060127258300781e+02 1.235974740982055664e+02 1.875988769531250000e+01 2.414998817443847656e+01
1.104837408065795898e+02 1.245902910232543945e+02 1.850458717346191406e+01 2.292903327941894531e+01
1.116635437011718750e+02 1.237248849868774414e+02 1.892613220214843750e+01 2.366312599182128906e+01
1.133061189651489258e+02 1.230790805816650391e+02 1.741254997253417969e+01 2.505126953125000000e+01
1.139238567352294922e+02 1.242001657485961914e+02 1.826810836791992188e+01 2.316218757629394531e+01
1.143414506912231445e+02 1.251479196548461914e+02 1.811599540710449219e+01 2.299655342102050781e+01
1.157233161926269531e+02 1.253158397674560547e+02 1.921474456787109375e+01 2.262368774414062500e+01
1.155042238235473633e+02 1.246499519348144531e+02 2.026659202575683594e+01 2.337623214721679688e+01
1.167365694046020508e+02 1.245664825439453125e+02 1.967679405212402344e+01 2.421426773071289062e+01
1.170014457702636719e+02 1.241522121429443359e+02 2.085628509521484375e+01 2.427418518066406250e+01
1.197322053909301758e+02 1.241814947128295898e+02 1.837618827819824219e+01 2.517829704284667969e+01
1.206822891235351562e+02 1.251725082397460938e+02 1.957115173339843750e+01 2.375843429565429688e+01
1.194674549102783203e+02 1.247604274749755859e+02 2.148840713500976562e+01 2.356373596191406250e+01
1.216458044052124023e+02 1.237749719619750977e+02 1.973311042785644531e+01 2.591796302795410156e+01
1.226731595993041992e+02 1.246623029708862305e+02 2.041577339172363281e+01 2.491635704040527344e+01
1.240453805923461914e+02 1.240407171249389648e+02 2.102377891540527344e+01 2.522437095642089844e+01
1.250682458877563477e+02 1.240844097137451172e+02 2.015849876403808594e+01 2.539100646972656250e+01
1.259678087234497070e+02 1.233909368515014648e+02 2.069215965270996094e+01 2.626753807067871094e+01
1.274206190109252930e+02 1.232287082672119141e+02 2.061023139953613281e+01 2.651873016357421875e+01
1.296402978897094727e+02 1.244659118652343750e+02 1.843024253845214844e+01 2.586802291870117188e+01
1.304171895980834961e+02 1.234849901199340820e+02 1.855411720275878906e+01 2.718895149230957031e+01
1.313407669067382812e+02 1.224307289123535156e+02 1.926634979248046875e+01 2.855899429321289062e+01
1.314823465347290039e+02 1.224620552062988281e+02 2.114221000671386719e+01 2.785556411743164062e+01
1.341355705261230469e+02 1.247466163635253906e+02 1.944501495361328125e+01 2.573370742797851562e+01
1.335279645919799805e+02 1.226275177001953125e+02 2.239638710021972656e+01 2.732043075561523438e+01
1.359846067428588867e+02 1.243757915496826172e+02 2.088659858703613281e+01 2.612580871582031250e+01
1.383690786361694336e+02 1.242282199859619141e+02 2.000615882873535156e+01 2.752328491210937500e+01
1.376396389007568359e+02 1.242237663269042969e+02 2.255430984497070312e+01 2.678199386596679688e+01
1.401197643280029297e+02 1.233369827270507812e+02 2.108545303344726562e+01 2.832623672485351562e+01
1.394597740173339844e+02 1.226526937484741211e+02 2.221710205078125000e+01 2.797142601013183594e+01
1.416781902313232422e+02 1.228938875198364258e+02 2.168358993530273438e+01 2.810358619689941406e+01
1.448117599487304688e+02 1.246023797988891602e+02 2.019767761230468750e+01 2.761249732971191406e+01
1.448969125747680664e+02 1.241879262924194336e+02 2.240495872497558594e+01 2.722328758239746094e+01
1.454277420043945312e+02 1.238056068420410156e+02 2.130867004394531250e+01 2.868967056274414062e+01
1.443468399047851562e+02 1.244689216613769531e+02 2.584724426269531250e+01 2.691229629516601562e+01
1.482532081604003906e+02 1.231322040557861328e+02 2.410324096679687500e+01 2.950460052490234375e+01
1.494328775405883789e+02 1.251897697448730469e+02 2.409602165222167969e+01 2.718818283081054688e+01
1.500820808410644531e+02 1.247847862243652344e+02 2.570539855957031250e+01 2.807895278930664062e+01
1.509740419387817383e+02 1.232262201309204102e+02 2.635898399353027344e+01 3.005982398986816406e+01
1.540091838836669922e+02 1.210266513824462891e+02 2.428690719604492188e+01 3.276434326171875000e+01
1.542710046768188477e+02 1.238456668853759766e+02 2.650527000427246094e+01 2.912134552001953125e+01
1.560414505004882812e+02 1.240335369110107422e+02 2.600251770019531250e+01 2.981826782226562500e+01
1.559086093902587891e+02 1.239806985855102539e+02 2.962394332885742188e+01 3.006238746643066406e+01
1.583656320571899414e+02 1.236940631866455078e+02 2.753014183044433594e+01 3.212590026855468750e+01
1.590534667968750000e+02 1.232975177764892578e+02 2.969617462158203125e+01 3.233686828613281250e+01
1.627219228744506836e+02 1.237093982696533203e+02 2.718595314025878906e+01 3.314643859863281250e+01
1.631949119567871094e+02 1.219529895782470703e+02 2.955418395996093750e+01 3.389120483398437500e+01
1.670294790267944336e+02 1.237985477447509766e+02 2.685869789123535156e+01 3.281025695800781250e+01
1.648409481048583984e+02 1.212077159881591797e+02 3.104403305053710938e+01 3.484770202636718750e+01
1.686000032424926758e+02 1.221473293304443359e+02 2.957165336608886719e+01 3.503450012207031250e+01
1.701333551406860352e+02 1.220338096618652344e+02 3.019631004333496094e+01 3.506544876098632812e+01
1.713353786468505859e+02 1.240046367645263672e+02 3.081122970581054688e+01 3.486322021484375000e+01
1.738689203262329102e+02 1.223948230743408203e+02 3.097646141052246094e+01 3.652439117431640625e+01
1.743933715820312500e+02 1.214354648590087891e+02 3.305335235595703125e+01 3.655591583251953125e+01
1.746885204315185547e+02 1.210799980163574219e+02 3.412505722045898438e+01 3.826720046997070312e+01
1.782414398193359375e+02 1.205552902221679688e+02 3.365650177001953125e+01 3.803107833862304688e+01
1.814514865875244141e+02 1.218484058380126953e+02 3.226715469360351562e+01 3.889246368408203125e+01
1.824418182373046875e+02 1.207033119201660156e+02 3.429064178466796875e+01 4.090796279907226562e+01
1.847916316986083984e+02 1.206892299652099609e+02 3.386391830444335938e+01 4.046984863281250000e+01
1.870127601623535156e+02 1.220096988677978516e+02 3.493798828125000000e+01 4.122278594970703125e+01
1.898617687225341797e+02 1.205812435150146484e+02 3.578368759155273438e+01 4.024148559570312500e+01
1.879591121673583984e+02 1.202212619781494141e+02 3.996346664428710938e+01 4.223484039306640625e+01
1.903419437408447266e+02 1.208185615539550781e+02 4.042583084106445312e+01 4.154578018188476562e+01
1.927007942199707031e+02 1.200030460357666016e+02 4.000437927246093750e+01 4.193108367919921875e+01
1.958142223358154297e+02 1.205111045837402344e+02 4.005482101440429688e+01 4.359939956665039062e+01
1.978036346435546875e+02 1.205148696899414062e+02 4.120536041259765625e+01 4.328620529174804688e+01
2.002067222595214844e+02 1.204127960205078125e+02 4.254670715332031250e+01 4.268883895874023438e+01
2.014776306152343750e+02 1.212390136718750000e+02 4.382205963134765625e+01 4.424889755249023438e+01
2.026037883758544922e+02 1.202627677917480469e+02 4.584212875366210938e+01 4.497288894653320312e+01
2.059072837829589844e+02 1.197532558441162109e+02 4.429461669921875000e+01 4.603044128417968750e+01
2.092443389892578125e+02 1.201530933380126953e+02 4.377846527099609375e+01 4.647682952880859375e+01
2.137816505432128906e+02 1.186118507385253906e+02 4.244325256347656250e+01 4.689128494262695312e+01
2.136095142364501953e+02 1.186581783294677734e+02 4.648906326293945312e+01 4.888162231445312500e+01
2.193552436828613281e+02 1.195518321990966797e+02 4.448979187011718750e+01 4.833920288085937500e+01
2.229323997497558594e+02 1.186877593994140625e+02 4.367753601074218750e+01 4.801871871948242188e+01
2.195169067382812500e+02 1.201647758483886719e+02 5.121598052978515625e+01 4.973376846313476562e+01
2.296321296691894531e+02 1.194536495208740234e+02 4.615158081054687500e+01 4.960850524902343750e+01
2.251685771942138672e+02 1.186349582672119141e+02 5.313621139526367188e+01 5.219870758056640625e+01
2.303318729400634766e+02 1.198649406433105469e+02 5.212746047973632812e+01 5.018313980102539062e+01
2.369951553344726562e+02 1.202020950317382812e+02 4.848998260498046875e+01 5.115638351440429688e+01
2.406508560180664062e+02 1.182601871490478516e+02 5.027730560302734375e+01 5.284983062744140625e+01
2.397836170196533203e+02 1.190304336547851562e+02 5.413405227661132812e+01 5.333938217163085938e+01
2.474853343963623047e+02 1.184978389739990234e+02 5.046686935424804688e+01 5.420053100585937500e+01
2.438015193939208984e+02 1.166439075469970703e+02 5.878820419311523438e+01 5.658409881591796875e+01
2.476982517242431641e+02 1.175978622436523438e+02 5.949094009399414062e+01 5.797603988647460938e+01
2.493208599090576172e+02 1.163999061584472656e+02 6.143728256225585938e+01 6.029860305786132812e+01
2.533569755554199219e+02 1.176351833343505859e+02 6.166421508789062500e+01 5.830131530761718750e+01
2.552406330108642578e+02 1.162023010253906250e+02 6.362373733520507812e+01 5.980360031127929688e+01
2.583840217590332031e+02 1.177265186309814453e+02 6.539250183105468750e+01 5.936249542236328125e+01
2.640706367492675781e+02 1.182758159637451172e+02 6.509495544433593750e+01 5.897532653808593750e+01
2.656591033935546875e+02 1.152829799652099609e+02 6.818616485595703125e+01 6.427644348144531250e+01
2.690047149658203125e+02 1.162298088073730469e+02 7.031769561767578125e+01 6.021487808227539062e+01
2.712052078247070312e+02 1.156739521026611328e+02 7.118447113037109375e+01 6.171956634521484375e+01
2.761426658630371094e+02 1.164860515594482422e+02 7.411988830566406250e+01 6.412713623046875000e+01
2.799723014831542969e+02 1.150247936248779297e+02 7.617716979980468750e+01 6.688842773437500000e+01
2.845751533508300781e+02 1.147498989105224609e+02 7.619561767578125000e+01 6.825627136230468750e+01
2.879623451232910156e+02 1.152364101409912109e+02 7.886929321289062500e+01 7.146919250488281250e+01
2.924154357910156250e+02 1.153581295013427734e+02 8.012143707275390625e+01 7.157023620605468750e+01
2.974303512573242188e+02 1.141756763458251953e+02 8.106844329833984375e+01 7.127654266357421875e+01
3.020630607604980469e+02 1.153823909759521484e+02 8.264292907714843750e+01 7.370564270019531250e+01
3.069472770690917969e+02 1.139618206024169922e+02 8.516319274902343750e+01 7.331973266601562500e+01
3.105818519592285156e+02 1.144342594146728516e+02 8.778582763671875000e+01 7.706134796142578125e+01
3.165209617614746094e+02 1.144525737762451172e+02 8.899412536621093750e+01 7.636889648437500000e+01
3.210373687744140625e+02 1.136877269744873047e+02 9.206980133056640625e+01 7.784353637695312500e+01
3.250576782226562500e+02 1.128496074676513672e+02 9.462680816650390625e+01 7.933087158203125000e+01
3.312925682067871094e+02 1.123544101715087891e+02 9.622294616699218750e+01 8.176984405517578125e+01
3.370420112609863281e+02 1.124287509918212891e+02 9.868402099609375000e+01 8.141211700439453125e+01
3.419213523864746094e+02 1.122703647613525391e+02 1.024217071533203125e+02 8.375095367431640625e+01
3.480789108276367188e+02 1.120355587005615234e+02 1.053643112182617188e+02 8.455296325683593750e+01
3.534758415222167969e+02 1.127452335357666016e+02 1.088477935791015625e+02 8.673664093017578125e+01
3.599408149719238281e+02 1.117628650665283203e+02 1.123421325683593750e+02 8.793276214599609375e+01
3.661085662841796875e+02 1.122281360626220703e+02 1.145416030883789062e+02 8.918920135498046875e+01
3.702856788635253906e+02 1.115864429473876953e+02 1.170524291992187500e+02 9.089421844482421875e+01
3.782071533203125000e+02 1.091653842926025391e+02 1.109728469848632812e+02 9.034693145751953125e+01
3.805722122192382812e+02 1.109080181121826172e+02 9.886623382568359375e+01 8.697839355468750000e+01
3.873542098999023438e+02 1.099150295257568359e+02 1.020401535034179688e+02 8.966139221191406250e+01
3.932418937683105469e+02 1.098508358001708984e+02 9.266218566894531250e+01 9.406861877441406250e+01
3.995621337890625000e+02 1.103050212860107422e+02 8.852881622314453125e+01 9.419812011718750000e+01
