4.000000000000000000e+01 1.450000000000000000e+02 6.600000000000000000e+01 1.020000000000000000e+02
4.835630416870117188e+01 1.446138343811035156e+02 6.842337799072265625e+01 1.002219772338867188e+02
6.490458679199218750e+01 1.465343208312988281e+02 6.208242797851562500e+01 9.842412567138671875e+01
8.283681869506835938e+01 1.483319969177246094e+02 5.881946563720703125e+01 9.682743072509765625e+01
9.492047119140625000e+01 1.487987518310546875e+02 5.618041992187500000e+01 9.516345214843750000e+01
1.056647987365722656e+02 1.509287681579589844e+02 5.529244232177734375e+01 9.281772613525390625e+01
1.179361629486083984e+02 1.509388809204101562e+02 5.227983474731445312e+01 9.215965270996093750e+01
1.282470226287841797e+02 1.523272438049316406e+02 5.099106216430664062e+01 8.842467498779296875e+01
1.366448688507080078e+02 1.538575248718261719e+02 5.119970321655273438e+01 8.548545074462890625e+01
1.441695461273193359e+02 1.549989318847656250e+02 5.102952957153320312e+01 8.067337036132812500e+01
1.526628246307373047e+02 1.556932029724121094e+02 5.051562881469726562e+01 8.144785308837890625e+01
1.596118888854980469e+02 1.554080772399902344e+02 4.869089508056640625e+01 8.202948760986328125e+01
1.682352199554443359e+02 1.564491844177246094e+02 4.503248977661132812e+01 8.320557403564453125e+01
1.759043540954589844e+02 1.560227394104003906e+02 4.274796295166015625e+01 8.116947174072265625e+01
1.819182910919189453e+02 1.573546752929687500e+02 4.252781295776367188e+01 7.924815368652343750e+01
1.895285587310791016e+02 1.590026359558105469e+02 4.180855941772460938e+01 7.474909210205078125e+01
1.956124858856201172e+02 1.595465774536132812e+02 4.024817276000976562e+01 7.572836303710937500e+01
2.009030151367187500e+02 1.592031517028808594e+02 3.879246520996093750e+01 6.631417083740234375e+01
2.044432487487792969e+02 1.600700607299804688e+02 3.828376007080078125e+01 6.611997985839843750e+01
2.111117172241210938e+02 1.609463310241699219e+02 3.677384948730468750e+01 6.307854461669921875e+01
2.160801639556884766e+02 1.612440872192382812e+02 3.586996078491210938e+01 6.351898193359375000e+01
2.205513229370117188e+02 1.608729972839355469e+02 3.447250366210937500e+01 6.113776397705078125e+01
2.256774616241455078e+02 1.624211139678955078e+02 3.321944808959960938e+01 6.090018844604492188e+01
2.304428997039794922e+02 1.611170520782470703e+02 3.238060379028320312e+01 5.999627304077148438e+01
2.333890266418457031e+02 1.615115203857421875e+02 3.262099456787109375e+01 5.892004394531250000e+01
2.369361457824707031e+02 1.628010311126708984e+02 3.204988861083984375e+01 5.762729263305664062e+01
2.419719924926757812e+02 1.627192268371582031e+02 3.075331115722656250e+01 5.604874420166015625e+01
2.454158296585083008e+02 1.627537117004394531e+02 3.084819602966308594e+01 5.516887664794921875e+01
2.486838445663452148e+02 1.638017826080322266e+02 3.040558052062988281e+01 5.310651779174804688e+01
2.532514438629150391e+02 1.636655941009521484e+02 2.908800888061523438e+01 5.213754653930664062e+01
2.551512126922607422e+02 1.642380790710449219e+02 2.811491775512695312e+01 5.088721466064453125e+01
2.606483116149902344e+02 1.648267593383789062e+02 2.710829925537109375e+01 4.907710266113281250e+01
2.626104640960693359e+02 1.658814601898193359e+02 2.747417068481445312e+01 4.774469375610351562e+01
2.653468732833862305e+02 1.654033164978027344e+02 2.689612770080566406e+01 4.761334991455078125e+01
2.693414821624755859e+02 1.662168083190917969e+02 2.608299636840820312e+01 4.581987762451171875e+01
2.713718357086181641e+02 1.657613182067871094e+02 2.614211654663085938e+01 4.552443695068359375e+01
2.749084806442260742e+02 1.662971725463867188e+02 2.601236915588378906e+01 4.419802856445312500e+01
2.759994316101074219e+02 1.672603073120117188e+02 2.543735504150390625e+01 4.453219604492187500e+01
2.790559825897216797e+02 1.657365512847900391e+02 2.493994522094726562e+01 4.469106674194335938e+01
2.812274103164672852e+02 1.672925777435302734e+02 2.430854606628417969e+01 4.123569107055664062e+01
2.834786815643310547e+02 1.684921836853027344e+02 2.382568740844726562e+01 4.144223785400390625e+01
2.855642690658569336e+02 1.677715053558349609e+02 2.376912117004394531e+01 4.106170272827148438e+01
2.883948259353637695e+02 1.680575313568115234e+02 2.270133018493652344e+01 3.862595748901367188e+01
2.900771484375000000e+02 1.685240135192871094e+02 2.264193725585937500e+01 3.943670654296875000e+01
2.916477651596069336e+02 1.688938064575195312e+02 2.293374824523925781e+01 3.906196594238281250e+01
2.944163055419921875e+02 1.687548713684082031e+02 2.176356506347656250e+01 3.908926391601562500e+01
2.955793104171752930e+02 1.691163520812988281e+02 2.168783760070800781e+01 3.852635955810546875e+01
2.976488847732543945e+02 1.696979446411132812e+02 2.178550529479980469e+01 3.765261077880859375e+01
2.988812341690063477e+02 1.692438621520996094e+02 2.118099784851074219e+01 3.777125549316406250e+01
3.015922260284423828e+02 1.698466224670410156e+02 2.055556869506835938e+01 3.615811920166015625e+01
3.027884035110473633e+02 1.695375576019287109e+02 1.986804008483886719e+01 3.606106948852539062e+01
3.049003696441650391e+02 1.692961196899414062e+02 1.948266983032226562e+01 3.636957550048828125e+01
3.072196674346923828e+02 1.696825542449951172e+02 1.907762527465820312e+01 3.581894302368164062e+01
3.089071264266967773e+02 1.700753669738769531e+02 1.872758674621582031e+01 3.544827270507812500e+01
3.103339719772338867e+02 1.697839908599853516e+02 1.861277961730957031e+01 3.428171920776367188e+01
3.110868120193481445e+02 1.703969631195068359e+02 1.869315147399902344e+01 3.411623764038085938e+01
3.133631753921508789e+02 1.706697254180908203e+02 1.869400596618652344e+01 3.432738876342773438e+01
3.137083272933959961e+02 1.699127388000488281e+02 1.808757972717285156e+01 3.279183959960937500e+01
3.161224431991577148e+02 1.713085823059082031e+02 1.782097053527832031e+01 3.272364044189453125e+01
3.162524566650390625e+02 1.710899715423583984e+02 1.749803924560546875e+01 3.171078872680664062e+01
3.181317586898803711e+02 1.714523639678955078e+02 1.716393470764160156e+01 3.181097030639648438e+01
3.195507040023803711e+02 1.708391962051391602e+02 1.678480720520019531e+01 3.153877830505371094e+01
3.219190769195556641e+02 1.704566841125488281e+02 1.676733779907226562e+01 3.208245849609375000e+01
3.220684242248535156e+02 1.707812690734863281e+02 1.608385467529296875e+01 3.017306518554687500e+01
3.230019764900207520e+02 1.717157554626464844e+02 1.564697933197021484e+01 3.022956848144531250e+01
3.245701775550842285e+02 1.710733537673950195e+02 1.595600414276123047e+01 3.109282493591308594e+01
3.239186997413635254e+02 1.704729967117309570e+02 1.576745128631591797e+01 3.010033226013183594e+01
3.262358798980712891e+02 1.706663656234741211e+02 1.557305526733398438e+01 2.973652839660644531e+01
3.273409595489501953e+02 1.723945465087890625e+02 1.541365432739257812e+01 2.877040863037109375e+01
3.278884930610656738e+02 1.721965847015380859e+02 1.533067989349365234e+01 2.878239822387695312e+01
3.297587389945983887e+02 1.722943067550659180e+02 1.522136783599853516e+01 2.836564826965332031e+01
3.308679375648498535e+02 1.725583467483520508e+02 1.513626384735107422e+01 2.900366783142089844e+01
3.311967301368713379e+02 1.719554386138916016e+02 1.506368541717529297e+01 2.826461410522460938e+01
3.319687094688415527e+02 1.717255706787109375e+02 1.547367572784423828e+01 2.804051971435546875e+01
3.325766887664794922e+02 1.724509153366088867e+02 1.501348495483398438e+01 2.716088294982910156e+01
3.334566578865051270e+02 1.720640926361083984e+02 1.505222225189208984e+01 2.646271896362304688e+01
3.355821557044982910e+02 1.732947797775268555e+02 1.456138134002685547e+01 2.731477546691894531e+01
3.337558555603027344e+02 1.723074827194213867e+02 1.582213592529296875e+01 2.633690071105957031e+01
3.364564948081970215e+02 1.736005077362060547e+02 1.447582721710205078e+01 2.591462326049804688e+01
3.357903971672058105e+02 1.725279350280761719e+02 1.530519199371337891e+01 2.544609069824218750e+01
3.380873694419860840e+02 1.731449766159057617e+02 1.451469898223876953e+01 2.533968544006347656e+01
3.384900321960449219e+02 1.736832990646362305e+02 1.436844635009765625e+01 2.557501411437988281e+01
3.393201813697814941e+02 1.730008153915405273e+02 1.416234874725341797e+01 2.501356697082519531e+01
3.409338574409484863e+02 1.725372610092163086e+02 1.377455043792724609e+01 2.520655250549316406e+01
3.418293704986572266e+02 1.729550142288208008e+02 1.330684280395507812e+01 2.459845542907714844e+01
3.423466653823852539e+02 1.733184776306152344e+02 1.330364036560058594e+01 2.473423767089843750e+01
3.437787990570068359e+02 1.737137823104858398e+02 1.311790084838867188e+01 2.395126533508300781e+01
3.437163829803466797e+02 1.742422695159912109e+02 1.302305221557617188e+01 2.364490127563476562e+01
3.440792279243469238e+02 1.732410125732421875e+02 1.272920894622802734e+01 2.364227294921875000e+01
3.469107112884521484e+02 1.738884553909301758e+02 1.305726242065429688e+01 2.354376792907714844e+01
3.467089166641235352e+02 1.737526760101318359e+02 1.283863639831542969e+01 2.274871444702148438e+01
3.464115295410156250e+02 1.726012773513793945e+02 1.256349182128906250e+01 2.367924308776855469e+01
3.475249357223510742e+02 1.737323312759399414e+02 1.264414405822753906e+01 2.381229972839355469e+01
3.473403868675231934e+02 1.723202371597290039e+02 1.257263660430908203e+01 2.417416191101074219e+01
3.481255478858947754e+02 1.741202764511108398e+02 1.291242504119873047e+01 2.362332344055175781e+01
3.475331678390502930e+02 1.730757217407226562e+02 1.288552284240722656e+01 2.325357055664062500e+01
3.482406997680664062e+02 1.732623682022094727e+02 1.343070983886718750e+01 2.303799247741699219e+01
3.488120584487915039e+02 1.741467065811157227e+02 1.346489524841308594e+01 2.261472129821777344e+01
3.492486987113952637e+02 1.740560350418090820e+02 1.255135440826416016e+01 2.334558677673339844e+01
3.511970405578613281e+02 1.739031877517700195e+02 1.175669097900390625e+01 2.301975822448730469e+01
3.520035324096679688e+02 1.743687229156494141e+02 1.162329101562500000e+01 2.236850357055664062e+01
3.526867718696594238e+02 1.737678604125976562e+02 1.105422878265380859e+01 2.292078399658203125e+01
3.531242470741271973e+02 1.742067804336547852e+02 1.128023815155029297e+01 2.241525840759277344e+01
3.536086735725402832e+02 1.747464284896850586e+02 1.130866146087646484e+01 2.217975807189941406e+01
3.545082907676696777e+02 1.740656719207763672e+02 1.091914844512939453e+01 2.144392013549804688e+01
3.544925155639648438e+02 1.743762950897216797e+02 1.114912414550781250e+01 2.141396713256835938e+01
3.555536785125732422e+02 1.747409296035766602e+02 1.112389755249023438e+01 2.143958854675292969e+01
3.560049519538879395e+02 1.752935838699340820e+02 1.127384853363037109e+01 2.107808494567871094e+01
3.562166790962219238e+02 1.740614709854125977e+02 1.210852336883544922e+01 2.108242607116699219e+01
3.575179686546325684e+02 1.740760517120361328e+02 1.131035709381103516e+01 2.051413345336914062e+01
3.574571137428283691e+02 1.745358228683471680e+02 1.223725032806396484e+01 2.005652809143066406e+01
3.578823380470275879e+02 1.744720773696899414e+02 1.259342861175537109e+01 2.060365486145019531e+01
3.577169332504272461e+02 1.749303474426269531e+02 1.283747673034667969e+01 1.981100082397460938e+01
3.586807894706726074e+02 1.741694841384887695e+02 1.240185260772705078e+01 2.062166786193847656e+01
3.587796907424926758e+02 1.754356927871704102e+02 1.196663475036621094e+01 2.019783210754394531e+01
3.597248063087463379e+02 1.745934581756591797e+02 1.166263103485107422e+01 2.068439865112304688e+01
3.588919582366943359e+02 1.751286029815673828e+02 1.177606201171875000e+01 1.974674224853515625e+01
3.595740618705749512e+02 1.740808563232421875e+02 1.135018634796142578e+01 2.075591659545898438e+01
3.591874294281005859e+02 1.750154991149902344e+02 1.204901504516601562e+01 1.907637405395507812e+01
3.598156290054321289e+02 1.745377635955810547e+02 1.142815589904785156e+01 1.982875061035156250e+01
3.595431103706359863e+02 1.744031686782836914e+02 1.189058589935302734e+01 1.989365959167480469e+01
3.600850343704223633e+02 1.749031200408935547e+02 1.185782432556152344e+01 1.930532455444335938e+01
3.598008961677551270e+02 1.744207382202148438e+02 1.158534526824951172e+01 1.984522628784179688e+01
3.597665920257568359e+02 1.745618305206298828e+02 1.233600616455078125e+01 1.878802108764648438e+01
3.582942042350769043e+02 1.747801399230957031e+02 1.331461048126220703e+01 1.920854949951171875e+01
3.591303262710571289e+02 1.748056573867797852e+02 1.319871711730957031e+01 1.958056449890136719e+01
3.594077596664428711e+02 1.747281293869018555e+02 1.317082786560058594e+01 1.888272285461425781e+01
3.603154425621032715e+02 1.753196992874145508e+02 1.308211612701416016e+01 1.766210365295410156e+01
3.597077178955078125e+02 1.748563699722290039e+02 1.383904266357421875e+01 1.851132392883300781e+01
3.602801136970520020e+02 1.746150789260864258e+02 1.330636501312255859e+01 1.892635536193847656e+01
3.607962532043457031e+02 1.752470178604125977e+02 1.305314636230468750e+01 1.753434181213378906e+01
3.622605643272399902e+02 1.750261421203613281e+02 1.225525760650634766e+01 1.773664855957031250e+01
3.614166936874389648e+02 1.755889635086059570e+02 1.287937355041503906e+01 1.649265480041503906e+01
3.604070744514465332e+02 1.752546653747558594e+02 1.471634578704833984e+01 1.640238952636718750e+01
3.628041267395019531e+02 1.744118986129760742e+02 1.210919189453125000e+01 1.880761146545410156e+01
3.587531137466430664e+02 1.749150524139404297e+02 1.555586814880371094e+01 1.730006790161132812e+01
3.638022675514221191e+02 1.749988718032836914e+02 1.102057170867919922e+01 1.707839775085449219e+01
3.641813030242919922e+02 1.754705801010131836e+02 1.100986480712890625e+01 1.678714561462402344e+01
3.643906950950622559e+02 1.753478136062622070e+02 1.110504627227783203e+01 1.628237724304199219e+01
3.637931494712829590e+02 1.748815412521362305e+02 1.172746372222900391e+01 1.636125755310058594e+01
3.629415717124938965e+02 1.747125902175903320e+02 1.186996173858642578e+01 1.593171501159667969e+01
3.631164269447326660e+02 1.748530149459838867e+02 1.258051204681396484e+01 1.624319267272949219e+01
3.662398138046264648e+02 1.754056668281555176e+02 1.112519645690917969e+01 1.598057842254638672e+01
3.669381723403930664e+02 1.758784217834472656e+02 1.000000000000000000e+01 1.633575057983398438e+01
3.665106315612792969e+02 1.754452209472656250e+02 1.000000000000000000e+01 1.593104171752929688e+01
3.657205896377563477e+02 1.749860072135925293e+02 1.051321220397949219e+01 1.503314685821533203e+01
3.667848873138427734e+02 1.752213621139526367e+02 1.067462921142578125e+01 1.665398979187011719e+01
3.667910780906677246e+02 1.747152347564697266e+02 1.013388538360595703e+01 1.662706756591796875e+01
3.665561566352844238e+02 1.748609838485717773e+02 1.019849300384521484e+01 1.696460914611816406e+01
3.669248886108398438e+02 1.749467921257019043e+02 1.050561141967773438e+01 1.523218631744384766e+01
3.669530806541442871e+02 1.748884983062744141e+02 1.035788822174072266e+01 1.684018325805664062e+01
3.661758646965026855e+02 1.747835268974304199e+02 1.031284427642822266e+01 1.560001087188720703e+01
3.666222810745239258e+02 1.750624446868896484e+02 1.181945991516113281e+01 1.724560165405273438e+01
3.650689754486083984e+02 1.752745270729064941e+02 1.254280090332031250e+01 1.597227764129638672e+01
3.662375774383544922e+02 1.756595344543457031e+02 1.187255096435546875e+01 1.746906661987304688e+01
3.664766511917114258e+02 1.765312051773071289e+02 1.201366233825683594e+01 1.762819099426269531e+01
3.661174793243408203e+02 1.745055322647094727e+02 1.221148681640625000e+01 1.826448249816894531e+01
3.668237085342407227e+02 1.756013898849487305e+02 1.208620643615722656e+01 1.637264823913574219e+01
3.667095603942871094e+02 1.758031101226806641e+02 1.182062911987304688e+01 1.621816635131835938e+01
3.667137875556945801e+02 1.758858289718627930e+02 1.157355785369873047e+01 1.700568199157714844e+01
3.667414493560791016e+02 1.743175907135009766e+02 1.220337295532226562e+01 1.755956268310546875e+01
3.671394228935241699e+02 1.732119293212890625e+02 1.286106967926025391e+01 1.816736221313476562e+01
3.658395109176635742e+02 1.737442159652709961e+02 1.337542915344238281e+01 1.659951591491699219e+01
3.656789145469665527e+02 1.739399290084838867e+02 1.386685657501220703e+01 1.556754875183105469e+01
3.660499897003173828e+02 1.741893539428710938e+02 1.325994491577148438e+01 1.752366638183593750e+01
3.656908435821533203e+02 1.720470781326293945e+02 1.436359405517578125e+01 1.915534400939941406e+01
3.652243919372558594e+02 1.733935413360595703e+02 1.481720352172851562e+01 1.755527496337890625e+01
3.662350530624389648e+02 1.714655494689941406e+02 1.424889183044433594e+01 1.860015869140625000e+01
3.649034252166748047e+02 1.719961481094360352e+02 1.507163238525390625e+01 2.045979118347167969e+01
3.643793334960937500e+02 1.720250911712646484e+02 1.616271591186523438e+01 1.912668991088867188e+01
3.637193841934204102e+02 1.731949453353881836e+02 1.610521125793457031e+01 1.938636207580566406e+01
3.648453612327575684e+02 1.736248235702514648e+02 1.576255893707275391e+01 1.817381477355957031e+01
3.654141936302185059e+02 1.730753030776977539e+02 1.503560733795166016e+01 1.874825096130371094e+01
3.655387492179870605e+02 1.730490140914916992e+02 1.523180103302001953e+01 1.873558235168457031e+01
3.648635206222534180e+02 1.735126342773437500e+02 1.653919029235839844e+01 1.808959197998046875e+01
3.655612301826477051e+02 1.733967428207397461e+02 1.573453044891357422e+01 1.776945686340332031e+01
3.655919966697692871e+02 1.735152482986450195e+02 1.537088108062744141e+01 1.661204338073730469e+01
3.650209531784057617e+02 1.743769369125366211e+02 1.595974540710449219e+01 1.718197822570800781e+01
3.646635546684265137e+02 1.733592061996459961e+02 1.554821491241455078e+01 1.753682136535644531e+01
3.637508687973022461e+02 1.726493463516235352e+02 1.711524009704589844e+01 1.821814537048339844e+01
3.625033187866210938e+02 1.717977056503295898e+02 1.818400955200195312e+01 2.032071113586425781e+01
3.572138843536376953e+02 1.742725763320922852e+02 2.426432037353515625e+01 2.088538932800292969e+01
3.562541475296020508e+02 1.732904300689697266e+02 2.673330116271972656e+01 2.124402236938476562e+01
3.407601947784423828e+02 1.740199623107910156e+02 3.626458740234375000e+01 2.241873168945312500e+01
