1.100000000000000000e+01 1.700000000000000000e+02 1.800000000000000000e+01 1.400000000000000000e+01
1.096760940551757812e+01 1.691753373146057129e+02 1.906500244140625000e+01 1.547535228729248047e+01
1.141836357116699219e+01 1.697236423492431641e+02 1.910031509399414062e+01 1.540700912475585938e+01
1.230421161651611328e+01 1.691854443550109863e+02 1.907394218444824219e+01 1.543514919281005859e+01
1.237899017333984375e+01 1.696952366828918457e+02 1.973358917236328125e+01 1.558383083343505859e+01
1.269185543060302734e+01 1.692885513305664062e+02 1.954012489318847656e+01 1.577430725097656250e+01
1.299667739868164062e+01 1.689807057380676270e+02 1.965889739990234375e+01 1.578406429290771484e+01
1.334812164306640625e+01 1.696983494758605957e+02 2.067050933837890625e+01 1.579849910736083984e+01
1.404243469238281250e+01 1.693544945716857910e+02 2.004795074462890625e+01 1.592277812957763672e+01
1.435143470764160156e+01 1.697408905029296875e+02 2.032134628295898438e+01 1.572381591796875000e+01
1.465549850463867188e+01 1.691492934226989746e+02 2.020761108398437500e+01 1.575397968292236328e+01
1.469746589660644531e+01 1.695573339462280273e+02 2.101176834106445312e+01 1.568242073059082031e+01
1.531642246246337891e+01 1.694460711479187012e+02 2.100719261169433594e+01 1.588590335845947266e+01
1.566430664062500000e+01 1.700866832733154297e+02 2.129270172119140625e+01 1.551292037963867188e+01
1.626586914062500000e+01 1.696799249649047852e+02 2.160651397705078125e+01 1.624219322204589844e+01
1.629293537139892578e+01 1.695061035156250000e+02 2.260598564147949219e+01 1.637953948974609375e+01
1.708727741241455078e+01 1.694317007064819336e+02 2.323523521423339844e+01 1.672268867492675781e+01
1.846201515197753906e+01 1.695079259872436523e+02 2.222228622436523438e+01 1.654176521301269531e+01
1.911961555480957031e+01 1.687843093872070312e+02 2.186392593383789062e+01 1.728933715820312500e+01
1.986947250366210938e+01 1.692256774902343750e+02 2.176705932617187500e+01 1.707604217529296875e+01
1.996849822998046875e+01 1.681520204544067383e+02 2.218564605712890625e+01 1.739407157897949219e+01
2.034309482574462891e+01 1.685345439910888672e+02 2.238391685485839844e+01 1.798160171508789062e+01
2.097615528106689453e+01 1.683230981826782227e+02 2.320670890808105469e+01 1.808815574645996094e+01
2.138337039947509766e+01 1.686024246215820312e+02 2.329641532897949219e+01 1.832667541503906250e+01
2.193070220947265625e+01 1.683895559310913086e+02 2.343121337890625000e+01 1.847376441955566406e+01
2.257791709899902344e+01 1.679880781173706055e+02 2.416881942749023438e+01 1.854067420959472656e+01
2.360132694244384766e+01 1.686291923522949219e+02 2.465709495544433594e+01 1.796533203125000000e+01
2.468167877197265625e+01 1.690321102142333984e+02 2.479232025146484375e+01 1.813781356811523438e+01
2.533465194702148438e+01 1.685149469375610352e+02 2.433505249023437500e+01 1.831463432312011719e+01
2.598057842254638672e+01 1.693503427505493164e+02 2.470190620422363281e+01 1.813076591491699219e+01
2.667974090576171875e+01 1.688436660766601562e+02 2.482386779785156250e+01 1.833128356933593750e+01
2.770094871520996094e+01 1.690364217758178711e+02 2.563217544555664062e+01 1.864106178283691406e+01
2.811090278625488281e+01 1.696014509201049805e+02 2.545933914184570312e+01 1.871010017395019531e+01
2.894941997528076172e+01 1.689087677001953125e+02 2.621888160705566406e+01 1.907545471191406250e+01
3.000557136535644531e+01 1.693440427780151367e+02 2.583906936645507812e+01 1.923166847229003906e+01
3.044689273834228516e+01 1.690551061630249023e+02 2.648631858825683594e+01 1.907824134826660156e+01
3.098610496520996094e+01 1.687691640853881836e+02 2.666605758666992188e+01 1.900846290588378906e+01
3.191836547851562500e+01 1.685217561721801758e+02 2.706298828125000000e+01 1.961655235290527344e+01
3.345154285430908914e+01 1.686833219528198242e+02 2.658090782165527344e+01 1.960088539123535156e+01
3.384550285339356179e+01 1.692252349853515625e+02 2.655228042602539062e+01 1.985754394531250000e+01
3.477758312225342507e+01 1.690352506637573242e+02 2.899996376037597656e+01 1.969819831848144531e+01
3.621627807617188211e+01 1.685091333389282227e+02 2.867254638671874289e+01 2.031300926208496094e+01
3.682886600494384766e+01 1.687683963775634766e+02 2.895835685729980469e+01 2.065806198120117188e+01
3.823516464233397727e+01 1.686160001754760742e+02 2.861051177978516336e+01 2.060492897033691406e+01
3.860247135162352805e+01 1.684424581527709961e+02 2.885030937194824929e+01 2.090345191955566406e+01
3.875693511962891336e+01 1.689790182113647461e+02 3.115239715576171164e+01 2.117734718322753906e+01
3.987352371215819602e+01 1.685556392669677734e+02 3.085828399658203836e+01 2.147623825073242188e+01
4.093132877349852805e+01 1.683030052185058594e+02 3.102699851989746804e+01 2.146634674072265625e+01
4.295215606689453125e+01 1.684432334899902344e+02 3.115493011474609375e+01 2.143480682373046875e+01
4.287802791595458984e+01 1.688188428878784180e+02 3.121737098693847656e+01 2.152309608459472656e+01
4.465832710266113281e+01 1.683418216705322266e+02 3.168429946899414062e+01 2.141762924194335938e+01
4.527370452880860086e+01 1.680849351882934570e+02 3.292105865478514914e+01 2.230792808532714844e+01
4.670196723937988281e+01 1.683167247772216797e+02 3.287044143676757812e+01 2.268519973754882812e+01
4.781048583984375000e+01 1.685758581161499023e+02 3.336976623535156250e+01 2.283345222473144531e+01
4.873243713378906250e+01 1.691646556854248047e+02 3.385469818115234375e+01 2.311010360717773438e+01
4.928604698181152344e+01 1.681396455764770508e+02 3.619974899291992188e+01 2.392247581481933594e+01
5.119757080078125000e+01 1.685856275558471680e+02 3.569697570800781250e+01 2.391565895080566406e+01
5.155280494689941406e+01 1.682918682098388672e+02 3.552149581909179688e+01 2.456109237670898438e+01
5.347139930725097656e+01 1.684517536163330078e+02 3.550145339965820312e+01 2.400336074829101562e+01
5.470547485351562500e+01 1.684191865921020508e+02 3.651589965820312500e+01 2.428372764587402344e+01
5.648865318298339844e+01 1.678287611007690430e+02 3.692531204223632812e+01 2.514652442932128906e+01
5.839505767822265625e+01 1.690109930038452148e+02 3.694327545166015625e+01 2.480862617492675781e+01
5.983016586303710938e+01 1.688288669586181641e+02 3.797381591796875000e+01 2.548501968383789062e+01
6.176987838745117188e+01 1.684867897033691406e+02 3.828474426269531250e+01 2.578350830078125000e+01
6.271870994567871094e+01 1.687379255294799805e+02 3.904769515991210938e+01 2.620834541320800781e+01
6.471155738830566406e+01 1.683569030761718750e+02 3.930688858032226562e+01 2.601692962646484375e+01
6.645251464843750000e+01 1.687021722793579102e+02 3.986994171142578125e+01 2.643810081481933594e+01
6.754671859741210938e+01 1.680893020629882812e+02 4.252789306640625000e+01 2.698697662353515625e+01
6.846384429931640625e+01 1.676699199676513672e+02 4.234717559814453125e+01 2.754433822631835938e+01
7.127688598632812500e+01 1.680553379058837891e+02 4.224123382568359375e+01 2.742531204223632812e+01
7.298591423034667969e+01 1.682301702499389648e+02 4.273821640014648438e+01 2.778421974182128906e+01
7.502906036376953125e+01 1.680423450469970703e+02 4.417765045166015625e+01 2.834537124633789062e+01
7.673756980895996094e+01 1.680846261978149414e+02 4.495417404174804688e+01 2.878555870056152344e+01
7.865215682983398438e+01 1.682505693435668945e+02 4.573794555664062500e+01 2.916541862487792969e+01
8.028403282165527344e+01 1.682485628128051758e+02 4.691186141967773438e+01 2.949741935729980469e+01
8.286970520019531250e+01 1.683049173355102539e+02 4.740148162841796875e+01 2.990651512145996094e+01
8.514771652221679688e+01 1.673900451660156250e+02 4.866221618652343750e+01 3.053275299072265625e+01
8.722781753540039062e+01 1.676541910171508789e+02 4.884016418457031250e+01 3.077989768981933594e+01
8.947314071655273438e+01 1.676775369644165039e+02 4.949009704589843750e+01 3.136397361755371094e+01
9.202156448364257812e+01 1.678905115127563477e+02 5.070854187011718750e+01 3.167677879333496094e+01
9.464303588867187500e+01 1.681458520889282227e+02 5.117958831787109375e+01 3.140372276306152344e+01
9.671160125732421875e+01 1.684071035385131836e+02 5.236090850830078125e+01 3.176943397521972656e+01
9.920468139648437500e+01 1.681165256500244141e+02 5.375814056396484375e+01 3.231326675415039062e+01
1.021893157958984375e+02 1.675346050262451172e+02 5.421970367431640625e+01 3.268836593627929688e+01
1.051767501831054688e+02 1.681608982086181641e+02 5.550049591064453125e+01 3.360599136352539062e+01
1.084753246307373047e+02 1.682939491271972656e+02 5.637618637084960938e+01 3.354362487792968750e+01
1.102725944519042969e+02 1.676441516876220703e+02 5.828903198242187500e+01 3.420366287231445312e+01
1.144770240783691406e+02 1.679844112396240234e+02 5.798423767089843750e+01 3.477357101440429688e+01
1.185922088623046875e+02 1.678713340759277344e+02 5.890047454833984375e+01 3.522232055664062500e+01
1.206783542633056641e+02 1.673449192047119141e+02 6.172323989868164062e+01 3.557619094848632812e+01
1.236932563781738281e+02 1.674743232727050781e+02 6.244444274902343750e+01 3.572344970703125000e+01
1.282413539886474609e+02 1.674247837066650391e+02 6.296149826049804688e+01 3.630365371704101562e+01
1.310855789184570312e+02 1.668917751312255859e+02 6.416910552978515625e+01 3.643040084838867188e+01
1.350775718688964844e+02 1.677111186981201172e+02 6.574989318847656250e+01 3.758593368530273438e+01
1.381684379577636719e+02 1.671049060821533203e+02 6.789239501953125000e+01 3.855685806274414062e+01
1.416503448486328125e+02 1.673526611328125000e+02 6.883045196533203125e+01 3.891819000244140625e+01
1.451546516418457031e+02 1.667036952972412109e+02 7.006199645996093750e+01 4.003927230834960938e+01
1.493871650695800781e+02 1.671254920959472656e+02 7.191902160644531250e+01 4.037408447265625000e+01
1.537565078735351562e+02 1.676217861175537109e+02 7.366429901123046875e+01 4.151404953002929688e+01
1.564432144165039062e+02 1.669116039276123047e+02 7.607453155517578125e+01 4.259695053100585938e+01
1.627396087646484375e+02 1.675261688232421875e+02 7.702553558349609375e+01 4.286969757080078125e+01
1.670417594909667969e+02 1.664678001403808594e+02 7.866047668457031250e+01 4.430635070800781250e+01
1.714711990356445312e+02 1.675233764648437500e+02 8.128340911865234375e+01 4.495908355712890625e+01
1.763482971191406250e+02 1.667536373138427734e+02 8.387171173095703125e+01 4.547941207885742188e+01
1.814191589355468750e+02 1.682134246826171875e+02 8.627341461181640625e+01 4.649127960205078125e+01
1.858231658935546875e+02 1.671196784973144531e+02 8.755008697509765625e+01 4.699792480468750000e+01
1.925920562744140625e+02 1.662021045684814453e+02 9.031967926025390625e+01 4.922668838500976562e+01
1.972999687194824219e+02 1.669585723876953125e+02 9.301698303222656250e+01 4.978363800048828125e+01
2.022250938415527344e+02 1.662452259063720703e+02 9.663337707519531250e+01 5.104443740844726562e+01
2.087000427246093750e+02 1.654741897583007812e+02 9.973682403564453125e+01 5.350975799560546875e+01
2.146986885070800781e+02 1.655492057800292969e+02 1.021306762695312500e+02 5.426960754394531250e+01
2.222292594909667969e+02 1.658684310913085938e+02 1.034634246826171875e+02 5.439531707763671875e+01
2.302864608764648438e+02 1.653249816894531250e+02 1.061024093627929688e+02 5.592584991455078125e+01
2.356231384277343750e+02 1.672814579010009766e+02 1.111096267700195312e+02 5.651182937622070312e+01
2.422023277282714844e+02 1.660599308013916016e+02 1.139384918212890625e+02 5.897786331176757812e+01
2.503557968139648438e+02 1.658371524810791016e+02 1.212230453491210938e+02 5.886305618286132812e+01
2.585702133178710938e+02 1.677900619506835938e+02 1.219050827026367188e+02 6.011736297607421875e+01
3.520267143249511719e+02 1.645367851257324219e+02 1.002114410400390625e+02 5.645668029785156250e+01
3.509587860107421875e+02 1.649201297760009766e+02 9.082303619384765625e+01 5.287053298950195312e+01
3.497460327148437500e+02 1.668984336853027344e+02 8.084064483642578125e+01 4.854649353027343750e+01
3.063516731262207031e+02 1.687458782196044922e+02 1.264076843261718750e+02 5.281422042846679688e+01
3.013179588317871094e+02 1.664958992004394531e+02 1.456118011474609375e+02 6.598202514648437500e+01
3.111812934875488281e+02 1.658458328247070597e+02 1.553283996582031250e+02 7.387609100341796875e+01
2.937995872497558594e+02 1.645949172973633097e+02 1.645712127685546875e+02 7.893102264404296875e+01
3.022925300598144531e+02 1.649176330566406534e+02 1.714386291503906250e+02 8.112412261962890625e+01
2.372657127380371094e+02 1.591907691955566690e+02 2.217870635986328125e+02 9.324139404296875000e+01
2.555938148498535156e+02 1.568353385925293253e+02 2.374042358398437500e+02 9.783555603027343750e+01
