8.600000000000000000e+01 1.750000000000000000e+02 2.000000000000000000e+01 1.000000000000000000e+01
8.757800388336181641e+01 1.734240942001342773e+02 1.777305793762207031e+01 1.213327598571777344e+01
8.835743522644042969e+01 1.736230034828186035e+02 1.766656112670898438e+01 1.220367336273193359e+01
8.916325664520263672e+01 1.736432051658630371e+02 1.623758888244628906e+01 1.244712162017822266e+01
8.881716060638427734e+01 1.738789486885070801e+02 1.674068641662597656e+01 1.237631893157958984e+01
9.044636726379394531e+01 1.736820464134216309e+02 1.614824676513671875e+01 1.235313892364501953e+01
9.058677768707275391e+01 1.736025485992431641e+02 1.593028450012207031e+01 1.263684082031250000e+01
9.104003190994262695e+01 1.738261880874633789e+02 1.589882183074951172e+01 1.257891654968261719e+01
9.215469360351562500e+01 1.728172807693481445e+02 1.600844192504882812e+01 1.275094795227050781e+01
9.179356670379638672e+01 1.729729828834533691e+02 1.661347389221191406e+01 1.282956981658935547e+01
9.184822273254394531e+01 1.735076265335083008e+02 1.650091934204101562e+01 1.233040046691894531e+01
9.300418090820312500e+01 1.729616427421569824e+02 1.664505767822265625e+01 1.275615787506103516e+01
9.300966548919677734e+01 1.731262989044189453e+02 1.677237892150878906e+01 1.264457702636718750e+01
9.312653827667236328e+01 1.732427487373352051e+02 1.721872901916503906e+01 1.264372158050537109e+01
9.423855495452880859e+01 1.727194566726684570e+02 1.683925819396972656e+01 1.319809532165527344e+01
9.463056755065917969e+01 1.729877257347106934e+02 1.647842407226562500e+01 1.294934940338134766e+01
9.541105747222900391e+01 1.730491299629211426e+02 1.681684303283691406e+01 1.281203746795654297e+01
9.616337585449218750e+01 1.726098823547363281e+02 1.678134536743164062e+01 1.307382583618164062e+01
9.507022857666015625e+01 1.729104676246643066e+02 1.770366287231445312e+01 1.267906093597412109e+01
9.690225410461425781e+01 1.730550961494445801e+02 1.669710540771484375e+01 1.296829891204833984e+01
9.719626903533935547e+01 1.730930643081665039e+02 1.790799522399902344e+01 1.266191673278808594e+01
9.863394927978515625e+01 1.723051848411560059e+02 1.748636627197265625e+01 1.365137577056884766e+01
9.914579296112060547e+01 1.728105721473693848e+02 1.790405082702636719e+01 1.342085170745849609e+01
9.921833992004394531e+01 1.720210900306701660e+02 1.781931304931640625e+01 1.419330501556396484e+01
1.003903446197509766e+02 1.721223754882812500e+02 1.861019134521484375e+01 1.434137344360351562e+01
1.005584163665771484e+02 1.723296823501586914e+02 1.828319549560546875e+01 1.405690956115722656e+01
1.012119331359863281e+02 1.719529552459716797e+02 2.015198135375976562e+01 1.414821624755859375e+01
1.017404928207397461e+02 1.720699267387390137e+02 2.087840080261230469e+01 1.440961170196533203e+01
1.021407260894775391e+02 1.723369326591491699e+02 2.203417205810546875e+01 1.459714221954345703e+01
1.013001508712768555e+02 1.721324629783630371e+02 2.225806236267089844e+01 1.469091892242431641e+01
1.010661945343017578e+02 1.726409358978271484e+02 2.374085235595703125e+01 1.517005157470703125e+01
1.015245399475097656e+02 1.732248978614807129e+02 2.395830917358398438e+01 1.489887142181396484e+01
1.001366024017333984e+02 1.723517608642578125e+02 2.592153167724609375e+01 1.616399765014648438e+01
1.016740417480468750e+02 1.720813398361206055e+02 2.609973526000976562e+01 1.783458518981933594e+01
1.019385747909545898e+02 1.721730766296386719e+02 2.886950492858886719e+01 1.716295242309570312e+01
1.021722087860107422e+02 1.716121320724487305e+02 2.995531463623046875e+01 1.775161552429199219e+01
1.094418811798095703e+02 1.675926504135131836e+02 2.449804687500000000e+01 2.283142662048339844e+01
1.085879697799682617e+02 1.678023176193237305e+02 2.504388236999511719e+01 2.138777732849121094e+01
1.094588861465454102e+02 1.682335300445556641e+02 2.370010566711425781e+01 2.283828735351562500e+01
1.105294122695922852e+02 1.676862993240356445e+02 2.452259254455566406e+01 2.240091896057128906e+01
1.104671211242675781e+02 1.679280138015747070e+02 2.544238662719726562e+01 2.343666267395019531e+01
1.116083383560180664e+02 1.678368673324584961e+02 2.569577217102050781e+01 2.359039878845214844e+01
1.125535326004028320e+02 1.684217557907104492e+02 2.548559761047363281e+01 2.309833335876464844e+01
1.135121650695800781e+02 1.684765291213989258e+02 2.583983230590820312e+01 2.242893409729003906e+01
1.140566635131835938e+02 1.695157527923583984e+02 2.527476882934570312e+01 2.232357788085937500e+01
1.143067359924316406e+02 1.702444343566894531e+02 2.615143966674804688e+01 2.038467788696289062e+01
1.155576963424682617e+02 1.692549524307250977e+02 2.692175865173339844e+01 2.235099983215332031e+01
1.142421846389770508e+02 1.689241237640380859e+02 2.998471260070800781e+01 2.302498626708984375e+01
1.166676120758056641e+02 1.711511516571044922e+02 3.080294036865234375e+01 2.131139373779296875e+01
1.161912021636962891e+02 1.710163354873657227e+02 3.076076507568359375e+01 2.294542884826660156e+01
1.191846752166748047e+02 1.722951478958129883e+02 2.908375549316406250e+01 2.149239540100097656e+01
1.195328407287597656e+02 1.713594903945922852e+02 2.916026687622070312e+01 2.157097053527832031e+01
1.200952568054199219e+02 1.714387168884277344e+02 2.972787094116210938e+01 2.149526596069335938e+01
1.205660896301269531e+02 1.718144817352294922e+02 3.092399978637695312e+01 2.184201812744140625e+01
1.243985691070556641e+02 1.723237848281860352e+02 2.779289245605468750e+01 2.161000251770019531e+01
1.257019176483154297e+02 1.717081575393676758e+02 2.799781036376953125e+01 2.171823310852050781e+01
1.270982275009155273e+02 1.726819705963134766e+02 2.951466941833496094e+01 2.084077453613281250e+01
1.265115823745727539e+02 1.724428930282592773e+02 3.144373512268066406e+01 1.997457695007324219e+01
1.271345710754394531e+02 1.725438871383666992e+02 3.252025222778320312e+01 2.280167961120605469e+01
1.286630210876464844e+02 1.731702365875244141e+02 3.356673812866210938e+01 2.266397094726562500e+01
1.284550342559814453e+02 1.726283378601074219e+02 3.426860809326171875e+01 2.352510452270507812e+01
1.276885414123535156e+02 1.735291156768798828e+02 3.655237960815429688e+01 2.317789459228515625e+01
1.302816562652587891e+02 1.725046882629394531e+02 3.895830535888671875e+01 2.410831069946289062e+01
1.319720115661621094e+02 1.732535991668701172e+02 3.855888748168945312e+01 2.421973419189453125e+01
1.330975036621093750e+02 1.727922496795654297e+02 3.833173751831054688e+01 2.452990722656250000e+01
1.331745529174804688e+02 1.721113815307617188e+02 3.969188308715820312e+01 2.552910995483398438e+01
1.355617389678955078e+02 1.726005773544311523e+02 4.081312561035156250e+01 2.578730583190917969e+01
1.370581684112548828e+02 1.735870285034179688e+02 4.151545715332031250e+01 2.560424423217773438e+01
1.382857971191406250e+02 1.725332422256469727e+02 4.118646621704101562e+01 2.626471900939941406e+01
1.383833179473876953e+02 1.726218852996826172e+02 4.319810485839843750e+01 2.631951904296875000e+01
1.407308654785156250e+02 1.738338584899902344e+02 4.342215347290039062e+01 2.614740371704101562e+01
1.416397972106933594e+02 1.729277639389038086e+02 5.054055404663085938e+01 2.717275810241699219e+01
1.436611537933349609e+02 1.727239627838134766e+02 4.869519805908203125e+01 2.750891876220703125e+01
1.465240001678466797e+02 1.725846500396728516e+02 4.642296600341796875e+01 2.789647674560546875e+01
1.476905364990234375e+02 1.721637306213378906e+02 4.667839431762695312e+01 2.801979446411132812e+01
1.493842048645019531e+02 1.724160242080688477e+02 4.716154098510742188e+01 2.882790565490722656e+01
1.510345268249511719e+02 1.727574806213378906e+02 4.756103134155273438e+01 2.899048233032226562e+01
1.526629638671875000e+02 1.721530656814575195e+02 4.855667495727539062e+01 2.955235481262207031e+01
1.546348762512207031e+02 1.718389244079589844e+02 4.962873458862304688e+01 3.031329727172851562e+01
1.574984264373779297e+02 1.725561838150024414e+02 5.083267974853515625e+01 3.036286354064941406e+01
1.580431175231933594e+02 1.718209419250488281e+02 5.202009201049804688e+01 3.090799331665039062e+01
1.597043628692626953e+02 1.722141819000244141e+02 5.380700683593750000e+01 3.090184783935546875e+01
1.617450981140136719e+02 1.718906927108764648e+02 5.418070602416992188e+01 3.140899467468261719e+01
1.644557399749755859e+02 1.717125778198242188e+02 5.497771453857421875e+01 3.224979782104492188e+01
1.685751380920410156e+02 1.727041015625000000e+02 5.594099044799804688e+01 3.289472579956054688e+01
1.686754264831542969e+02 1.717200298309326172e+02 5.811661911010742188e+01 3.347738647460937500e+01
1.722470417022705078e+02 1.715746803283691406e+02 5.839266967773437500e+01 3.425189590454101562e+01
1.747988300323486328e+02 1.716759357452392578e+02 5.958221435546875000e+01 3.504148101806640625e+01
1.772957439422607422e+02 1.710329704284667969e+02 6.087946319580078125e+01 3.561484146118164062e+01
1.812283306121826172e+02 1.717816734313964844e+02 6.204880523681640625e+01 3.659117507934570312e+01
1.826171627044677734e+02 1.701007041931152344e+02 6.426653289794921875e+01 3.762039566040039062e+01
1.866245212554931641e+02 1.715133705139160156e+02 6.635858154296875000e+01 3.827116775512695312e+01
1.883126010894775391e+02 1.704037322998046875e+02 6.852989196777343750e+01 3.888805770874023438e+01
1.926436443328857422e+02 1.711784191131591797e+02 6.934735870361328125e+01 3.935972595214843750e+01
1.947058849334716797e+02 1.708733520507812500e+02 7.289702606201171875e+01 3.977265548706054688e+01
1.992706966400146484e+02 1.705608997344970703e+02 7.194808197021484375e+01 3.957848358154296875e+01
2.087541522979736328e+02 1.659325771331787109e+02 7.406246948242187500e+01 4.596737670898437500e+01
2.078135471343994141e+02 1.730480861663818359e+02 7.690737915039062500e+01 4.098545837402343750e+01
2.085953807830810547e+02 1.695437870025634766e+02 7.889769744873046875e+01 4.492707061767578125e+01
2.130860118865966797e+02 1.613298549652099609e+02 8.177027130126953125e+01 5.244749450683593750e+01
2.189503459930419922e+02 1.675075702667236328e+02 8.570417022705078125e+01 4.806658172607421875e+01
2.242152919769287109e+02 1.693374328613281250e+02 8.832247161865234375e+01 4.882180404663085938e+01
2.278794689178466797e+02 1.692574253082275391e+02 8.985120391845703125e+01 4.926023101806640625e+01
2.316238040924072266e+02 1.696956405639648438e+02 9.328016662597656250e+01 4.966736984252929688e+01
2.352720546722412109e+02 1.700201110839843750e+02 9.657241058349609375e+01 5.106988143920898438e+01
2.414525165557861328e+02 1.695598926544189453e+02 9.987866210937500000e+01 5.291881561279296875e+01
2.465298862457275391e+02 1.688778343200683594e+02 1.047874298095703125e+02 5.393945693969726562e+01
2.547664623260498047e+02 1.717443599700927734e+02 1.092484817504882812e+02 5.412165832519531250e+01
2.594068355560302734e+02 1.695375404357910156e+02 1.104318466186523438e+02 5.755971145629882812e+01
2.667424488067626953e+02 1.691641101837158203e+02 1.195977172851562500e+02 5.936617279052734375e+01
2.718837795257568359e+02 1.699491920471191406e+02 1.206558456420898438e+02 6.138570022583007812e+01
2.792326526641845703e+02 1.689310970306396484e+02 1.257510070800781250e+02 6.377134704589843750e+01
2.860864810943603516e+02 1.689042110443115234e+02 1.323229827880859375e+02 6.619718933105468750e+01
2.943920459747314453e+02 1.684256610870361328e+02 1.368973388671875000e+02 6.776409149169921875e+01
3.027468357086181641e+02 1.695163745880126953e+02 1.446631622314453125e+02 7.053505706787109375e+01
3.070895786285400391e+02 1.698416957855224609e+02 1.555271759033203125e+02 7.133003234863281250e+01
3.169111576080322266e+02 1.690778484344482706e+02 1.605272369384765625e+02 7.418710327148437500e+01
3.254087085723876953e+02 1.688055706024170206e+02 1.639919433593750000e+02 7.553390502929687500e+01
3.376063404083251953e+02 1.695046215057373331e+02 1.548916625976562500e+02 7.596206665039062500e+01
