2.800000000000000000e+01 1.690000000000000000e+02 1.900000000000000000e+01 1.500000000000000000e+01
2.719588375091552734e+01 1.691758337020874023e+02 2.007699775695800781e+01 1.701970863342285156e+01
2.807022380828857422e+01 1.685696210861206055e+02 2.054974555969238281e+01 1.699862861633300781e+01
2.836336231231689453e+01 1.686044454574584961e+02 1.988017845153808594e+01 1.700184822082519531e+01
2.870037269592285156e+01 1.689667310714721680e+02 2.032536697387695312e+01 1.721285438537597656e+01
2.894783401489257812e+01 1.690703916549682617e+02 2.066204833984375000e+01 1.712336158752441406e+01
2.926722717285156250e+01 1.686478252410888672e+02 2.086708068847656250e+01 1.695371627807617188e+01
2.884436321258544922e+01 1.690094280242919922e+02 2.110988044738769531e+01 1.751756668090820312e+01
2.948088455200195312e+01 1.691987085342407227e+02 2.099456024169921875e+01 1.740095329284667969e+01
3.040427398681640625e+01 1.692739543914794922e+02 2.125918579101562500e+01 1.745652389526367188e+01
3.027680301666259766e+01 1.689735603332519531e+02 2.140991020202636719e+01 1.722325134277343750e+01
3.106327342987060547e+01 1.689539785385131836e+02 2.157673072814941406e+01 1.739296913146972656e+01
3.076706600189208984e+01 1.687020988464355469e+02 2.188852882385253906e+01 1.713758850097656250e+01
3.120233154296875000e+01 1.690092411041259766e+02 2.183356475830078125e+01 1.770345687866210938e+01
3.121554183959960938e+01 1.693595542907714844e+02 2.210072326660156250e+01 1.739287567138671875e+01
3.165096950531005859e+01 1.683782520294189453e+02 2.244931983947753906e+01 1.740923690795898438e+01
3.239419746398925781e+01 1.685823850631713867e+02 2.249068069458007812e+01 1.816152381896972656e+01
3.300550556182861328e+01 1.687550382614135742e+02 2.286511039733886719e+01 1.814222908020019531e+01
3.391535472869873047e+01 1.683584842681884766e+02 2.285751533508300781e+01 1.789784622192382812e+01
3.373137569427490234e+01 1.684276237487792969e+02 2.270321083068847656e+01 1.820898437500000000e+01
3.434719276428222656e+01 1.680777463912963867e+02 2.330566787719726562e+01 1.816609382629394531e+01
3.417715454101562500e+01 1.682007312774658203e+02 2.327172851562500000e+01 1.843168258666992188e+01
3.543077373504638672e+01 1.684771842956542969e+02 2.389809608459472656e+01 1.861975860595703125e+01
3.550582122802734375e+01 1.688709421157836914e+02 2.372903442382812500e+01 1.869077110290527344e+01
3.597172451019287109e+01 1.682329111099243164e+02 2.421685981750488281e+01 1.846059226989746094e+01
3.607918167114257812e+01 1.685276746749877930e+02 2.405686187744140625e+01 1.889995002746582031e+01
3.689492511749267578e+01 1.685747213363647461e+02 2.510375022888183594e+01 1.875625038146972656e+01
3.741275024414062500e+01 1.688303365707397461e+02 2.468331146240234375e+01 1.915591621398925781e+01
3.808528995513916016e+01 1.684706077575683594e+02 2.563671684265136719e+01 1.864959716796875000e+01
3.805336666107177734e+01 1.684025335311889648e+02 2.566967201232910156e+01 1.889856910705566406e+01
3.931235218048095703e+01 1.685754880905151367e+02 2.575733757019042969e+01 1.955214881896972656e+01
3.915268135070800781e+01 1.689585762023925781e+02 2.638105392456054688e+01 1.919126129150390625e+01
3.950364780426025391e+01 1.684586858749389648e+02 2.677324485778808594e+01 1.951204872131347656e+01
4.046186542510986328e+01 1.685352478027343750e+02 2.671890830993652344e+01 1.978601074218750000e+01
4.108440971374511719e+01 1.685962142944335938e+02 2.690089035034179688e+01 1.992493438720703125e+01
4.185292720794678445e+01 1.683536281585693359e+02 2.718447303771971946e+01 2.013910293579101562e+01
4.322612380981445312e+01 1.685249357223510742e+02 2.695699310302734375e+01 2.041516304016113281e+01
4.264389419555664062e+01 1.682689380645751953e+02 2.764363861083984375e+01 2.008104324340820312e+01
4.356342029571533203e+01 1.680735120773315430e+02 2.831476402282714844e+01 2.061591529846191406e+01
4.463494777679443359e+01 1.681324768066406250e+02 2.848672676086425781e+01 2.072700500488281250e+01
4.503356552124022727e+01 1.684896736145019531e+02 2.835698699951172586e+01 2.099423217773437500e+01
4.612288379669188743e+01 1.683399114608764648e+02 2.903265953063965554e+01 2.083699989318847656e+01
4.661346244812012429e+01 1.683794078826904297e+02 2.902740859985350852e+01 2.094217300415039062e+01
4.649596881866455789e+01 1.687841644287109375e+02 2.953520774841307883e+01 2.104971313476562500e+01
4.827820873260498047e+01 1.686542491912841797e+02 2.980176734924316406e+01 2.087315750122070312e+01
4.859017181396484375e+01 1.683893032073974609e+02 3.029027557373046875e+01 2.126947402954101562e+01
4.887215042114257812e+01 1.682004737854003906e+02 3.057111358642578125e+01 2.166640472412109375e+01
5.008824253082275391e+01 1.679919672012329102e+02 3.089304924011230469e+01 2.138104820251464844e+01
5.145751953125000000e+01 1.684367713928222656e+02 3.083884429931640625e+01 2.217339324951171875e+01
5.253417778015136719e+01 1.683833646774291992e+02 3.223523330688476562e+01 2.174143409729003906e+01
5.214941024780273438e+01 1.685256452560424805e+02 3.229363250732421875e+01 2.202563667297363281e+01
5.300694084167480469e+01 1.683374919891357422e+02 3.329153823852539062e+01 2.220204544067382812e+01
5.412668991088867188e+01 1.682092456817626953e+02 3.358721923828125000e+01 2.236170578002929688e+01
5.471878051757812500e+01 1.688071737289428711e+02 3.403695678710937500e+01 2.264959144592285156e+01
5.514087104797363281e+01 1.686342744827270508e+02 3.488252639770507812e+01 2.259814262390136719e+01
5.785411643981933594e+01 1.685272397994995117e+02 3.344176864624023438e+01 2.290949440002441406e+01
5.822135162353515625e+01 1.685758762359619141e+02 3.453311920166015625e+01 2.321445846557617188e+01
6.037313842773437500e+01 1.685667753219604492e+02 3.480106353759765625e+01 2.296705055236816406e+01
6.050398826599121094e+01 1.679674587249755859e+02 3.493179702758789062e+01 2.394076156616210938e+01
6.194172096252441406e+01 1.681378459930419922e+02 3.534041213989257812e+01 2.348475265502929688e+01
6.224789047241210938e+01 1.676226940155029297e+02 3.572883605957031250e+01 2.422356796264648438e+01
6.452795600891113281e+01 1.676694555282592773e+02 3.557028579711914062e+01 2.409191322326660156e+01
6.560372924804687500e+01 1.675293989181518555e+02 3.641573333740234375e+01 2.468420600891113281e+01
6.619879341125488281e+01 1.676297349929809570e+02 3.645031356811523438e+01 2.504016685485839844e+01
6.782066917419433594e+01 1.674777545928955078e+02 3.665104293823242188e+01 2.532251358032226562e+01
6.902980995178222656e+01 1.680020532608032227e+02 3.703766250610351562e+01 2.523023033142089844e+01
6.982925415039062500e+01 1.678292503356933594e+02 3.769976043701171875e+01 2.564956665039062500e+01
7.157746124267578125e+01 1.677343940734863281e+02 3.782256317138671875e+01 2.566652679443359375e+01
7.220139884948730469e+01 1.676812219619750977e+02 3.843670272827148438e+01 2.592751121520996094e+01
7.313817214965820312e+01 1.679927301406860352e+02 3.946018981933593750e+01 2.565880393981933594e+01
7.447789001464843750e+01 1.677726325988769531e+02 3.935007476806640625e+01 2.568302154541015625e+01
7.627062797546386719e+01 1.675685882568359375e+02 3.969950485229492188e+01 2.568765258789062500e+01
7.773215293884277344e+01 1.683254842758178711e+02 3.938459396362304688e+01 2.635196113586425781e+01
7.798591041564941406e+01 1.679687414169311523e+02 4.080951309204101562e+01 2.632934761047363281e+01
7.990932083129882812e+01 1.679069957733154297e+02 4.124291992187500000e+01 2.635931777954101562e+01
8.060359001159667969e+01 1.677168159484863281e+02 4.145524215698242188e+01 2.713936614990234375e+01
8.212489700317382812e+01 1.676230993270874023e+02 4.208406066894531250e+01 2.688176155090332031e+01
8.343512344360351562e+01 1.673029785156250000e+02 4.239176940917968750e+01 2.741011047363281250e+01
8.523198890686035156e+01 1.671684703826904297e+02 4.296960830688476562e+01 2.736647415161132812e+01
8.639565277099609375e+01 1.675390548706054688e+02 4.285620880126953125e+01 2.762353515625000000e+01
8.765002059936523438e+01 1.677932825088500977e+02 4.359321594238281250e+01 2.806709098815917969e+01
8.967513084411621094e+01 1.675945835113525391e+02 4.351821517944335938e+01 2.716555404663085938e+01
9.126152038574218750e+01 1.673559732437133789e+02 4.379224395751953125e+01 2.836848258972167969e+01
9.197138786315917969e+01 1.675960388183593750e+02 4.472204208374023438e+01 2.837745666503906250e+01
9.348969841003417969e+01 1.677367439270019531e+02 4.517455673217773438e+01 2.849465179443359375e+01
9.551891517639160156e+01 1.669812946319580078e+02 4.567055130004882812e+01 2.940093612670898438e+01
9.679852867126464844e+01 1.674592647552490234e+02 4.639876937866210938e+01 2.915407180786132812e+01
9.852140998840332031e+01 1.673902120590209961e+02 4.690896987915039062e+01 2.955523872375488281e+01
1.012458629608154297e+02 1.670417242050170898e+02 4.681711959838867188e+01 2.977964973449707031e+01
1.023196811676025391e+02 1.675624580383300781e+02 4.752646255493164062e+01 2.985131072998046875e+01
1.035098762512207031e+02 1.672558603286743164e+02 4.843463134765625000e+01 3.045454216003417969e+01
1.044024410247802734e+02 1.680742416381835938e+02 4.976104354858398438e+01 3.003068542480468750e+01
1.067284870147705078e+02 1.677645521163940430e+02 4.950783157348632812e+01 2.887810707092285156e+01
1.091838665008544922e+02 1.679004535675048828e+02 4.988044357299804688e+01 3.085178756713867188e+01
1.105172367095947266e+02 1.674965038299560547e+02 5.126173782348632812e+01 3.112063980102539062e+01
1.131488819122314453e+02 1.673395814895629883e+02 5.215782546997070312e+01 3.168318748474121094e+01
1.152455253601074219e+02 1.671503410339355469e+02 5.212619018554687500e+01 3.208638763427734375e+01
1.175980548858642578e+02 1.675233621597290039e+02 5.221200942993164062e+01 3.198411369323730469e+01
1.193166141510009766e+02 1.667731685638427734e+02 5.265256118774414062e+01 3.330363845825195312e+01
1.212998313903808594e+02 1.680111751556396484e+02 5.358499145507812500e+01 3.292508316040039062e+01
1.234186935424804688e+02 1.675052223205566406e+02 5.433917999267578125e+01 3.337236785888671875e+01
1.261571254730224609e+02 1.672105560302734375e+02 5.478696823120117188e+01 3.344198608398437500e+01
1.275892353057861328e+02 1.667046184539794922e+02 5.604034805297851562e+01 3.497456741333007812e+01
1.298701820373535156e+02 1.670962924957275391e+02 5.687466430664062500e+01 3.506075668334960938e+01
1.313530960083007812e+02 1.675190620422363281e+02 5.714174652099609375e+01 3.403952789306640625e+01
1.349914493560791016e+02 1.670761814117431641e+02 5.869810867309570312e+01 3.514930343627929688e+01
1.364915428161621094e+02 1.670089187622070312e+02 5.876008605957031250e+01 3.510232543945312500e+01
1.387640247344970703e+02 1.667711009979248047e+02 5.978073501586914062e+01 3.561600112915039062e+01
1.419453029632568359e+02 1.664469890594482422e+02 6.148308944702148438e+01 3.716437149047851562e+01
1.437038726806640625e+02 1.664161491394042969e+02 6.221012115478515625e+01 3.772194671630859375e+01
1.460774173736572266e+02 1.665533180236816406e+02 6.356337356567382812e+01 3.809987640380859375e+01
1.498460731506347656e+02 1.657953147888183594e+02 6.456413269042968750e+01 3.950412750244140625e+01
1.514999237060546875e+02 1.664456005096435547e+02 6.488434600830078125e+01 3.906128311157226562e+01
1.537615242004394531e+02 1.658873100280761719e+02 6.735879516601562500e+01 3.979857635498046875e+01
1.574478530883789062e+02 1.654313049316406250e+02 6.807125091552734375e+01 4.061352539062500000e+01
1.609463005065917969e+02 1.657857418060302734e+02 6.867597961425781250e+01 4.166870498657226562e+01
1.633987503051757812e+02 1.655646038055419922e+02 7.045508575439453125e+01 4.167537307739257812e+01
1.668853569030761719e+02 1.654807090759277344e+02 7.150830078125000000e+01 4.229802703857421875e+01
1.694992218017578125e+02 1.643476371765136719e+02 7.308872222900390625e+01 4.418051910400390625e+01
1.737408027648925781e+02 1.663946571350097656e+02 7.435144042968750000e+01 4.342455291748046875e+01
1.763277816772460938e+02 1.658703346252441406e+02 7.613231658935546875e+01 4.432068634033203125e+01
1.797896575927734375e+02 1.649217834472656250e+02 7.765386199951171875e+01 4.546759033203125000e+01
1.829965438842773438e+02 1.649050693511962891e+02 8.006493377685546875e+01 4.631135177612304688e+01
1.869266548156738281e+02 1.655771789550781250e+02 8.100967407226562500e+01 4.654040527343750000e+01
1.913638496398925781e+02 1.647770690917968750e+02 8.224475097656250000e+01 4.735237121582031250e+01
1.959243621826171875e+02 1.649085006713867188e+02 8.394727325439453125e+01 4.850695800781250000e+01
1.995304756164550781e+02 1.648075103759765625e+02 8.600524902343750000e+01 4.919874572753906250e+01
2.033225708007812500e+02 1.647956447601318359e+02 8.740982818603515625e+01 4.940298843383789062e+01
2.069974098205566406e+02 1.649522495269775391e+02 8.898245239257812500e+01 4.959640121459960938e+01
2.126976356506347656e+02 1.647989215850830078e+02 9.182113647460937500e+01 5.027784347534179688e+01
2.168275413513183594e+02 1.655371589660644531e+02 9.313865661621093750e+01 5.126831817626953125e+01
2.219899139404296875e+02 1.650091876983642578e+02 9.478696441650390625e+01 5.159409713745117188e+01
2.275699844360351562e+02 1.653365707397460938e+02 9.836522674560546875e+01 5.310397338867187500e+01
2.322032432556152344e+02 1.656637725830078125e+02 1.021900177001953125e+02 5.403990173339843750e+01
2.381376724243164062e+02 1.655215129852294922e+02 1.052981185913085938e+02 5.508040237426757812e+01
2.440134658813476562e+02 1.658186340332031250e+02 1.093468856811523438e+02 5.569889831542968750e+01
2.502998847961425781e+02 1.661549987792968750e+02 1.131056213378906250e+02 5.707182312011718750e+01
2.570292739868164062e+02 1.653344421386718750e+02 1.152092514038085938e+02 5.895655822753906250e+01
2.637883224487304688e+02 1.654822025299072266e+02 1.190500717163085938e+02 5.993563461303710938e+01
2.714165382385253906e+02 1.669803047180175781e+02 1.224163818359375000e+02 6.159522247314453125e+01
2.783090591430664062e+02 1.646613616943359375e+02 1.262691574096679688e+02 6.463453674316406250e+01
2.859328727722167969e+02 1.664911861419677734e+02 1.319521026611328125e+02 6.364999771118164062e+01
2.922435188293457031e+02 1.651696586608886719e+02 1.391777954101562500e+02 6.615123748779296875e+01
3.021311912536621094e+02 1.669700355529785156e+02 1.406500091552734375e+02 6.665558624267578125e+01
3.101540641784667969e+02 1.663534965515136719e+02 1.466564178466796875e+02 6.937126922607421875e+01
3.189870185852050781e+02 1.665369300842285156e+02 1.522845764160156250e+02 7.035684967041015625e+01
3.261362876892089844e+02 1.665031356811523722e+02 1.619210052490234375e+02 7.247360229492187500e+01
3.357804145812988281e+02 1.661209106445312784e+02 1.535937194824218750e+02 7.384669494628906250e+01
3.482080802917480469e+02 1.647799758911133097e+02 1.441739959716796875e+02 7.535867309570312500e+01
3.583362083435058594e+02 1.648701477050781250e+02 1.337438201904296875e+02 7.769383239746093750e+01
3.664314842224121094e+02 1.653749618530273438e+02 1.246007843017578125e+02 7.837188720703125000e+01
