9.400000000000000000e+01 1.740000000000000000e+02 2.000000000000000000e+01 1.200000000000000000e+01
9.393650627136230469e+01 1.726467084884643555e+02 1.948594284057617188e+01 1.333762168884277344e+01
9.392940521240234375e+01 1.722378993034362793e+02 2.024527740478515625e+01 1.360873126983642578e+01
9.296223068237304688e+01 1.718529539108276367e+02 2.097790527343750000e+01 1.376164817810058594e+01
9.437809944152832031e+01 1.723678050041198730e+02 2.074287796020507812e+01 1.321697711944580078e+01
9.427203941345214844e+01 1.731136484146118164e+02 2.030991744995117188e+01 1.339790534973144531e+01
9.491367244720458984e+01 1.722512855529785156e+02 2.093683052062988281e+01 1.384836959838867188e+01
9.456916046142578125e+01 1.720880923271179199e+02 2.038754272460937500e+01 1.367335987091064453e+01
9.459566020965576172e+01 1.731400322914123535e+02 2.176751136779785156e+01 1.317074489593505859e+01
9.543630409240722656e+01 1.720680484771728516e+02 2.110947036743164062e+01 1.391628265380859375e+01
9.531601428985595703e+01 1.719252791404724121e+02 2.118446159362792969e+01 1.384562015533447266e+01
9.532601070404052734e+01 1.730788516998291016e+02 2.275830268859863281e+01 1.335735321044921875e+01
9.631995582580566406e+01 1.720458707809448242e+02 2.037611007690429688e+01 1.404170799255371094e+01
9.587801647186279297e+01 1.727649836540222168e+02 2.119299507141113281e+01 1.348286914825439453e+01
9.698540496826171875e+01 1.715251617431640625e+02 2.123002624511718750e+01 1.462792587280273438e+01
9.756287002563476562e+01 1.728915834426879883e+02 2.151592254638671875e+01 1.398420143127441406e+01
1.000125417709350586e+02 1.723042349815368652e+02 1.947255134582519531e+01 1.390013980865478516e+01
9.902571773529052734e+01 1.727692952156066895e+02 2.043552589416503906e+01 1.384741497039794922e+01
1.012580394744873047e+02 1.720165972709655762e+02 1.932185745239257812e+01 1.404675769805908203e+01
1.019148225784301758e+02 1.725686283111572266e+02 1.932213401794433594e+01 1.376448059082031250e+01
1.018523960113525391e+02 1.729513330459594727e+02 1.975418472290039062e+01 1.388925361633300781e+01
1.027789049148559570e+02 1.728432970046997070e+02 1.984974479675292969e+01 1.418753242492675781e+01
1.038935976028442383e+02 1.720241909027099609e+02 1.922971916198730469e+01 1.482927703857421875e+01
1.030264749526977539e+02 1.728696208000183105e+02 2.030457878112792969e+01 1.438800525665283203e+01
1.044860877990722656e+02 1.714770350456237793e+02 1.981703948974609375e+01 1.517094135284423828e+01
1.053749837875366211e+02 1.724761366844177246e+02 1.999408912658691406e+01 1.482431125640869141e+01
1.047961654663085938e+02 1.726452360153198242e+02 2.050901794433593750e+01 1.571668815612792969e+01
1.057533082962036133e+02 1.713167695999145508e+02 2.096088981628417969e+01 1.612716865539550781e+01
1.064547462463378906e+02 1.727444453239440918e+02 2.125416564941406250e+01 1.573001575469970703e+01
1.070930938720703125e+02 1.716623544692993164e+02 2.095477294921875000e+01 1.675595283508300781e+01
1.081633415222167969e+02 1.713701915740966797e+02 2.066369628906250000e+01 1.744804382324218750e+01
1.079882249832153320e+02 1.719717845916748047e+02 2.154520225524902344e+01 1.763560485839843750e+01
1.080670928955078125e+02 1.716824741363525391e+02 2.137800598144531250e+01 1.733399200439453125e+01
1.080989789962768555e+02 1.723154382705688477e+02 2.190380287170410156e+01 1.717058753967285156e+01
1.089564657211303711e+02 1.718366632461547852e+02 2.243988227844238281e+01 1.715180397033691406e+01
1.101865520477294922e+02 1.715214385986328125e+02 2.139290237426757812e+01 1.802972030639648438e+01
1.097183122634887695e+02 1.718496322631835938e+02 2.316093254089355469e+01 1.759442520141601562e+01
1.102791423797607422e+02 1.717286920547485352e+02 2.266956710815429688e+01 1.792315864562988281e+01
1.099860353469848633e+02 1.719813327789306641e+02 2.427020072937011719e+01 1.769584655761718750e+01
1.102713127136230469e+02 1.720054836273193359e+02 2.394393920898437500e+01 1.789720916748046875e+01
1.112954673767089844e+02 1.720379362106323242e+02 2.419653320312500000e+01 1.786772727966308594e+01
1.117285404205322266e+02 1.720083675384521484e+02 2.510966873168945312e+01 1.741355895996093750e+01
1.128131542205810547e+02 1.714736900329589844e+02 2.547875595092773438e+01 1.768671035766601562e+01
1.153247022628784180e+02 1.711901760101318359e+02 2.356381416320800781e+01 1.827230072021484375e+01
1.157348918914794922e+02 1.721889219284057617e+02 2.343532943725585938e+01 1.758508872985839844e+01
1.168658857345581055e+02 1.718417301177978516e+02 2.383656501770019531e+01 1.732807922363281250e+01
1.159374170303344727e+02 1.710598049163818359e+02 2.433803367614746094e+01 1.795690917968750000e+01
1.170034360885620117e+02 1.718702650070190430e+02 2.470519447326660156e+01 1.793941307067871094e+01
1.164299612045288086e+02 1.718512573242187500e+02 2.588283729553222656e+01 1.834586715698242188e+01
1.176425056457519531e+02 1.714651260375976562e+02 2.601125335693359375e+01 1.847062301635742188e+01
1.166194572448730469e+02 1.709226236343383789e+02 2.704046630859375000e+01 1.864917182922363281e+01
1.183720874786376953e+02 1.718988971710205078e+02 2.673731613159179688e+01 1.879814910888671875e+01
1.178738279342651367e+02 1.711695957183837891e+02 2.933896827697753906e+01 1.931087493896484375e+01
1.205627040863037109e+02 1.708646583557128906e+02 2.771779251098632812e+01 1.969410324096679688e+01
1.233602714538574219e+02 1.707592620849609375e+02 2.598442077636718750e+01 1.997892379760742188e+01
1.240048227310180664e+02 1.710782670974731445e+02 2.605774497985839844e+01 1.995333290100097656e+01
1.241522912979125977e+02 1.708828163146972656e+02 2.659882164001464844e+01 2.048672866821289062e+01
1.246000947952270508e+02 1.711590204238891602e+02 2.730837059020996094e+01 2.029209327697753906e+01
1.257178344726562500e+02 1.714235811233520508e+02 2.684423065185546875e+01 1.975688362121582031e+01
1.267236022949218750e+02 1.717726545333862305e+02 2.692095184326171875e+01 1.960194206237792969e+01
1.278668861389160156e+02 1.717169218063354492e+02 2.719976806640625000e+01 1.954478263854980469e+01
1.277284336090087891e+02 1.720398626327514648e+02 2.833227920532226562e+01 1.955417442321777344e+01
1.291917228698730469e+02 1.723942251205444336e+02 2.883968353271484375e+01 1.976110649108886719e+01
1.274063148498535156e+02 1.725216941833496094e+02 3.072396087646484375e+01 1.982265090942382812e+01
1.306115188598632812e+02 1.725348434448242188e+02 3.010509490966796875e+01 1.974477767944335938e+01
1.324665622711181641e+02 1.728782653808593750e+02 2.911557388305664062e+01 1.992509078979492188e+01
1.333997154235839844e+02 1.733072166442871094e+02 3.006756591796875000e+01 1.958537673950195312e+01
1.351838178634643555e+02 1.730966062545776367e+02 3.026571083068847656e+01 1.962848472595214844e+01
1.361745338439941406e+02 1.725689849853515625e+02 3.105733489990234375e+01 2.016569900512695312e+01
1.376465530395507812e+02 1.734774341583251953e+02 3.063930511474609375e+01 1.960874176025390625e+01
1.385307121276855469e+02 1.725621118545532227e+02 3.153585052490234375e+01 2.073088264465332031e+01
1.386324577331542969e+02 1.732638568878173828e+02 3.131760406494140625e+01 2.084439849853515625e+01
1.399402828216552734e+02 1.730002212524414062e+02 3.269114303588867188e+01 2.104315567016601562e+01
1.410689678192138672e+02 1.728358812332153320e+02 3.340733718872070312e+01 2.179841804504394531e+01
1.424997711181640625e+02 1.725346059799194336e+02 3.409555816650390625e+01 2.245168113708496094e+01
1.438013381958007812e+02 1.735676012039184570e+02 3.434467315673828125e+01 2.212419319152832031e+01
1.458355426788330078e+02 1.732390260696411133e+02 3.435338211059570312e+01 2.283123970031738281e+01
1.459480514526367188e+02 1.732914276123046875e+02 3.439562225341796875e+01 2.286782455444335938e+01
1.493963146209716797e+02 1.727068738937377930e+02 3.594313430786132812e+01 2.409978294372558594e+01
1.505208873748779297e+02 1.728926525115966797e+02 3.559092330932617188e+01 2.274382019042968750e+01
1.502220535278320312e+02 1.740294418334960938e+02 3.617376708984375000e+01 2.294109725952148438e+01
1.526394147872924805e+02 1.734764432907104492e+02 3.034500312805175781e+01 2.226617240905761719e+01
1.535786933898925781e+02 1.762379369735717773e+02 3.363053894042968750e+01 2.011756706237792969e+01
1.462864561080932617e+02 1.756876401901245117e+02 2.936111640930175781e+01 2.076888084411621094e+01
1.393921413421630859e+02 1.729082460403442383e+02 3.024789047241210938e+01 2.251504707336425781e+01
1.189297885894775391e+02 1.696106748580932617e+02 2.508876037597656250e+01 1.758016777038574219e+01
1.181368408203125000e+02 1.696653270721435547e+02 2.360888290405273438e+01 1.715148162841796875e+01
1.174701566696166992e+02 1.705764098167419434e+02 2.220542716979980469e+01 1.559587192535400391e+01
1.167907247543334961e+02 1.705864915847778320e+02 2.227943229675292969e+01 1.525673103332519531e+01
1.163161573410034180e+02 1.707327075004577637e+02 2.175485038757324219e+01 1.577964496612548828e+01
1.151218786239624023e+02 1.709413137435913086e+02 2.130299949645996094e+01 1.809746360778808594e+01
1.056480541229248047e+02 1.740465145111083984e+02 2.857455444335937500e+01 2.010831451416015625e+01
1.090438079833984375e+02 1.739405899047851562e+02 3.536425399780273438e+01 2.513580703735351562e+01
1.165475502014160156e+02 1.675854644775390625e+02 4.301846694946289062e+01 3.393097305297851562e+01
1.130052089691162109e+02 1.676231002807617188e+02 4.862846374511718750e+01 3.591081619262695312e+01
1.073144035339355469e+02 1.640989570617675781e+02 5.024931716918945312e+01 4.057693099975585938e+01
1.072360153198242188e+02 1.583816986083984375e+02 4.463854598999023438e+01 4.148494338989257812e+01
9.702095603942871094e+01 1.660821075439453125e+02 5.016918945312500000e+01 3.795633316040039062e+01
9.722230339050292969e+01 1.468268451690673828e+02 4.730804443359375000e+01 7.612101745605468750e+01
9.287060928344726562e+01 1.515604743957519531e+02 5.170834732055664062e+01 5.405544662475585938e+01
9.006486892700195312e+01 1.493329906463623047e+02 4.768169021606445312e+01 5.356000518798828125e+01
8.902470970153808594e+01 1.449383220672607422e+02 4.586737060546875000e+01 8.785129547119140625e+01
8.394120597839355469e+01 1.438661670684814453e+02 4.777989196777343750e+01 8.092376708984375000e+01
8.255983924865721235e+01 1.455643024444580078e+02 4.761957550048829546e+01 7.037232971191406250e+01
7.937064743041992188e+01 1.490436725616455078e+02 4.960203933715820312e+01 7.364106750488281250e+01
7.593934249877929688e+01 1.450845851898193359e+02 5.171492385864257812e+01 7.314072418212890625e+01
7.747065734863281250e+01 1.482311573028564453e+02 5.029145431518554688e+01 6.886021423339843750e+01
7.538725852966308594e+01 1.482114391326904297e+02 5.032693481445312500e+01 6.539910125732421875e+01
7.420165824890136719e+01 1.503178958892822266e+02 4.950805664062500000e+01 6.398954772949218750e+01
7.192168998718261719e+01 1.490911617279052734e+02 4.656396484375000000e+01 6.554814910888671875e+01
7.066161918640138140e+01 1.506999816894531250e+02 5.198320007324218750e+01 5.811925125122070312e+01
6.814433670043946734e+01 1.491553115844726562e+02 3.947664260864257812e+01 6.295375442504882812e+01
6.183460426330567827e+01 1.488965167999267578e+02 4.237531280517578125e+01 6.565148925781250000e+01
6.364871406555178623e+01 1.484996261596679688e+02 4.057842254638671875e+01 6.008195877075195312e+01
6.061162757873539420e+01 1.490421733856201172e+02 3.887282562255859375e+01 7.081081390380859375e+01
5.970862770080572091e+01 1.487667217254638672e+02 3.941925811767578125e+01 6.616725921630859375e+01
5.996988105773931466e+01 1.494410724639892578e+02 3.723456573486328125e+01 6.621437072753906250e+01
5.681331825256353341e+01 1.499797420501708984e+02 3.635219573974609375e+01 6.694239044189453125e+01
5.198194313049323512e+01 1.505092029571533203e+02 3.887279510498046875e+01 6.594181823730468750e+01
5.305243492126471949e+01 1.483995532989501953e+02 3.654475402832031250e+01 6.895120239257812500e+01
4.983794784545905543e+01 1.490113544464111328e+02 3.909918594360351562e+01 7.123959350585937500e+01
4.942436027526862574e+01 1.487724132537841797e+02 3.604701232910156250e+01 6.295896148681640625e+01
4.915661239624030543e+01 1.489821186065673828e+02 3.588068008422851562e+01 6.353195190429687500e+01
4.666224288940436793e+01 1.500108280181884766e+02 3.681923294067382812e+01 6.247264099121093750e+01
4.586993026733405543e+01 1.499474430084228516e+02 3.484779739379882812e+01 6.694200134277343750e+01
4.584804916381843043e+01 1.508444271087646484e+02 3.328839492797851562e+01 6.212644195556640625e+01
4.356030464172370387e+01 1.509959087371826172e+02 3.496656036376953125e+01 6.521399688720703125e+01
4.243895339965827418e+01 1.503532047271728516e+02 3.369972610473632812e+01 6.259802246093750000e+01
4.106658363342292262e+01 1.509111537933349609e+02 3.432242584228515625e+01 6.974663543701171875e+01
4.016568660736089669e+01 1.515363368988037109e+02 3.177802848815917969e+01 6.164566802978515625e+01
3.962926864624029122e+01 1.527081432342529297e+02 3.263589859008789062e+01 5.605059051513671875e+01
3.833565044403081856e+01 1.527189369201660156e+02 3.198116111755371094e+01 6.181914901733398438e+01
