4.300000000000000000e+02 1.410000000000000000e+02 7.300000000000000000e+01 3.500000000000000000e+01
4.259671134948730469e+02 1.400347938537597656e+02 7.632892608642578125e+01 3.517252349853515625e+01
4.205301666259765625e+02 1.394905967712402344e+02 7.926528930664062500e+01 3.499266815185546875e+01
4.136742668151855469e+02 1.404686412811279297e+02 7.826209259033203125e+01 3.380856704711914062e+01
4.094987716674804688e+02 1.403527870178222656e+02 7.588653564453125000e+01 3.320851898193359375e+01
4.037565498352050781e+02 1.401419277191162109e+02 7.348928070068359375e+01 3.289525222778320312e+01
3.995205383300781250e+02 1.395066509246826172e+02 7.293138122558593750e+01 3.246341323852539062e+01
3.934137573242187500e+02 1.393013591766357422e+02 7.214244079589843750e+01 3.235548782348632812e+01
3.892312774658203125e+02 1.396159610748291016e+02 7.010946655273437500e+01 3.146256637573242188e+01
3.841286926269531250e+02 1.393728227615356445e+02 6.834069824218750000e+01 3.109712791442871094e+01
3.793900375366210938e+02 1.395608119964599609e+02 6.797810363769531250e+01 3.043738174438476562e+01
3.760471916198730469e+02 1.384116973876953125e+02 6.533443450927734375e+01 3.044763183593750000e+01
3.707044143676757812e+02 1.384644842147827148e+02 6.424446105957031250e+01 2.979950141906738281e+01
3.670282630920410156e+02 1.388700895309448242e+02 6.241448211669921875e+01 2.924564552307128906e+01
3.622371139526367188e+02 1.378304729461669922e+02 6.181224060058593750e+01 2.956703567504882812e+01
3.584887580871582031e+02 1.376583585739135742e+02 6.044142913818359375e+01 2.869407081604003906e+01
3.547980003356933594e+02 1.375490045547485352e+02 5.880718231201171875e+01 2.810667228698730469e+01
3.497336406707763672e+02 1.379407663345336914e+02 5.923668289184570312e+01 2.802921867370605469e+01
3.469343490600585938e+02 1.381552534103393555e+02 5.761518859863281250e+01 2.722260475158691406e+01
3.432028961181640625e+02 1.379255514144897461e+02 5.615766906738281250e+01 2.709243965148925781e+01
3.388157901763916016e+02 1.374521675109863281e+02 5.513840866088867188e+01 2.701415252685546875e+01
3.356198635101318359e+02 1.380424079895019531e+02 5.434738540649414062e+01 2.603578948974609375e+01
3.323989868164062500e+02 1.365556392669677734e+02 5.332841491699218750e+01 2.657818984985351562e+01
3.284247760772705078e+02 1.376450214385986328e+02 5.229841232299804688e+01 2.607786178588867188e+01
3.250891990661621094e+02 1.362194585800170898e+02 5.134819793701171875e+01 2.620230293273925781e+01
3.219270610809326172e+02 1.368885221481323242e+02 5.147450637817382812e+01 2.502709388732910156e+01
3.179592914581298828e+02 1.370748252868652344e+02 4.990913009643554688e+01 2.520532989501953125e+01
3.151717395782470703e+02 1.360264692306518555e+02 4.929830551147460938e+01 2.491440773010253906e+01
3.123421211242675781e+02 1.365400695800781250e+02 4.834133148193359375e+01 2.449104309082031250e+01
3.089663257598876953e+02 1.360771780014038086e+02 4.735898971557617188e+01 2.410472297668457031e+01
3.060874214172363281e+02 1.364322805404663086e+02 4.654146575927734375e+01 2.388798713684082031e+01
3.037427387237548828e+02 1.361806173324584961e+02 4.644756698608398438e+01 2.386134529113769531e+01
2.997594871520996094e+02 1.358031816482543945e+02 4.560390472412109375e+01 2.360468101501464844e+01
2.967608222961425781e+02 1.351188945770263672e+02 4.498604583740234375e+01 2.367744827270507812e+01
2.938778553009033203e+02 1.364160175323486328e+02 4.441891098022460938e+01 2.303207015991210938e+01
2.915716800689697266e+02 1.352241144180297852e+02 4.373722457885742188e+01 2.317734336853027344e+01
2.891331768035888672e+02 1.350741462707519531e+02 4.312009048461914062e+01 2.320069885253906250e+01
2.862458496093750000e+02 1.354016323089599609e+02 4.259346008300781250e+01 2.291796493530273438e+01
2.835136108398437500e+02 1.356353149414062500e+02 4.194580078125000000e+01 2.258650207519531250e+01
2.811618194580078125e+02 1.346938753128051758e+02 4.188496398925781250e+01 2.265677452087402344e+01
2.789939174652099609e+02 1.350412445068359375e+02 4.083935165405273438e+01 2.201831054687500000e+01
2.770253353118896484e+02 1.349694004058837891e+02 4.040798568725585938e+01 2.173202896118164062e+01
2.743679370880126953e+02 1.355250301361083984e+02 3.957751083374023438e+01 2.153255844116210938e+01
2.720197010040283203e+02 1.342349433898925781e+02 3.915778732299804688e+01 2.149578857421875000e+01
2.699922904968261719e+02 1.353530902862548828e+02 3.877053070068359375e+01 2.075063705444335938e+01
2.675465946197509766e+02 1.338453855514526367e+02 3.851447677612304688e+01 2.112661933898925781e+01
2.658118705749511719e+02 1.344393367767333984e+02 3.773268127441406250e+01 2.073434066772460938e+01
2.632068252563476562e+02 1.342496309280395508e+02 3.697100067138671875e+01 2.054881095886230469e+01
2.608450374603271484e+02 1.348196535110473633e+02 3.658974838256835938e+01 2.015171623229980469e+01
2.584269638061523438e+02 1.352192163467407227e+02 3.599528503417968750e+01 2.021101188659667969e+01
2.570348320007324219e+02 1.346969366073608398e+02 3.561804962158203125e+01 1.991219520568847656e+01
2.547642841339111328e+02 1.346494712829589844e+02 3.535487747192382812e+01 1.977210998535156250e+01
2.528071594238281250e+02 1.337905530929565430e+02 3.512689208984375000e+01 1.971848487854003906e+01
2.508471794128417969e+02 1.342470922470092773e+02 3.445663452148437500e+01 1.913222694396972656e+01
2.483822574615478516e+02 1.348097143173217773e+02 3.360220718383789062e+01 1.879532814025878906e+01
2.461111392974853516e+02 1.337126607894897461e+02 3.399690628051757812e+01 1.911609077453613281e+01
2.444646987915039062e+02 1.345941810607910156e+02 3.353966522216796875e+01 1.868438720703125000e+01
2.425056819915771484e+02 1.346642694473266602e+02 3.277708053588867188e+01 1.865873527526855469e+01
2.410002918243408203e+02 1.344221553802490234e+02 3.282616806030273438e+01 1.846149826049804688e+01
2.392863082885742188e+02 1.340569257736206055e+02 3.190973663330078125e+01 1.839781379699707031e+01
2.375994625091552734e+02 1.334711589813232422e+02 3.126135635375976562e+01 1.869237136840820312e+01
2.361267223358154297e+02 1.341568727493286133e+02 3.079085922241210938e+01 1.813053703308105469e+01
2.339501304626464844e+02 1.330569858551025391e+02 3.086157989501953125e+01 1.861217880249023438e+01
2.326330394744873047e+02 1.339410429000854492e+02 3.092325210571289062e+01 1.814650917053222656e+01
2.287529687881469727e+02 1.326518678665161133e+02 3.184044456481933594e+01 1.799463462829589844e+01
2.279334917068481445e+02 1.332683887481689453e+02 3.106309318542480469e+01 1.768934249877929688e+01
2.274177923202514648e+02 1.337711009979248047e+02 3.013681221008300781e+01 1.751672744750976562e+01
2.263938808441162109e+02 1.328061895370483398e+02 2.942527389526367188e+01 1.756046485900878906e+01
2.244483718872070312e+02 1.334763984680175781e+02 2.856495666503906250e+01 1.719023132324218750e+01
2.225970325469970703e+02 1.330753870010375977e+02 2.891353225708007812e+01 1.698158836364746094e+01
2.210666522979736328e+02 1.338298730850219727e+02 2.859173965454101562e+01 1.652084922790527344e+01
2.193065738677978516e+02 1.330359830856323242e+02 2.850207138061523438e+01 1.643953132629394531e+01
2.187637796401977539e+02 1.333269395828247070e+02 2.776751518249511719e+01 1.624455070495605469e+01
2.173242168426513672e+02 1.336216096878051758e+02 2.738174819946289062e+01 1.634014701843261719e+01
2.157890357971191406e+02 1.336010999679565430e+02 2.666188812255859375e+01 1.645672798156738281e+01
2.148879556655883789e+02 1.329611139297485352e+02 2.681517601013183594e+01 1.649631309509277344e+01
2.139729700088500977e+02 1.326327981948852539e+02 2.597338676452636719e+01 1.659416770935058594e+01
2.129560031890869141e+02 1.329301452636718750e+02 2.565857315063476562e+01 1.633532714843750000e+01
2.149260139465332031e+02 1.329491214752197266e+02 2.240499877929687500e+01 1.606212234497070312e+01
2.132057113647460938e+02 1.327934455871582031e+02 2.291279602050781250e+01 1.634346008300781250e+01
2.121445474624633789e+02 1.326495008468627930e+02 2.160829734802246094e+01 1.654039192199707031e+01
2.115044612884521484e+02 1.324300260543823242e+02 2.126335525512695312e+01 1.661509895324707031e+01
2.105244112014770508e+02 1.320608139038085938e+02 2.071236991882324219e+01 1.643558502197265625e+01
2.101431179046630859e+02 1.328722038269042969e+02 1.987334060668945312e+01 1.597137451171875000e+01
2.089106025695800781e+02 1.324176950454711914e+02 2.023131561279296875e+01 1.623747062683105469e+01
2.056538610458374023e+02 1.328005943298339844e+02 2.074396705627441406e+01 1.550656127929687500e+01
2.035516195297241211e+02 1.321366767883300781e+02 2.149250221252441406e+01 1.599784088134765625e+01
2.021939859390258789e+02 1.322572903633117676e+02 2.105201530456542969e+01 1.597535610198974609e+01
2.009790639877319336e+02 1.329082775115966797e+02 2.132943916320800781e+01 1.551012802124023438e+01
1.997235612869262695e+02 1.326106882095336914e+02 2.174999046325683594e+01 1.626293754577636719e+01
1.976998949050903320e+02 1.316622591018676758e+02 2.121616935729980469e+01 1.672452354431152344e+01
1.964177665710449219e+02 1.329820156097412109e+02 2.238172149658203125e+01 1.564573287963867188e+01
1.959075546264648438e+02 1.330582637786865234e+02 2.155965423583984375e+01 1.627930831909179688e+01
1.931166505813598633e+02 1.319361543655395508e+02 2.221705436706542969e+01 1.658658409118652344e+01
1.838809452056884766e+02 1.324453363418579102e+02 2.998078536987304688e+01 1.608230400085449219e+01
1.823626337051391602e+02 1.323107461929321289e+02 3.084007835388183594e+01 1.720791435241699219e+01
1.825470924377441406e+02 1.325546827316284180e+02 3.104564666748046875e+01 1.733151435852050781e+01
1.819690446853637695e+02 1.320233573913574219e+02 3.106925010681152344e+01 1.784239959716796875e+01
1.825928897857666016e+02 1.325202121734619141e+02 3.099309158325195312e+01 1.751694107055664062e+01
1.835949621200561523e+02 1.323456859588623047e+02 3.005668830871582031e+01 1.775644302368164062e+01
1.818581237792968750e+02 1.319934005737304688e+02 3.230593109130859375e+01 1.762753295898437500e+01
1.821990833282470703e+02 1.320786991119384766e+02 3.168322372436523438e+01 1.784186935424804688e+01
1.825215778350830078e+02 1.323305320739746094e+02 3.160100936889648438e+01 1.716120147705078125e+01
1.821314306259155273e+02 1.323243970870971680e+02 3.192544746398925781e+01 1.685596656799316406e+01
1.801069278717041016e+02 1.325806961059570312e+02 3.313035202026367188e+01 1.708216857910156250e+01
