1.300000000000000000e+01 1.640000000000000000e+02 2.400000000000000000e+01 2.300000000000000000e+01
1.344173526763916016e+01 1.651331787109375000e+02 2.576061058044433594e+01 2.190455627441406250e+01
1.449314117431640625e+01 1.645780086517333984e+02 2.555600738525390625e+01 2.225735855102539062e+01
1.484715461730957031e+01 1.642660408020019531e+02 2.658414077758789062e+01 2.228651428222656250e+01
1.525430393218993430e+01 1.650383844375610352e+02 2.748456382751464844e+01 2.190141868591308594e+01
1.636294174194335938e+01 1.650857887268066406e+02 2.778227996826171875e+01 2.211074066162109375e+01
1.752283859252929688e+01 1.645078754425048828e+02 2.726353454589843750e+01 2.264506149291992188e+01
1.829976558685302734e+01 1.641903123855590820e+02 2.785243415832519531e+01 2.281434440612792969e+01
1.844701671600341797e+01 1.644186792373657227e+02 2.904323005676269531e+01 2.289551353454589844e+01
2.070043468475341797e+01 1.638467702865600586e+02 2.814066505432128906e+01 2.339355659484863281e+01
2.210916042327880149e+01 1.639547262191772461e+02 2.838569068908691406e+01 2.367116737365722656e+01
2.310293388366698508e+01 1.633448896408081055e+02 2.875333023071289062e+01 2.402475166320800781e+01
2.494441890716552024e+01 1.637554197311401367e+02 2.874353218078613281e+01 2.427705574035644531e+01
2.612746047973632102e+01 1.636938953399658203e+02 2.867603302001953125e+01 2.397350692749023438e+01
2.687632083892822266e+01 1.640722084045410156e+02 2.928395652770996094e+01 2.383370971679687500e+01
2.797791481018066406e+01 1.634598550796508789e+02 2.831286239624023438e+01 2.439716911315917969e+01
3.006072711944580078e+01 1.635058708190917969e+02 2.940581321716308594e+01 2.428216552734375000e+01
3.087794685363768821e+01 1.635301036834716797e+02 2.845244979858398438e+01 2.470438766479492188e+01
3.144264984130857954e+01 1.640030660629272461e+02 2.981124114990234375e+01 2.464814949035644531e+01
3.307293891906736860e+01 1.634759721755981445e+02 3.261374282836914062e+01 2.472560691833496094e+01
3.464689826965330610e+01 1.635692777633666992e+02 3.232356643676757812e+01 2.478324317932128906e+01
3.536894798278807173e+01 1.640602674484252930e+02 3.314224624633789062e+01 2.452572822570800781e+01
3.849442577362059126e+01 1.643818712234497070e+02 3.103730201721191406e+01 2.435402488708496094e+01
3.771391868591307173e+01 1.635071535110473633e+02 3.228031539916992188e+01 2.472981834411621094e+01
4.071028614044188032e+01 1.641316509246826172e+02 3.033463859558105469e+01 2.455155563354492188e+01
4.109715843200682173e+01 1.645290365219116211e+02 3.166833877563476562e+01 2.463932991027832031e+01
4.294760322570799360e+01 1.635739202499389648e+02 3.022962570190429688e+01 2.448378944396972656e+01
4.337893772125242720e+01 1.641818408966064453e+02 3.115289878845214844e+01 2.481283187866210938e+01
4.638221073150633345e+01 1.635189609527587891e+02 3.126901054382324219e+01 2.489844894409179688e+01
4.607775306701658735e+01 1.636785640716552734e+02 3.380369949340820312e+01 2.528803634643554688e+01
4.824319076538085938e+01 1.633712978363037109e+02 3.509154510498046875e+01 2.507149124145507812e+01
4.673281669616699219e+01 1.640564470291137695e+02 3.745730209350585938e+01 2.524062919616699219e+01
5.019734191894531250e+01 1.643190793991088867e+02 3.663135528564453125e+01 2.399774360656738281e+01
5.820946025848388672e+01 1.642188377380371094e+02 3.104829597473144531e+01 2.581362152099609375e+01
5.235051155090332031e+01 1.638580427169799805e+02 3.661836624145507812e+01 2.557724952697753906e+01
5.240820693969726562e+01 1.634186658859252930e+02 3.997413635253906250e+01 2.648481941223144531e+01
6.032370185852050781e+01 1.635912380218505859e+02 3.559306716918945312e+01 2.746827316284179688e+01
6.849121761322021484e+01 1.639676170349121094e+02 3.110193824768066406e+01 2.796543121337890625e+01
6.971705818176269531e+01 1.631827297210693359e+02 3.355338668823242188e+01 2.849238204956054688e+01
7.029486656188964844e+01 1.631285266876220703e+02 3.631489944458007812e+01 2.959351730346679688e+01
6.813089179992675781e+01 1.627210063934326172e+02 3.860488510131835938e+01 3.006712722778320312e+01
6.906376838684082031e+01 1.622839412689208984e+02 4.246885299682617188e+01 3.113132095336914062e+01
7.680534172058105469e+01 1.615330677032470703e+02 3.606982803344726562e+01 3.240896224975585938e+01
7.726595306396484375e+01 1.618431606292724609e+02 3.949655151367187500e+01 3.254857254028320312e+01
7.630671310424804688e+01 1.618885192871093750e+02 4.255185699462890625e+01 3.282949829101562500e+01
7.734223175048828125e+01 1.622490119934082031e+02 4.470684814453125000e+01 3.295279693603515625e+01
7.984379005432128906e+01 1.609551868438720703e+02 4.490534591674804688e+01 3.375466537475585938e+01
8.142018318176269531e+01 1.609286918640136719e+02 4.849053573608398438e+01 3.416223907470703125e+01
8.397531127929687500e+01 1.607307090759277344e+02 4.837892150878906250e+01 3.431546783447265625e+01
8.537545204162597656e+01 1.618164825439453125e+02 5.011108016967773438e+01 3.458407592773437500e+01
8.551562118530273438e+01 1.604897193908691406e+02 5.330147552490234375e+01 3.478888702392578125e+01
8.769882392883300781e+01 1.616108551025390625e+02 5.615113449096679688e+01 3.537901306152343750e+01
8.936433029174804688e+01 1.601606903076171875e+02 5.781079864501953125e+01 3.621040344238281250e+01
9.092413330078125000e+01 1.605509662628173828e+02 6.024200439453125000e+01 3.719018173217773438e+01
9.254936027526855469e+01 1.607088584899902344e+02 6.222768020629882812e+01 3.674027252197265625e+01
9.932187080383300781e+01 1.601660804748535156e+02 5.962226486206054688e+01 3.679528045654296875e+01
1.019601612091064453e+02 1.590437564849853516e+02 6.163737106323242188e+01 3.871689987182617188e+01
1.060949497222900391e+02 1.599880714416503906e+02 6.181971359252929688e+01 4.001471710205078125e+01
1.107503528594970703e+02 1.597260379791259766e+02 6.128284835815429688e+01 4.026777267456054688e+01
1.147398128509521484e+02 1.593839092254638672e+02 6.196805191040039062e+01 4.000253677368164062e+01
1.176615676879882812e+02 1.590182838439941406e+02 6.424829101562500000e+01 4.125478363037109375e+01
1.226944427490234375e+02 1.584126663208007812e+02 6.427578735351562500e+01 4.213507080078125000e+01
1.275939674377441406e+02 1.589667015075683594e+02 6.526087188720703125e+01 4.149887847900390625e+01
1.309048233032226562e+02 1.588846931457519531e+02 6.656231689453125000e+01 4.197126007080078125e+01
1.348636054992675781e+02 1.585975265502929688e+02 6.854174041748046875e+01 4.288232421875000000e+01
1.384364852905273438e+02 1.579686412811279297e+02 6.993203735351562500e+01 4.359373855590820312e+01
1.423735160827636719e+02 1.585940055847167969e+02 7.331612396240234375e+01 4.590711212158203125e+01
1.460237846374511719e+02 1.575640277862548828e+02 7.547843170166015625e+01 4.650266647338867188e+01
1.516695594787597656e+02 1.576635646820068359e+02 7.623084259033203125e+01 4.772243118286132812e+01
1.558460121154785156e+02 1.562891674041748047e+02 7.877359771728515625e+01 4.918992996215820312e+01
1.607439727783203125e+02 1.575962753295898438e+02 8.129273986816406250e+01 4.969209289550781250e+01
1.662276268005371094e+02 1.563127517700195312e+02 8.318944549560546875e+01 5.056268310546875000e+01
1.710251045227050781e+02 1.554949169158935547e+02 8.898520660400390625e+01 5.268037796020507812e+01
1.751264457702636719e+02 1.552933673858642578e+02 9.066811370849609375e+01 5.356531906127929688e+01
1.824373283386230469e+02 1.541164283752441406e+02 9.110375213623046875e+01 5.605329132080078125e+01
1.884379920959472656e+02 1.558017120361328125e+02 9.554578399658203125e+01 5.609043884277343750e+01
1.950123977661132812e+02 1.545341472625732422e+02 9.652679443359375000e+01 5.870915603637695312e+01
2.004474563598632812e+02 1.541843929290771484e+02 1.001132202148437500e+02 5.958505630493164062e+01
2.061150093078613281e+02 1.543542098999023438e+02 1.034382095336914062e+02 6.101043701171875000e+01
2.131300659179687500e+02 1.526096286773681641e+02 1.063496551513671875e+02 6.312582015991210938e+01
2.214765739440917969e+02 1.546825275421142578e+02 1.106225509643554688e+02 6.251346969604492188e+01
2.281998023986816406e+02 1.532200088500976562e+02 1.136208877563476562e+02 6.582687377929687500e+01
2.357283096313476562e+02 1.526468582153320312e+02 1.187313842773437500e+02 6.781469726562500000e+01
2.424625625610351562e+02 1.510809402465820312e+02 1.249478454589843750e+02 7.127639770507812500e+01
2.528029708862304688e+02 1.515936088562011719e+02 1.289863891601562500e+02 7.210582733154296875e+01
2.619350357055664062e+02 1.510994491577148438e+02 1.333536071777343750e+02 7.473065185546875000e+01
2.710448455810546875e+02 1.509695739746093750e+02 1.386277618408203125e+02 7.739610290527343750e+01
2.816728210449218750e+02 1.486054458618164347e+02 1.448951873779296875e+02 8.110009765625000000e+01
2.920527572631835938e+02 1.508460807800293253e+02 1.517232666015625000e+02 8.128026580810546875e+01
3.043718566894531250e+02 1.497865905761719318e+02 1.593314971923828125e+02 8.389228820800781250e+01
3.134266662597656250e+02 1.503268241882324787e+02 1.650384368896484375e+02 8.590175628662109375e+01
3.269803924560546875e+02 1.481188850402832600e+02 1.645237579345703125e+02 9.050876617431640625e+01
3.381604003906250000e+02 1.456327590942383665e+02 1.527375030517578125e+02 9.284188842773437500e+01
