1.110000000000000000e+02 1.740000000000000000e+02 2.000000000000000000e+01 1.600000000000000000e+01
1.116327962875366211e+02 1.733710880279541016e+02 1.939450263977050781e+01 1.649812698364257812e+01
1.122502079010009766e+02 1.730242862701416016e+02 1.964050674438476562e+01 1.657392501831054688e+01
1.120244131088256836e+02 1.733498249053955078e+02 1.957308387756347656e+01 1.665956497192382812e+01
1.127901544570922852e+02 1.736884136199951172e+02 2.042905235290527344e+01 1.664515304565429688e+01
1.132640199661254883e+02 1.734506387710571289e+02 2.014450645446777344e+01 1.669071006774902344e+01
1.140274162292480469e+02 1.732809829711914062e+02 2.044235229492187500e+01 1.672024536132812500e+01
1.148674421310424805e+02 1.730656776428222656e+02 2.025122261047363281e+01 1.688266754150390625e+01
1.150519380569458008e+02 1.729814834594726562e+02 2.053203392028808594e+01 1.697060394287109375e+01
1.151241483688354492e+02 1.736340770721435547e+02 2.135221290588378906e+01 1.677435684204101562e+01
1.158755741119384766e+02 1.736283235549926758e+02 2.145162582397460938e+01 1.694599723815917969e+01
1.165299282073974609e+02 1.728986654281616211e+02 2.184804916381835938e+01 1.725715065002441406e+01
1.174857053756713867e+02 1.730123453140258789e+02 2.186352729797363281e+01 1.717512321472167969e+01
1.183864536285400391e+02 1.730904703140258789e+02 2.173266983032226562e+01 1.739093589782714844e+01
1.190548458099365234e+02 1.735083265304565430e+02 2.168935775756835938e+01 1.731754493713378906e+01
1.194479656219482422e+02 1.735910034179687500e+02 2.173917770385742188e+01 1.772598266601562500e+01
1.198579626083374023e+02 1.734025363922119141e+02 2.228936958312988281e+01 1.749414443969726562e+01
1.205159826278686523e+02 1.729575510025024414e+02 2.260094642639160156e+01 1.785214042663574219e+01
1.214082832336425781e+02 1.738884878158569336e+02 2.365906524658203125e+01 1.767251777648925781e+01
1.230987300872802734e+02 1.729433755874633789e+02 2.259433364868164062e+01 1.798835563659667969e+01
1.236269435882568359e+02 1.740654258728027344e+02 2.236513900756835938e+01 1.777346038818359375e+01
1.247359504699707031e+02 1.734205045700073242e+02 2.291567230224609375e+01 1.796334266662597656e+01
1.255484161376953125e+02 1.741611499786376953e+02 2.259865570068359375e+01 1.782877731323242188e+01
1.267829761505126953e+02 1.730688304901123047e+02 2.321902847290039062e+01 1.808011245727539062e+01
1.271791324615478516e+02 1.740593767166137695e+02 2.327571487426757812e+01 1.813483238220214844e+01
1.282106199264526367e+02 1.734336147308349609e+02 2.427438545227050781e+01 1.808294296264648438e+01
1.287817983627319336e+02 1.745647182464599609e+02 2.432658576965332031e+01 1.807613754272460938e+01
1.290666294097900391e+02 1.737585115432739258e+02 2.586007308959960938e+01 1.812123680114746094e+01
1.302397851943969727e+02 1.746067466735839844e+02 2.523413658142089844e+01 1.813885498046875000e+01
1.298521280288696289e+02 1.740351886749267578e+02 2.614615440368652344e+01 1.825600051879882812e+01
1.308526716232299805e+02 1.743746442794799805e+02 2.663582801818847656e+01 1.868322181701660156e+01
1.328992671966552734e+02 1.739162654876708984e+02 2.600026321411132812e+01 1.854752731323242188e+01
1.323050241470336914e+02 1.747990369796752930e+02 2.702911186218261719e+01 1.857274818420410156e+01
1.338331356048583984e+02 1.746699132919311523e+02 2.723234939575195312e+01 1.844336891174316406e+01
1.354031581878662109e+02 1.744206066131591797e+02 2.768380355834960938e+01 1.865261459350585938e+01
1.347424507141113281e+02 1.745826187133789062e+02 2.821822357177734375e+01 1.897383117675781250e+01
1.363414278030395508e+02 1.737970504760742188e+02 2.948638725280761719e+01 1.921866607666015625e+01
1.380524921417236328e+02 1.752098636627197266e+02 2.820811843872070312e+01 1.883766555786132812e+01
1.394041318893432617e+02 1.747120246887207031e+02 2.760316658020019531e+01 1.937313079833984375e+01
1.403111000061035156e+02 1.744212436676025391e+02 2.821265411376953125e+01 1.959945297241210938e+01
1.415527715682983398e+02 1.742267131805419922e+02 2.874388313293457031e+01 1.982232284545898438e+01
1.422245664596557617e+02 1.744905395507812500e+02 2.937560462951660156e+01 1.994013214111328125e+01
1.438126049041748047e+02 1.745645303726196289e+02 2.977648544311523438e+01 2.017178153991699219e+01
1.450144786834716797e+02 1.745888347625732422e+02 3.015340042114257812e+01 2.020250320434570312e+01
1.450580940246582031e+02 1.747868328094482422e+02 3.119870758056640625e+01 2.043610763549804688e+01
1.465702800750732422e+02 1.744686975479125977e+02 3.126791763305664062e+01 2.085417747497558594e+01
1.477152976989746094e+02 1.747038631439208984e+02 3.228932189941406250e+01 2.085115432739257812e+01
1.494701023101806641e+02 1.744141340255737305e+02 3.291022872924804688e+01 2.107735633850097656e+01
1.507439441680908203e+02 1.742492542266845703e+02 3.228453445434570312e+01 2.130817794799804688e+01
1.520391006469726562e+02 1.746728858947753906e+02 3.345635223388671875e+01 2.080741119384765625e+01
1.527606945037841797e+02 1.745805444717407227e+02 3.384334182739257812e+01 2.134619712829589844e+01
1.545530433654785156e+02 1.744579639434814453e+02 3.413428497314453125e+01 2.190928268432617188e+01
1.560480098724365234e+02 1.747298631668090820e+02 3.377374649047851562e+01 2.207211875915527344e+01
1.576989841461181641e+02 1.739305591583251953e+02 3.483298873901367188e+01 2.263923263549804688e+01
1.593524570465087891e+02 1.741316862106323242e+02 3.526018905639648438e+01 2.258006477355957031e+01
1.614209098815917969e+02 1.741364593505859375e+02 3.577735137939453125e+01 2.276926422119140625e+01
1.625811023712158203e+02 1.742831048965454102e+02 3.677658462524414062e+01 2.343453025817871094e+01
1.644087200164794922e+02 1.742610549926757812e+02 3.765140151977539062e+01 2.363941192626953125e+01
1.661166439056396484e+02 1.741637916564941406e+02 3.805944442749023438e+01 2.436875915527343750e+01
1.680730895996093750e+02 1.743701372146606445e+02 3.858616638183593750e+01 2.475932884216308594e+01
1.695978488922119141e+02 1.738701820373535156e+02 3.943575668334960938e+01 2.520349121093750000e+01
1.711804199218750000e+02 1.740742702484130859e+02 3.976625061035156250e+01 2.542834854125976562e+01
1.727359752655029297e+02 1.737957630157470703e+02 4.071437454223632812e+01 2.577929306030273438e+01
1.748084354400634766e+02 1.736211671829223633e+02 4.157453536987304688e+01 2.607483482360839844e+01
1.762964725494384766e+02 1.737695722579956055e+02 4.220460128784179688e+01 2.653844642639160156e+01
1.790341014862060547e+02 1.738943767547607422e+02 4.297980117797851562e+01 2.693638992309570312e+01
1.806489620208740234e+02 1.737853250503540039e+02 4.379471206665039062e+01 2.724564933776855469e+01
1.828397541046142578e+02 1.737571096420288086e+02 4.446390914916992188e+01 2.748286628723144531e+01
1.847188472747802734e+02 1.743335723876953125e+02 4.507580947875976562e+01 2.783654785156250000e+01
1.871875934600830078e+02 1.741238679885864258e+02 4.592741012573242188e+01 2.822736167907714844e+01
1.884589042663574219e+02 1.735835180282592773e+02 4.676842498779296875e+01 2.877826118469238281e+01
1.911536808013916016e+02 1.749291868209838867e+02 4.751815414428710938e+01 2.760805702209472656e+01
1.932763824462890625e+02 1.741688346862792969e+02 4.857778930664062500e+01 2.915872955322265625e+01
1.948384265899658203e+02 1.738035058975219727e+02 5.063126754760742188e+01 2.964156913757324219e+01
1.984418506622314453e+02 1.734451580047607422e+02 5.083793258666992188e+01 3.013855361938476562e+01
2.017138404846191406e+02 1.733591966629028320e+02 5.180588531494140625e+01 3.077747154235839844e+01
2.040119361877441406e+02 1.731745882034301758e+02 5.220490264892578125e+01 3.133043479919433594e+01
2.076089248657226562e+02 1.732901029586791992e+02 5.253526306152343750e+01 3.174782752990722656e+01
2.107334022521972656e+02 1.736533412933349609e+02 5.366217803955078125e+01 3.205418777465820312e+01
2.129857158660888672e+02 1.730405483245849609e+02 5.525290298461914062e+01 3.296989822387695312e+01
2.158362846374511719e+02 1.733449459075927734e+02 5.708380889892578125e+01 3.333035659790039062e+01
2.190214881896972656e+02 1.725635147094726562e+02 5.825435638427734375e+01 3.415792846679687500e+01
2.220860252380371094e+02 1.728911895751953125e+02 5.866701507568359375e+01 3.449125671386718750e+01
2.261255817413330078e+02 1.736490325927734375e+02 5.956621932983398438e+01 3.467228698730468750e+01
2.301885604858398438e+02 1.729973106384277344e+02 6.079783630371093750e+01 3.583501434326171875e+01
2.324967555999755859e+02 1.734130001068115234e+02 6.364267349243164062e+01 3.644057083129882812e+01
2.361915512084960938e+02 1.733693256378173828e+02 6.526748657226562500e+01 3.713566207885742188e+01
2.396699180603027344e+02 1.733531284332275391e+02 6.727242279052734375e+01 3.808983993530273438e+01
2.435263519287109375e+02 1.726797904968261719e+02 6.884132385253906250e+01 3.924054718017578125e+01
2.479100189208984375e+02 1.733391532897949219e+02 7.002764892578125000e+01 3.955121612548828125e+01
2.522682914733886719e+02 1.725516796112060547e+02 7.238567352294921875e+01 4.070436477661132812e+01
2.576422042846679688e+02 1.727110748291015625e+02 7.346974182128906250e+01 4.152717590332031250e+01
2.610916404724121094e+02 1.727898864746093750e+02 7.596973419189453125e+01 4.232005310058593750e+01
2.659836311340332031e+02 1.736813983917236328e+02 7.832064056396484375e+01 4.329726791381835938e+01
2.710242729187011719e+02 1.722773456573486328e+02 8.056330108642578125e+01 4.453141403198242188e+01
2.774213867187500000e+02 1.723638381958007812e+02 8.291230773925781250e+01 4.542016601562500000e+01
2.822590179443359375e+02 1.730577220916748047e+02 8.593769836425781250e+01 4.647801589965820312e+01
2.880264129638671875e+02 1.719611282348632812e+02 8.795671081542968750e+01 4.765110778808593750e+01
2.940691261291503906e+02 1.731639308929443359e+02 9.129276275634765625e+01 4.873308181762695312e+01
3.002926902770996094e+02 1.718771152496337891e+02 9.497777557373046875e+01 5.025410079956054688e+01
3.068965568542480469e+02 1.714846439361572266e+02 9.821749114990234375e+01 5.144239425659179688e+01
3.135947723388671875e+02 1.722327060699462891e+02 1.032604217529296875e+02 5.234342575073242188e+01
3.210006561279296875e+02 1.723213367462158203e+02 1.031082611083984375e+02 5.409572982788085938e+01
3.298736953735351562e+02 1.722150058746337891e+02 1.097005920410156250e+02 5.513941574096679688e+01
3.371352424621582031e+02 1.727947864532470703e+02 1.118820877075195312e+02 5.589434432983398438e+01
3.463164901733398438e+02 1.736420707702636719e+02 1.170372314453125000e+02 5.808563995361328125e+01
3.548561325073242188e+02 1.718276920318603516e+02 1.215154113769531250e+02 6.105848312377929688e+01
3.603124618530273438e+02 1.732515106201171875e+02 1.298836364746093750e+02 6.302154541015625000e+01
3.628529434204101562e+02 1.720781650543212891e+02 1.283094787597656250e+02 6.346171188354492188e+01
3.802560005187988281e+02 1.755193958282470703e+02 1.105618362426757812e+02 6.344210433959960938e+01
3.912048492431640625e+02 1.735685005187988281e+02 1.008507537841796875e+02 6.654903411865234375e+01
