4.400000000000000000e+01 1.680000000000000000e+02 3.000000000000000000e+01 2.000000000000000000e+01
4.468030261993407493e+01 1.679229536056518555e+02 3.115936088562012429e+01 2.053761482238769531e+01
4.601457977294921875e+01 1.680274791717529297e+02 3.197098541259765625e+01 2.109708023071289062e+01
4.728103446960449219e+01 1.673633441925048828e+02 3.232806015014648438e+01 2.135128402709960938e+01
4.913485527038574219e+01 1.677736740112304688e+02 3.267065811157226562e+01 2.159764862060546875e+01
5.049499511718750000e+01 1.676835384368896484e+02 3.285048675537109375e+01 2.192544937133789062e+01
5.184110450744628906e+01 1.673156080245971680e+02 3.362256240844726562e+01 2.223970985412597656e+01
5.277613067626953125e+01 1.677947540283203125e+02 3.456908416748046875e+01 2.291274261474609375e+01
5.401206970214843750e+01 1.672079820632934570e+02 3.575883483886718750e+01 2.305433464050292969e+01
5.669981575012207031e+01 1.673327608108520508e+02 3.534794998168945312e+01 2.380764579772949219e+01
5.831000709533691406e+01 1.669304409027099609e+02 3.625307083129882812e+01 2.361449050903320312e+01
6.059495735168457031e+01 1.666235265731811523e+02 3.631615066528320312e+01 2.421306800842285156e+01
6.201982307434082031e+01 1.672788753509521484e+02 3.754244613647460938e+01 2.465181350708007812e+01
6.332955932617187500e+01 1.664004859924316406e+02 3.869535827636718750e+01 2.470765686035156250e+01
6.515383338928222656e+01 1.664509496688842773e+02 3.877717208862304688e+01 2.506874275207519531e+01
6.761776924133300781e+01 1.671880578994750977e+02 3.932123947143554688e+01 2.578546714782714844e+01
6.988168525695800781e+01 1.667517480850219727e+02 3.988109970092773438e+01 2.588092613220214844e+01
7.172391510009765625e+01 1.667231950759887695e+02 4.092346191406250000e+01 2.627769279479980469e+01
7.387871360778808594e+01 1.663784856796264648e+02 4.178740310668945312e+01 2.660396766662597656e+01
7.540462112426757812e+01 1.658715581893920898e+02 4.250986480712890625e+01 2.734459877014160156e+01
7.758581733703613281e+01 1.659933490753173828e+02 4.346439743041992188e+01 2.796248245239257812e+01
8.036981201171875000e+01 1.661199169158935547e+02 4.389334106445312500e+01 2.833312606811523438e+01
8.277022933959960938e+01 1.661787652969360352e+02 4.517250823974609375e+01 2.912308311462402344e+01
8.567035865783691406e+01 1.656695203781127930e+02 4.568352890014648438e+01 2.918251228332519531e+01
8.786725807189941406e+01 1.651614408493041992e+02 4.660784530639648438e+01 2.993377876281738281e+01
9.073546028137207031e+01 1.653938198089599609e+02 4.744068527221679688e+01 3.087932968139648438e+01
9.381445884704589844e+01 1.650252161026000977e+02 4.833034133911132812e+01 3.128023338317871094e+01
9.551949501037597656e+01 1.650959806442260742e+02 4.919938278198242188e+01 3.118942451477050781e+01
9.802595329284667969e+01 1.654755229949951172e+02 5.105116653442382812e+01 3.242823410034179688e+01
1.018844909667968750e+02 1.658989143371582031e+02 5.144160461425781250e+01 3.220878601074218750e+01
1.048224658966064453e+02 1.650522613525390625e+02 5.287214279174804688e+01 3.309645843505859375e+01
1.080552749633789062e+02 1.647863311767578125e+02 5.394009399414062500e+01 3.400977325439453125e+01
1.114132499694824219e+02 1.646871109008789062e+02 5.526860809326171875e+01 3.522306060791015625e+01
1.146756515502929688e+02 1.644476070404052734e+02 5.666493225097656250e+01 3.580372238159179688e+01
1.186238231658935547e+02 1.643183116912841797e+02 5.771152114868164062e+01 3.635854721069335938e+01
1.224594497680664062e+02 1.649471607208251953e+02 5.997631835937500000e+01 3.740318679809570312e+01
1.264617156982421875e+02 1.638482513427734375e+02 6.088796997070312500e+01 3.692833709716796875e+01
1.298293075561523438e+02 1.642998752593994141e+02 6.344592285156250000e+01 3.890202713012695312e+01
1.335937232971191406e+02 1.636716232299804688e+02 6.491538238525390625e+01 3.969510650634765625e+01
1.376896209716796875e+02 1.622042407989501953e+02 6.896374511718750000e+01 4.102225112915039062e+01
1.422236671447753906e+02 1.641586933135986328e+02 6.817142486572265625e+01 4.133530044555664062e+01
1.463642730712890625e+02 1.635042476654052734e+02 6.910034179687500000e+01 4.167811203002929688e+01
1.513350982666015625e+02 1.620261840820312500e+02 7.148646545410156250e+01 4.388127899169921875e+01
1.561190986633300781e+02 1.632662315368652344e+02 7.396399688720703125e+01 4.435624694824218750e+01
1.602387123107910156e+02 1.618699131011962891e+02 7.674358367919921875e+01 4.654457473754882812e+01
1.657708892822265625e+02 1.618680744171142578e+02 7.847096252441406250e+01 4.692808914184570312e+01
1.709103126525878906e+02 1.612953147888183594e+02 8.183863067626953125e+01 4.819825744628906250e+01
1.779098854064941406e+02 1.619630908966064453e+02 8.320594024658203125e+01 4.952222061157226562e+01
1.840441932678222656e+02 1.610399818420410156e+02 8.604496002197265625e+01 5.089303588867187500e+01
1.902394599914550781e+02 1.597970294952392578e+02 9.064585113525390625e+01 5.325888442993164062e+01
1.970083427429199219e+02 1.605788173675537109e+02 9.142171478271484375e+01 5.416198348999023438e+01
2.036092109680175781e+02 1.594128971099853516e+02 9.740586090087890625e+01 5.569816970825195312e+01
2.113556632995605469e+02 1.593841209411621094e+02 9.836345672607421875e+01 5.729301452636718750e+01
2.191385574340820312e+02 1.590645046234130859e+02 1.035145263671875000e+02 5.902431869506835938e+01
2.276106567382812500e+02 1.599990863800048828e+02 1.067317657470703125e+02 5.990634536743164062e+01
2.354283027648925781e+02 1.594456596374511719e+02 1.102845840454101562e+02 6.197682189941406250e+01
2.443220405578613281e+02 1.596647109985351562e+02 1.150879592895507812e+02 6.367684173583984375e+01
2.549149055480957031e+02 1.587974472045898438e+02 1.197230911254882812e+02 6.620397186279296875e+01
2.640204544067382812e+02 1.594683151245117188e+02 1.252131958007812500e+02 6.818730926513671875e+01
2.750699310302734375e+02 1.590467987060546875e+02 1.294330596923828125e+02 7.032740020751953125e+01
2.857224044799804688e+02 1.591822204589843750e+02 1.351227416992187500e+02 7.222183990478515625e+01
2.991070404052734375e+02 1.606073265075683878e+02 1.424416046142578125e+02 7.295674133300781250e+01
3.091817626953125000e+02 1.588966293334961222e+02 1.546537628173828125e+02 7.698723602294921875e+01
3.233910827636718750e+02 1.591430854797363565e+02 1.620269012451171875e+02 7.960766601562500000e+01
3.318701553344726562e+02 1.597343521118164347e+02 1.560522155761718750e+02 8.119661712646484375e+01
3.499239730834960938e+02 1.583229675292969034e+02 1.402489624023437500e+02 8.273398590087890625e+01
3.627001800537109375e+02 1.562494773864746378e+02 1.290977325439453125e+02 8.925233459472656250e+01
3.806936645507812500e+02 1.556890754699707315e+02 1.104276275634765625e+02 8.969329833984375000e+01
