5.000000000000000000e+00 1.710000000000000000e+02 2.100000000000000000e+01 1.500000000000000000e+01
4.633919715881347656e+00 1.696787214279174805e+02 2.342303276062011719e+01 1.595680427551269531e+01
5.612909317016601562e+00 1.694933366775512695e+02 2.298054122924804688e+01 1.621488761901855469e+01
5.751681327819824219e+00 1.693469972610473633e+02 2.273235511779785156e+01 1.653384208679199219e+01
6.458720207214355469e+00 1.692821140289306641e+02 2.254885292053222656e+01 1.654584884643554688e+01
6.432733535766601562e+00 1.692512435913085938e+02 2.244253921508789062e+01 1.681356811523437500e+01
6.755722045898437500e+00 1.691794242858886719e+02 2.251934051513671875e+01 1.715203094482421875e+01
7.125799179077148438e+00 1.700851564407348633e+02 2.242739486694335938e+01 1.709817314147949219e+01
7.362701416015625000e+00 1.696421909332275391e+02 2.385871887207031250e+01 1.708173751831054688e+01
7.480085372924804688e+00 1.692414760589599609e+02 2.410147476196289062e+01 1.731921768188476562e+01
8.137210845947265625e+00 1.694185628890991211e+02 2.329129028320312500e+01 1.804197120666503906e+01
9.159276962280273438e+00 1.703021154403686523e+02 2.347829055786132812e+01 1.793409156799316406e+01
9.541325569152832031e+00 1.692543821334838867e+02 2.515956687927246094e+01 1.716625404357910156e+01
1.043406867980957031e+01 1.697388801574707031e+02 2.370884323120117188e+01 1.899381256103515625e+01
1.029070949554443359e+01 1.691133604049682617e+02 2.544729804992675781e+01 1.795334815979003906e+01
1.148068809509277344e+01 1.699613904953002930e+02 2.447516250610351562e+01 1.934300422668457031e+01
1.088364410400390625e+01 1.690274162292480469e+02 2.568623352050781250e+01 1.884652709960937500e+01
1.227544975280761719e+01 1.696872262954711914e+02 2.540240097045898438e+01 2.024432945251464844e+01
1.245493125915527344e+01 1.697924919128417969e+02 2.594134902954101562e+01 2.044820404052734375e+01
1.188698577880860086e+01 1.688288803100585938e+02 2.646751403808593750e+01 2.056749725341796875e+01
9.400692939758307887e+00 1.700242376327514648e+02 2.989436912536621094e+01 2.067912483215332031e+01
1.123119544982910867e+01 1.699168357849121094e+02 2.927844619750976562e+01 2.095522308349609375e+01
1.231122207641602273e+01 1.700645990371704102e+02 2.826108551025390625e+01 2.084831809997558594e+01
1.305346870422363281e+01 1.699918804168701172e+02 2.875185775756835938e+01 2.108860397338867188e+01
1.302622795104981179e+01 1.693797492980957031e+02 2.911730575561523438e+01 2.118458557128906250e+01
1.353111839294434304e+01 1.694955310821533203e+02 3.014957809448242188e+01 2.061777114868164062e+01
1.348228168487549539e+01 1.693014020919799805e+02 3.107044029235839844e+01 2.075542640686035156e+01
1.524722194671631570e+01 1.691807823181152344e+02 3.022104835510253906e+01 2.094289398193359375e+01
1.628618812561035867e+01 1.696572141647338867e+02 2.875065231323242188e+01 2.116691780090332031e+01
1.706802749633790484e+01 1.690787811279296875e+02 2.931275939941406250e+01 2.158650970458984375e+01
1.693773174285890093e+01 1.699527931213378906e+02 2.979777717590332031e+01 2.151874542236328125e+01
1.690810394287110796e+01 1.689625711441040039e+02 3.054998016357421875e+01 2.203896141052246094e+01
1.837691974639893999e+01 1.694323921203613281e+02 3.030337333679199219e+01 2.178321075439453125e+01
2.005542278289795632e+01 1.692340259552001953e+02 2.877135658264160156e+01 2.180578994750976562e+01
2.090580654144287820e+01 1.689654674530029297e+02 2.840913581848144531e+01 2.180861282348632812e+01
2.145969104766846414e+01 1.691972970962524414e+02 2.844231986999511719e+01 2.181551933288574219e+01
2.156559944152832742e+01 1.693748016357421875e+02 2.869896316528320312e+01 2.209633636474609375e+01
2.238038444519043679e+01 1.691153717041015625e+02 2.981128311157226562e+01 2.209093475341796875e+01
2.212150955200195312e+01 1.689501438140869141e+02 3.002948760986328125e+01 2.253787612915039062e+01
2.322422981262207742e+01 1.689445018768310547e+02 3.006037521362304688e+01 2.258102035522460938e+01
2.447177696228028765e+01 1.691740961074829102e+02 2.967152786254882812e+01 2.267328453063964844e+01
2.625846767425538530e+01 1.689173936843872070e+02 2.921186256408691406e+01 2.297130393981933594e+01
2.619498538970948687e+01 1.700146980285644531e+02 2.979090690612792969e+01 2.276771545410156250e+01
2.715821743011476741e+01 1.694910488128662109e+02 2.946639442443847656e+01 2.306254959106445312e+01
2.832304954528811436e+01 1.691247777938842773e+02 3.001472854614257812e+01 2.327092170715332031e+01
2.882772159576418858e+01 1.691063432693481445e+02 3.019804954528808594e+01 2.361123466491699219e+01
2.893809509277345882e+01 1.696922864913940430e+02 3.112751770019531250e+01 2.360013771057128906e+01
3.031026840209963069e+01 1.693692970275878906e+02 3.006479644775390625e+01 2.401028442382812500e+01
3.162986850738527522e+01 1.696643199920654297e+02 3.001720237731933594e+01 2.421308517456054688e+01
3.092518711090090022e+01 1.691299638748168945e+02 3.132243919372558594e+01 2.427549552917480469e+01
3.278038024902345882e+01 1.690454273223876953e+02 3.075661468505859375e+01 2.475693893432617188e+01
3.134166717529299007e+01 1.692489318847656250e+02 3.289070892333985086e+01 2.461027526855468750e+01
3.344719505310061436e+01 1.688979902267456055e+02 3.204649734497070312e+01 2.513122749328613281e+01
3.374532127380373936e+01 1.697976074218750000e+02 3.372388076782226562e+01 2.509693145751953125e+01
3.229028701782230115e+01 1.691445913314819336e+02 3.678358459472655539e+01 2.564474678039550781e+01
3.347971916198734021e+01 1.696787643432617188e+02 3.656055831909178977e+01 2.595818328857421875e+01
3.335229301452639561e+01 1.688736810684204102e+02 3.743510055541992188e+01 2.623966026306152344e+01
3.413866233825686436e+01 1.689695224761962891e+02 3.804601669311523438e+01 2.659627151489257812e+01
3.482193756103518467e+01 1.691979703903198242e+02 3.863224029541015625e+01 2.678344917297363281e+01
3.447071075439455967e+01 1.691500787734985352e+02 3.952103424072265625e+01 2.708299827575683594e+01
3.596053695678713780e+01 1.693081808090209961e+02 3.953038024902343750e+01 2.720432472229003906e+01
3.636907958984377842e+01 1.690286216735839844e+02 4.003168487548828125e+01 2.743153381347656250e+01
3.769015884399416905e+01 1.691704711914062500e+02 4.037680053710937500e+01 2.768350982666015625e+01
3.820843505859377842e+01 1.689210081100463867e+02 4.111081695556640625e+01 2.787166023254394531e+01
3.878195190429690342e+01 1.687908000946044922e+02 4.145714569091796875e+01 2.802343368530273438e+01
4.004688644409182530e+01 1.693390998840332031e+02 4.204791259765625000e+01 2.825914001464843750e+01
4.079603385925295811e+01 1.693639612197875977e+02 4.252059555053710938e+01 2.856451988220214844e+01
4.184681701660159092e+01 1.683216361999511719e+02 4.261368560791015625e+01 2.884127807617187500e+01
4.145760917663577061e+01 1.688293190002441406e+02 4.372282028198242188e+01 2.911811828613281250e+01
4.328225708007815342e+01 1.684020509719848633e+02 4.391608428955078125e+01 2.932024955749511719e+01
4.489908981323245030e+01 1.684943504333496094e+02 4.488911437988281250e+01 2.958239746093750000e+01
4.542592620849612217e+01 1.689531574249267578e+02 4.528527069091796875e+01 2.955037307739257812e+01
4.509368133544924717e+01 1.687468376159667969e+02 4.593325042724609375e+01 2.991320800781250000e+01
4.702007865905764561e+01 1.686971731185913086e+02 4.590244674682617188e+01 3.001944923400878906e+01
4.903194808959963780e+01 1.685591325759887695e+02 4.641712951660156250e+01 3.045391654968261719e+01
4.857280158996584873e+01 1.685617237091064453e+02 4.722398757934570312e+01 3.076776504516601562e+01
5.019478607177737217e+01 1.686671819686889648e+02 4.765351104736328125e+01 3.096584510803222656e+01
5.127544975280764561e+01 1.682571344375610352e+02 4.875187301635742188e+01 3.134244346618652344e+01
5.274292755126955967e+01 1.684122343063354492e+02 4.952140045166015625e+01 3.144607734680175781e+01
5.283101081848147373e+01 1.678849964141845703e+02 4.989928054809570312e+01 3.200568008422851562e+01
5.480665206909182530e+01 1.675075874328613281e+02 5.006015014648437500e+01 3.256361389160156250e+01
5.570967483520510655e+01 1.671821231842041016e+02 5.103739929199218750e+01 3.312520217895507812e+01
5.699324798583987217e+01 1.677280445098876953e+02 5.169243621826171875e+01 3.318068313598632812e+01
5.861212921142580967e+01 1.675353393554687500e+02 5.212621307373046875e+01 3.378734588623046875e+01
5.961501693725588780e+01 1.677041320800781250e+02 5.311503601074218750e+01 3.378824615478515625e+01
6.101525306701662998e+01 1.664908752441406250e+02 5.394905471801757812e+01 3.452329254150390625e+01
6.369861602783205967e+01 1.676379604339599609e+02 5.450440216064453125e+01 3.417962265014648438e+01
6.490059852600100498e+01 1.673468074798583984e+02 5.481799697875976562e+01 3.495518112182617188e+01
6.605957984924319248e+01 1.669393806457519531e+02 5.543500137329101562e+01 3.538449096679687500e+01
6.704428482055666905e+01 1.664364051818847656e+02 5.645843505859375000e+01 3.580949401855468750e+01
6.919046974182131748e+01 1.670713691711425781e+02 5.705578994750976562e+01 3.603836059570312500e+01
6.985158538818362217e+01 1.664536514282226562e+02 5.842604827880859375e+01 3.679920196533203125e+01
7.182246017456058951e+01 1.659814929962158203e+02 5.928050231933595171e+01 3.741066360473632812e+01
7.362380790710454903e+01 1.669264125823974609e+02 5.968366622924804688e+01 3.711150741577148438e+01
7.519931793212896309e+01 1.660538291931152344e+02 6.078690338134765625e+01 3.824397277832031250e+01
7.684000968933111153e+01 1.656146659851074219e+02 6.210964584350585938e+01 3.858415222167968750e+01
7.871284484863285513e+01 1.660623397827148438e+02 6.295650482177735796e+01 3.879131317138671875e+01
8.062063598632819605e+01 1.667256031036376953e+02 6.382155609130857954e+01 3.929489517211914062e+01
8.238783645629888497e+01 1.656009521484375000e+02 6.469079589843750000e+01 4.014232635498046875e+01
8.416624069213872872e+01 1.652997589111328125e+02 6.541464233398437500e+01 4.064693450927734375e+01
8.620469665527349434e+01 1.658397064208984375e+02 6.666008758544921875e+01 4.099263763427734375e+01
8.766846466064460230e+01 1.658324279785156250e+02 6.749288177490232954e+01 4.152729034423828125e+01
9.005757141113286934e+01 1.647582492828369141e+02 6.852899932861328125e+01 4.247067642211914062e+01
9.260193634033208809e+01 1.654485588073730469e+02 6.987857818603515625e+01 4.245852661132812500e+01
9.436513137817388497e+01 1.650053634643554688e+02 7.070585632324218750e+01 4.327913665771484375e+01
9.634032058715825997e+01 1.646512031555175781e+02 7.217744445800781250e+01 4.408796691894531250e+01
9.907088470458990059e+01 1.646771850585937500e+02 7.306201934814453125e+01 4.455381011962890625e+01
1.016567611694336506e+02 1.655462036132812500e+02 7.429660797119140625e+01 4.511177825927734375e+01
1.039225578308106037e+02 1.649929714202880859e+02 7.529118347167968750e+01 4.553428268432617188e+01
1.065572319030762287e+02 1.654575386047363281e+02 7.652275085449218750e+01 4.577050781250000000e+01
1.092383575439453693e+02 1.649674320220947266e+02 7.764954376220703125e+01 4.640451431274414062e+01
1.098264770507813068e+02 1.644790782928466797e+02 8.012390899658203125e+01 4.729737472534179688e+01
1.116417694091797443e+02 1.646802196502685547e+02 8.245027923583984375e+01 4.714156723022460938e+01
1.147566642761231037e+02 1.651490821838378906e+02 8.328778076171875000e+01 4.780039978027343750e+01
1.180861091613770100e+02 1.636266860961914062e+02 8.372306823730468750e+01 4.927089691162109375e+01
1.216748161315918537e+02 1.649490814208984375e+02 8.503222656250000000e+01 4.904090118408203125e+01
1.244584541320801350e+02 1.644404220581054688e+02 8.610969543457031250e+01 5.015843963623046875e+01
1.275264701843262287e+02 1.648118534088134766e+02 8.762374877929687500e+01 5.037282180786132812e+01
1.306562881469727131e+02 1.645514488220214844e+02 8.923993682861328125e+01 5.132237243652343750e+01
1.330704994201660725e+02 1.640684852600097656e+02 9.068595886230468750e+01 5.227133178710937500e+01
1.365150299072266193e+02 1.649322109222412109e+02 9.266231536865234375e+01 5.293719100952148438e+01
1.396680679321289631e+02 1.638544998168945312e+02 9.457361602783203125e+01 5.406011199951171875e+01
1.430571289062500568e+02 1.649315471649169922e+02 9.639928436279296875e+01 5.448383712768554688e+01
1.457695274353027912e+02 1.643674621582031250e+02 9.808685302734375000e+01 5.551087188720703125e+01
1.484198303222656818e+02 1.640652503967285156e+02 1.005414352416992188e+02 5.673452758789062500e+01
1.515587234497070881e+02 1.639493141174316406e+02 1.021311416625976562e+02 5.744348144531250000e+01
1.551007919311524006e+02 1.645290870666503906e+02 1.043960647583007812e+02 5.824761962890625000e+01
1.595208740234375568e+02 1.637744789123535156e+02 1.067766036987304688e+02 5.948040771484375000e+01
1.633687171936035725e+02 1.641721420288085938e+02 1.093211212158203125e+02 6.027080535888671875e+01
1.666608085632324787e+02 1.635185356140136719e+02 1.112421264648437500e+02 6.193577575683593750e+01
1.704819908142090412e+02 1.636028194427490234e+02 1.142643127441406250e+02 6.307339096069335938e+01
1.746469497680664631e+02 1.637433586120605469e+02 1.169840774536132812e+02 6.410169982910156250e+01
1.788341369628906818e+02 1.642916336059570312e+02 1.193909530639648438e+02 6.521486663818359375e+01
1.831685028076172443e+02 1.644554061889648438e+02 1.222860336303710938e+02 6.636519622802734375e+01
1.872075347900391193e+02 1.639558067321777344e+02 1.254911117553710938e+02 6.797611999511718750e+01
1.921018409729004475e+02 1.638383941650390625e+02 1.278856658935546875e+02 6.892569732666015625e+01
1.970712547302246662e+02 1.639239044189453125e+02 1.305748291015625000e+02 7.055246734619140625e+01
2.017911033630371662e+02 1.639008407592773438e+02 1.338737792968750000e+02 7.191411590576171875e+01
2.070124473571778481e+02 1.638877563476562784e+02 1.369224548339843750e+02 7.346442413330078125e+01
2.117537727355958168e+02 1.631964836120605753e+02 1.408793182373046875e+02 7.522340393066406250e+01
2.169839439392090981e+02 1.630075492858886719e+02 1.446912841796875000e+02 7.680055236816406250e+01
2.227325706481934731e+02 1.645935287475586222e+02 1.481021118164062500e+02 7.655327606201171875e+01
2.271700859069825356e+02 1.630169029235840128e+02 1.523809204101562500e+02 7.995301818847656250e+01
2.345470085144044106e+02 1.638336257934570881e+02 1.565955200195312500e+02 7.947216033935546875e+01
2.377474708557130043e+02 1.636775054931641193e+02 1.640820159912109375e+02 8.147272491455078125e+01
2.458202400207520668e+02 1.635219650268555256e+02 1.662918243408203125e+02 8.252870941162109375e+01
2.524262428283692543e+02 1.640155029296875568e+02 1.708592681884765625e+02 8.428955841064453125e+01
2.588216285705567543e+02 1.636860542297363850e+02 1.763710784912109375e+02 8.568670654296875000e+01
2.648413047790528481e+02 1.630808448791504759e+02 1.821241760253906250e+02 8.764425659179687500e+01
2.689336967468262856e+02 1.639966545104981037e+02 1.888750610351562500e+02 8.699723815917968750e+01
2.786532707214356606e+02 1.640864677429199787e+02 1.939270019531250000e+02 8.866233825683593750e+01
2.848746299743653481e+02 1.641888656616211506e+02 1.985663146972656250e+02 8.860262298583984375e+01
2.917695655822755043e+02 1.639057044982910725e+02 1.950445098876953125e+02 8.653271484375000000e+01
3.028226966857911293e+02 1.640146102905274006e+02 1.865873565673828125e+02 8.944222259521484375e+01
3.094197502136231606e+02 1.628846511840820881e+02 1.801350097656250000e+02 9.176366424560546875e+01
