1.720000000000000000e+02 1.910000000000000000e+02 1.600000000000000000e+01 1.500000000000000000e+01
1.714392867088317871e+02 1.921286792755126953e+02 1.486144351959228516e+01 1.646111679077148438e+01
1.709846901893615723e+02 1.970996522903442383e+02 1.493241405487060547e+01 1.689152336120605469e+01
1.649596138000488281e+02 2.003951072692871094e+02 1.611745452880859375e+01 1.782950592041015625e+01
1.583949394226074219e+02 2.098517341613769531e+02 1.712505722045898438e+01 1.798033905029296875e+01
1.518616895675659180e+02 2.133155841827392578e+02 1.732708549499511719e+01 1.898604965209960938e+01
1.465033264160156250e+02 2.187562732696533203e+02 1.923113632202148438e+01 2.186049270629882812e+01
1.363801879882812500e+02 2.244130792617797852e+02 1.797872924804687500e+01 1.782759666442871094e+01
1.297769851684570312e+02 2.202529106140136719e+02 1.620335388183593750e+01 1.652847290039062500e+01
1.255380096435546875e+02 2.159158201217651367e+02 1.591030883789062500e+01 1.656929969787597656e+01
1.224514718055725098e+02 2.116116199493408203e+02 1.569888973236083984e+01 1.695402526855468750e+01
1.181571054458618164e+02 2.088672571182250977e+02 1.667857551574707031e+01 1.713368797302246094e+01
1.174250383377075195e+02 2.079905319213867188e+02 1.697939491271972656e+01 1.672922515869140625e+01
1.129075889587402344e+02 2.054906206130981445e+02 1.655969238281250000e+01 1.618039512634277344e+01
1.126089906692504883e+02 2.026131200790405273e+02 1.612126731872558594e+01 1.648434638977050781e+01
1.116139326095581055e+02 2.035907716751098633e+02 1.636068916320800781e+01 1.689604759216308594e+01
1.132162208557128906e+02 2.049232778549194336e+02 1.630772399902343750e+01 1.665085792541503906e+01
1.143225536346435547e+02 2.079255685806274414e+02 1.672149276733398438e+01 1.685045433044433594e+01
1.188445014953613281e+02 2.151274738311767578e+02 1.622457122802734375e+01 1.586709213256835938e+01
1.225052595138549805e+02 2.215162024497985840e+02 1.625773811340332031e+01 1.567355823516845703e+01
1.246465587615966797e+02 2.259497604370117188e+02 1.607257461547851562e+01 1.688869476318359375e+01
1.286006841659545898e+02 2.308656597137451172e+02 1.715081214904785156e+01 1.713434028625488281e+01
1.325585250854492188e+02 2.216531209945678711e+02 1.818630218505859375e+01 1.848144912719726562e+01
1.370112476348876953e+02 2.152376146316528320e+02 1.988486099243164062e+01 1.893431091308593750e+01
1.376251268386840820e+02 2.103688650131225586e+02 2.072322654724121094e+01 2.054388809204101562e+01
1.383770799636840820e+02 2.100227432250976562e+02 1.984668540954589844e+01 1.900495338439941406e+01
1.370913667678833008e+02 2.089166831970214844e+02 1.979176139831542969e+01 1.953101539611816406e+01
1.324070281982421875e+02 2.096527376174926758e+02 1.946802520751953125e+01 1.958289337158203125e+01
1.280963039398193359e+02 2.116517114639282227e+02 1.737715530395507812e+01 1.837851715087890625e+01
1.219606342315673828e+02 2.177100362777709961e+02 1.698080444335937500e+01 1.738531875610351562e+01
1.186160345077514648e+02 2.231854429244995117e+02 1.650173377990722656e+01 1.649484634399414062e+01
1.132772912979125977e+02 2.301570439338684082e+02 1.619825172424316406e+01 1.499589633941650391e+01
1.109279117584228516e+02 2.317004380226135254e+02 1.682458114624023438e+01 1.560971546173095703e+01
1.064312248229980469e+02 2.258177204132080078e+02 1.625647735595703125e+01 1.611494636535644531e+01
1.025561227798461914e+02 2.219065217971801758e+02 1.627799034118652344e+01 1.706965637207031250e+01
1.004561862945556641e+02 2.184772729873657227e+02 1.675093078613281250e+01 1.725533676147460938e+01
9.765436840057373047e+01 2.161238346099853516e+02 1.637116432189941406e+01 1.644762229919433594e+01
9.606499958038330078e+01 2.192364149093627930e+02 1.630386924743652344e+01 1.641243362426757812e+01
9.803810214996337891e+01 2.243662385940551758e+02 1.623549461364746094e+01 1.696687316894531250e+01
9.907289886474609375e+01 2.285708189010620117e+02 1.607955932617187500e+01 1.695109939575195312e+01
1.012411832809448242e+02 2.282688846588134766e+02 1.641236305236816406e+01 1.675255393981933594e+01
1.037408027648925781e+02 2.230740938186645508e+02 1.656444549560546875e+01 1.722137451171875000e+01
1.050871963500976562e+02 2.193720846176147461e+02 1.659790802001953125e+01 1.746922683715820312e+01
1.062358150482177734e+02 2.168243522644042969e+02 1.697973251342773438e+01 1.706689643859863281e+01
1.077878732681274414e+02 2.175191259384155273e+02 1.655927085876464844e+01 1.677749252319335938e+01
1.068520593643188477e+02 2.210949811935424805e+02 1.648856925964355469e+01 1.715352249145507812e+01
1.059426193237304688e+02 2.258600015640258789e+02 1.642167663574218750e+01 1.612382507324218750e+01
1.053490438461303711e+02 2.313404426574707031e+02 1.626999855041503906e+01 1.623725318908691406e+01
1.040960960388183594e+02 2.251386375427246094e+02 1.616247177124023438e+01 1.634148979187011719e+01
1.023893566131591797e+02 2.205449371337890625e+02 1.640427017211914062e+01 1.756714057922363281e+01
1.006798667907714844e+02 2.166055459976196289e+02 1.673712158203125000e+01 1.756189346313476562e+01
1.003055820465087891e+02 2.132245311737060547e+02 1.644381332397460938e+01 1.777870368957519531e+01
1.011109485626220703e+02 2.115143823623657227e+02 1.652003860473632812e+01 1.775524520874023438e+01
1.004829702377319336e+02 2.125664739608764648e+02 1.635144233703613281e+01 1.704926300048828125e+01
1.031630325317382812e+02 2.136859302520751953e+02 1.607842254638671875e+01 1.689139747619628906e+01
1.056371879577636719e+02 2.164181575775146484e+02 1.600167846679687500e+01 1.665567970275878906e+01
1.116102218627929688e+02 2.201111555099487305e+02 1.637868499755859375e+01 1.849738311767578125e+01
1.211469888687133789e+02 2.283675813674926758e+02 1.635787010192871094e+01 1.706781387329101562e+01
1.269591331481933594e+02 2.301980485916137695e+02 1.660128021240234375e+01 1.755344772338867188e+01
1.346903667449951172e+02 2.203401165008544922e+02 1.696599197387695312e+01 1.961607933044433594e+01
1.401288585662841797e+02 2.165327253341674805e+02 1.662700271606445312e+01 1.877231216430664062e+01
1.443408975601196289e+02 2.150330648422241211e+02 1.747046470642089844e+01 1.808311843872070312e+01
1.498441181182861328e+02 2.106821269989013672e+02 1.800690078735351562e+01 1.782399940490722656e+01
1.549335269927978516e+02 2.034740877151489258e+02 1.791803359985351562e+01 2.049597930908203125e+01
1.569899148941040039e+02 2.025199146270751953e+02 1.915028190612792969e+01 2.045585441589355469e+01
1.599925937652587891e+02 1.981365308761596680e+02 1.919558334350585938e+01 1.975201034545898438e+01
1.656908159255981445e+02 1.963412656784057617e+02 1.828752708435058594e+01 1.996720504760742188e+01
1.684009332656860352e+02 1.957607364654541016e+02 1.809720420837402344e+01 1.799112510681152344e+01
1.709904708862304688e+02 1.965024242401123047e+02 1.799873352050781250e+01 1.689917564392089844e+01
1.772274737358093262e+02 1.930340547561645508e+02 1.588401889801025391e+01 1.664030456542968750e+01
1.787919278144836426e+02 1.926790952682495117e+02 1.531729030609130859e+01 1.637319564819335938e+01
1.777649059295654297e+02 1.925666570663452148e+02 1.583529281616210938e+01 1.674808120727539062e+01
1.765401630401611328e+02 1.949680690765380859e+02 1.620849227905273438e+01 1.635870933532714844e+01
1.722186326980590820e+02 1.992088384628295898e+02 1.794583320617675781e+01 1.653418350219726562e+01
1.705587797164916992e+02 2.013711957931518555e+02 1.728381156921386719e+01 1.753481674194335938e+01
1.635462017059326172e+02 2.073531389236450195e+02 1.806169891357421875e+01 1.893608856201171875e+01
1.544574966430664062e+02 2.141208791732788086e+02 1.814752578735351562e+01 1.861603164672851562e+01
1.530914993286132812e+02 2.192484827041625977e+02 1.743884658813476562e+01 2.009026336669921875e+01
1.475439701080322266e+02 2.305250926017761230e+02 1.924451446533203125e+01 1.527969646453857422e+01
1.420598211288452148e+02 2.236615314483642578e+02 1.873780250549316406e+01 1.763061332702636719e+01
1.378339099884033203e+02 2.189600210189819336e+02 1.818298339843750000e+01 1.861922836303710938e+01
1.325850524902343750e+02 2.155299825668334961e+02 1.765762710571289062e+01 1.729300308227539062e+01
1.296808176040649414e+02 2.107630538940429688e+02 1.735507392883300781e+01 1.717349433898925781e+01
1.277148628234863281e+02 2.079720401763916016e+02 1.741766738891601562e+01 1.692851829528808594e+01
1.246500034332275391e+02 2.000618276596069336e+02 1.774547958374023438e+01 1.751908874511718750e+01
1.229763107299804688e+02 1.939696722030639648e+02 1.720790863037109375e+01 1.774227905273437500e+01
1.215927934646606445e+02 1.871961717605590820e+02 1.693504142761230469e+01 1.686191940307617188e+01
1.208837022781372070e+02 1.853895597457885742e+02 1.783347129821777344e+01 1.714724731445312500e+01
1.207840375900268555e+02 1.812842445373535156e+02 1.777366828918457031e+01 1.764826011657714844e+01
1.226648807525634766e+02 1.764690637588500977e+02 1.778865432739257812e+01 1.778527832031250000e+01
1.231764459609985352e+02 1.746410484313964844e+02 1.817495536804199219e+01 1.721374702453613281e+01
1.268906764984130859e+02 1.702327871322631836e+02 2.694682693481445312e+01 2.202997207641601562e+01
1.255643548965454102e+02 1.693142404556274414e+02 2.575864219665527344e+01 2.309826660156250000e+01
1.278497037887573242e+02 1.730456809997558594e+02 2.485160255432128906e+01 2.124070167541503906e+01
1.282848892211914062e+02 1.733934164047241211e+02 1.959089660644531250e+01 1.850269699096679688e+01
1.280155038833618164e+02 1.776636419296264648e+02 1.769658470153808594e+01 1.821763992309570312e+01
1.294888696670532227e+02 1.825730648040771484e+02 1.664610862731933594e+01 1.788979148864746094e+01
1.296030950546264648e+02 1.894952268600463867e+02 1.809534645080566406e+01 1.830924606323242188e+01
1.302872734069824219e+02 1.999230413436889648e+02 1.766013336181640625e+01 1.687849807739257812e+01
1.299361381530761719e+02 2.066296358108520508e+02 1.681792449951171875e+01 1.852011108398437500e+01
1.294573173522949219e+02 2.182972211837768555e+02 1.687127685546875000e+01 1.670819473266601562e+01
1.300820350646972656e+02 2.301458311080932617e+02 1.709154510498046875e+01 1.717480087280273438e+01
1.310982894897460938e+02 2.283445644378662109e+02 1.642290496826171875e+01 1.663850212097167969e+01
1.304398775100708008e+02 2.176133747100830078e+02 1.647157096862792969e+01 1.630745887756347656e+01
1.293074274063110352e+02 2.081853065490722656e+02 1.799306297302246094e+01 1.805191230773925781e+01
1.288626909255981445e+02 2.026981735229492188e+02 1.793240928649902344e+01 1.924088478088378906e+01
1.309003829956054688e+02 1.938057279586791992e+02 1.825443267822265625e+01 1.988311767578125000e+01
1.303167991638183594e+02 1.881453781127929688e+02 1.799968719482421875e+01 1.814616203308105469e+01
1.302335586547851562e+02 1.825166873931884766e+02 1.755647277832031250e+01 1.777302360534667969e+01
1.296345367431640625e+02 1.783679285049438477e+02 1.736588287353515625e+01 1.717388916015625000e+01
1.290475673675537109e+02 1.761355562210083008e+02 1.761914443969726562e+01 1.692813873291015625e+01
1.292272138595581055e+02 1.746211433410644531e+02 1.736289405822753906e+01 1.682460212707519531e+01
1.292934741973876953e+02 1.724290685653686523e+02 1.764740371704101562e+01 1.774123764038085938e+01
1.293861589431762695e+02 1.717011890411376953e+02 1.824144554138183594e+01 1.832678794860839844e+01
1.287807798385620117e+02 1.730096149444580078e+02 1.758162117004394531e+01 1.844167137145996094e+01
1.318316249847412109e+02 1.742392873764038086e+02 1.909968948364257812e+01 1.952862930297851562e+01
1.338764734268188477e+02 1.770582513809204102e+02 1.925609397888183594e+01 1.932017517089843750e+01
1.338251171112060547e+02 1.821028909683227539e+02 1.954240798950195312e+01 1.840899658203125000e+01
1.342984714508056641e+02 1.867109003067016602e+02 2.481784439086914062e+01 2.158542633056640625e+01
1.377690820693969727e+02 1.783278989791870117e+02 2.703397941589355469e+01 3.475650405883789062e+01
1.351399145126342773e+02 1.635650701522827148e+02 2.949218177795410156e+01 5.340086746215820312e+01
1.355673160552978516e+02 1.488529710769653320e+02 2.912216567993164062e+01 7.607373809814453125e+01
1.331755161285400391e+02 1.472651376724243164e+02 3.030661392211914062e+01 8.819586181640625000e+01
1.331481075286865234e+02 1.469364748001098633e+02 3.196386337280273438e+01 9.175455474853515625e+01
1.317420692443847656e+02 1.471696748733520508e+02 3.409741210937500000e+01 9.651576995849609375e+01
1.312814331054687500e+02 1.457499933242797852e+02 3.672319793701171875e+01 9.830802917480468750e+01
1.321353359222412109e+02 1.460848093032836914e+02 3.621413803100585938e+01 9.715469360351562500e+01
1.310586471557617188e+02 1.447810373306274414e+02 3.986966705322265625e+01 9.868803405761718750e+01
1.308448448181152344e+02 1.435769281387329102e+02 4.390972900390625000e+01 9.839173889160156250e+01
1.298374977111816406e+02 1.425144929885864258e+02 4.629109191894531250e+01 1.010498428344726562e+02
1.277471580505371094e+02 1.408526926040649414e+02 5.078756713867187500e+01 1.020799865722656250e+02
1.254564075469970703e+02 1.406035394668579102e+02 5.567406082153320312e+01 1.040378265380859375e+02
1.268124294281005859e+02 1.392687311172485352e+02 5.443781661987304688e+01 1.051956024169921875e+02
1.280237236022949219e+02 1.389002733230590820e+02 5.496582031250000000e+01 1.056371078491210938e+02
1.297832813262939453e+02 1.380317621231079102e+02 5.355205154418945312e+01 1.071893768310546875e+02
1.278560543060302734e+02 1.377109003067016602e+02 5.539762496948242188e+01 1.061351165771484375e+02
1.308297100067138672e+02 1.377350244522094727e+02 5.204809188842773438e+01 1.076508636474609375e+02
1.293504905700683594e+02 1.376186532974243164e+02 5.174331665039062500e+01 1.069454040527343750e+02
1.321359004974365234e+02 1.383404779434204102e+02 4.715732955932617188e+01 1.071346893310546875e+02
1.313652057647705078e+02 1.387428560256958008e+02 4.807179641723632812e+01 1.058311538696289062e+02
1.317533073425292969e+02 1.384168138504028320e+02 4.827166748046875000e+01 1.064678268432617188e+02
1.313543071746826172e+02 1.402825784683227539e+02 4.873525619506835938e+01 1.048905639648437500e+02
1.307744274139404297e+02 1.396980104446411133e+02 4.750014877319335938e+01 1.051469192504882812e+02
1.308420047760009766e+02 1.409913415908813477e+02 4.662509536743164062e+01 1.038656463623046875e+02
1.279104862213134766e+02 1.415974702835083008e+02 4.927823257446289062e+01 1.025308609008789062e+02
1.260973510742187500e+02 1.421634607315063477e+02 5.257726287841796875e+01 1.024758758544921875e+02
1.249643268585205078e+02 1.428273897171020508e+02 5.608946609497070312e+01 1.017903823852539062e+02
1.234436912536621094e+02 1.424282999038696289e+02 5.468353271484375000e+01 1.030025024414062500e+02
1.240670967102050781e+02 1.434578218460083008e+02 5.506806945800781250e+01 1.018678054809570312e+02
1.256387500762939453e+02 1.435406465530395508e+02 5.273851394653320312e+01 1.016567153930664062e+02
1.203432407379150391e+02 1.434461870193481445e+02 5.816171646118164062e+01 1.013145675659179688e+02
1.123466262817382812e+02 1.441728906631469727e+02 6.505664825439453125e+01 9.955833435058593750e+01
1.133995285034179688e+02 1.453374185562133789e+02 6.581363677978515625e+01 9.793264770507812500e+01
1.107080497741699219e+02 1.455988512039184570e+02 6.743634033203125000e+01 9.901836395263671875e+01
1.055213012695312500e+02 1.464527521133422852e+02 7.160448455810546875e+01 9.883161926269531250e+01
1.079174880981445312e+02 1.478359804153442383e+02 6.764246368408203125e+01 1.001640195846557617e+02
1.133400821685791016e+02 1.474816918373107910e+02 6.005997085571289062e+01 9.979627227783203125e+01
1.164729423522949219e+02 1.477453331947326660e+02 5.429559326171875000e+01 9.849649810791015625e+01
1.167530670166015625e+02 1.482493500709533691e+02 5.318968963623046875e+01 9.606088256835937500e+01
1.153857975006103516e+02 1.489231286048889160e+02 5.343814468383789062e+01 9.385202789306640625e+01
1.146588706970214844e+02 1.499517731666564941e+02 5.218862915039062500e+01 9.257443237304687500e+01
1.150591506958007812e+02 1.509864602088928223e+02 5.267862701416015625e+01 9.126833343505859375e+01
1.095644512176513672e+02 1.527650361061096191e+02 5.718737411499023438e+01 9.027615356445312500e+01
1.024077949523925781e+02 1.548382592201232910e+02 6.407923889160156250e+01 8.853647613525390625e+01
1.058533916473388672e+02 1.564204621315002441e+02 6.016189193725585938e+01 8.981573486328125000e+01
1.070984191894531250e+02 1.570965867042541504e+02 5.777321624755859375e+01 8.842930603027343750e+01
1.112555274963378906e+02 1.590447258949279785e+02 5.258387756347656250e+01 8.652613067626953125e+01
1.132750244140625000e+02 1.595157608985900879e+02 5.085433197021484375e+01 8.526374816894531250e+01
1.158114185333251953e+02 1.586517701148986816e+02 4.809239578247070312e+01 8.420016479492187500e+01
1.186605358123779297e+02 1.601282029151916504e+02 4.693169784545898438e+01 8.248860168457031250e+01
1.201136608123779297e+02 1.607354531288146973e+02 4.765229415893554688e+01 8.164061737060546875e+01
1.211527118682861328e+02 1.600813012123107910e+02 4.643817520141601562e+01 8.179474639892578125e+01
1.224134826660156250e+02 1.622547478675842285e+02 4.410445404052734375e+01 7.938979339599609375e+01
1.219718475341796875e+02 1.637734932899475098e+02 4.276168060302734375e+01 7.496079254150390625e+01
1.220512123107910156e+02 1.593067955970764160e+02 4.247296142578125000e+01 7.704717254638671875e+01
1.205765991210937500e+02 1.603738694190979004e+02 4.477918243408203125e+01 7.996714782714843750e+01
1.163376579284667969e+02 1.609310860633850098e+02 4.935548400878906250e+01 8.379523468017578125e+01
1.130364379882812500e+02 1.607305893898010254e+02 5.288129425048828125e+01 8.378970336914062500e+01
1.081371917724609375e+02 1.607430367469787598e+02 5.630301666259765625e+01 8.428293609619140625e+01
1.191902847290039062e+02 1.586966347694396973e+02 4.841399383544921875e+01 8.616922760009765625e+01
1.203352470397949219e+02 1.611851181983947754e+02 5.060087585449218750e+01 8.262115478515625000e+01
1.161825542449951172e+02 1.620181832313537598e+02 5.166369247436523438e+01 8.204026031494140625e+01
1.112616767883300781e+02 1.625699715614318848e+02 5.595069885253906250e+01 8.015912628173828125e+01
1.160561885833740234e+02 1.614499344825744629e+02 4.974329757690429688e+01 8.260089111328125000e+01
1.242366466522216797e+02 1.625961518287658691e+02 4.157638168334960938e+01 7.996580505371093750e+01
1.252697639465332031e+02 1.624748330116271973e+02 4.017082214355468750e+01 8.194591522216796875e+01
1.282691116333007812e+02 1.636136193275451660e+02 3.952260589599609375e+01 7.868715667724609375e+01
1.303384742736816406e+02 1.590247673988342285e+02 3.880191040039062500e+01 8.110897064208984375e+01
1.283834571838378906e+02 1.598964867591857910e+02 4.515202331542968750e+01 7.722481536865234375e+01
1.267045040130615234e+02 1.566988625526428223e+02 4.460062789916992188e+01 8.862212371826171875e+01
1.278437042236328125e+02 1.549924569129943848e+02 3.875914764404296875e+01 9.166242218017578125e+01
1.286160697937011719e+02 1.580591568946838379e+02 3.889640808105468750e+01 8.827874755859375000e+01
1.279731082916259766e+02 1.579183793067932129e+02 3.928531265258789062e+01 8.728379821777343750e+01
1.278176345825195312e+02 1.606928887367248535e+02 4.425302886962890625e+01 8.279195404052734375e+01
1.248680076599121094e+02 1.617919602394104004e+02 4.145703125000000000e+01 7.526287841796875000e+01
1.105148506164550781e+02 1.669854397773742676e+02 2.580702209472656250e+01 3.544894790649414062e+01
1.105686388015747070e+02 1.653434891700744629e+02 2.239613151550292969e+01 3.146657562255859375e+01
1.141515398025512695e+02 1.649853558540344238e+02 1.978580284118652344e+01 3.234515762329101562e+01
1.156863946914672852e+02 1.683111653327941895e+02 2.189584159851074219e+01 3.297638320922851562e+01
1.183669528961181641e+02 1.719518132209777832e+02 2.698626327514648438e+01 3.213070297241210938e+01
1.220545473098754883e+02 1.761993088722229004e+02 2.719331932067871094e+01 2.753710937500000000e+01
1.244175758361816406e+02 1.799033722877502441e+02 3.238785552978515625e+01 2.725991058349609375e+01
9.930445575714111328e+01 1.906666855812072754e+02 2.288844871520996094e+01 2.197412872314453125e+01
9.250663375854492188e+01 1.863046965599060059e+02 2.414268493652343750e+01 2.034079170227050781e+01
1.104015045166015625e+02 1.996842942237854004e+02 1.726664733886718750e+01 1.861203765869140625e+01
1.145724458694458008e+02 2.115982089042663574e+02 1.683987998962402344e+01 1.786173057556152344e+01
1.187289066314697266e+02 2.271094813346862793e+02 1.760643386840820312e+01 1.762402915954589844e+01
1.219739189147949219e+02 2.253195977210998535e+02 1.742837524414062500e+01 1.814056396484375000e+01
1.244945993423461914e+02 2.138270955085754395e+02 1.780469322204589844e+01 1.863040924072265625e+01
1.263077678680419922e+02 2.079604401588439941e+02 1.806519699096679688e+01 1.965512847900390625e+01
1.334225721359252930e+02 2.123254351615905762e+02 1.614212989807128906e+01 1.954353141784667969e+01
1.418634262084960938e+02 2.199328045845031738e+02 1.769282531738281250e+01 1.866752243041992188e+01
1.493815565109252930e+02 2.277230534553527832e+02 1.620028877258300781e+01 1.877518844604492188e+01
1.584347486495971680e+02 2.218625540733337402e+02 1.771158027648925781e+01 1.874230384826660156e+01
1.622877292633056641e+02 2.130578417778015137e+02 1.724860000610351562e+01 1.821596717834472656e+01
1.677950038909912109e+02 2.088128247261047363e+02 1.702937698364257812e+01 1.737763977050781250e+01
1.694861555099487305e+02 2.047387652397155762e+02 1.656899452209472656e+01 1.861929130554199219e+01
1.679737157821655273e+02 2.042738966941833496e+02 1.718763160705566406e+01 1.883699226379394531e+01
1.582138662338256836e+02 2.103000903129577637e+02 1.735850715637207031e+01 1.950761985778808594e+01
1.499659395217895508e+02 2.252320303916931152e+02 1.632024192810058594e+01 1.839357948303222656e+01
1.402457180023193359e+02 2.231618685722351074e+02 1.866043090820312500e+01 1.754261589050292969e+01
1.317181844711303711e+02 2.138259310722351074e+02 1.847159767150878906e+01 1.883950614929199219e+01
1.219359388351440430e+02 2.032983307838439941e+02 1.942465782165527344e+01 2.079470062255859375e+01
1.186075000762939453e+02 1.988668637275695801e+02 1.916847229003906250e+01 1.935644149780273438e+01
1.143844423294067383e+02 1.918093571662902832e+02 1.687967109680175781e+01 1.760712432861328125e+01
1.093473405838012695e+02 1.874044699668884277e+02 1.814144706726074219e+01 1.805373954772949219e+01
1.075482158660888672e+02 1.821221117973327637e+02 1.790365219116210938e+01 1.693545341491699219e+01
1.057843723297119141e+02 1.793088612556457520e+02 1.647523117065429688e+01 1.629140090942382812e+01
1.054107780456542969e+02 1.781637549400329590e+02 1.655253601074218750e+01 1.670162391662597656e+01
1.058149280548095703e+02 1.772628884315490723e+02 1.749432754516601562e+01 1.703064727783203125e+01
1.064994382858276367e+02 1.792421021461486816e+02 1.749633216857910156e+01 1.691823577880859375e+01
1.070285863876342773e+02 1.876391682624816895e+02 1.653859138488769531e+01 1.764542007446289062e+01
1.057389297485351562e+02 1.970377335548400879e+02 1.684648132324218750e+01 1.735894012451171875e+01
1.075204620361328125e+02 2.121307797431945801e+02 1.646973419189453125e+01 1.905003738403320312e+01
1.088297653198242188e+02 2.310569777488708496e+02 1.649370574951171875e+01 1.649479103088378906e+01
1.096842222213745117e+02 2.171443371772766113e+02 1.628045082092285156e+01 1.793280410766601562e+01
1.115659065246582031e+02 2.020628199577331543e+02 2.036904907226562500e+01 2.012630653381347656e+01
1.124645156860351562e+02 1.962965168952941895e+02 2.035379028320312500e+01 1.983225250244140625e+01
1.168264732360839844e+02 1.919544711112976074e+02 2.260693359375000000e+01 2.455948066711425781e+01
1.184208517074584961e+02 1.866713776588439941e+02 2.761073493957519531e+01 2.638515853881835938e+01
1.190476379394531250e+02 1.778612542152404785e+02 2.609478759765625000e+01 2.868738174438476562e+01
1.178333024978637695e+02 1.747634615898132324e+02 3.068527030944824219e+01 2.621773719787597656e+01
1.126995763778686523e+02 1.754913659095764160e+02 2.640850257873535156e+01 2.336663436889648438e+01
1.089847774505615234e+02 1.768609204292297363e+02 3.010700607299804688e+01 2.279602813720703125e+01
1.144382152557373047e+02 1.711476731300354004e+02 3.544202041625976562e+01 3.391398239135742188e+01
9.724895095825195312e+01 1.667997937202453613e+02 3.564353942871093750e+01 3.348146057128906250e+01
9.949107360839843750e+01 1.673536372184753418e+02 2.679259490966796875e+01 3.093291664123535156e+01
9.710586738586425781e+01 1.647030091285705566e+02 2.874225234985351562e+01 3.334215164184570312e+01
9.122964382171630859e+01 1.644329638481140137e+02 2.786493110656738281e+01 3.077072334289550781e+01
8.393068408966064453e+01 1.687360548973083496e+02 2.885915184020996094e+01 3.124883842468261719e+01
8.713643169403076172e+01 1.631788601875305176e+02 2.267096900939941406e+01 3.411589050292968750e+01
8.510149765014648438e+01 1.683182139396667480e+02 2.229584503173828125e+01 2.769942665100097656e+01
8.191847419738769531e+01 1.674169573783874512e+02 1.946887588500976562e+01 2.947553443908691406e+01
7.167296981811523438e+01 1.679923520088195801e+02 2.349328613281250000e+01 2.794972229003906250e+01
6.334381675720214844e+01 1.679058299064636230e+02 2.779120254516601562e+01 2.701995277404785156e+01
5.626337051391601562e+01 1.699516272544860840e+02 3.290429687500000000e+01 2.813927268981933594e+01
5.262654399871826172e+01 1.707499117851257324e+02 2.471244239807128906e+01 2.535037422180175781e+01
4.471841144561767578e+01 1.745723185539245605e+02 2.495512962341308594e+01 2.429049110412597656e+01
4.170901679992676492e+01 1.759198832511901855e+02 2.255607223510741477e+01 2.386255836486816406e+01
4.213040065765381570e+01 1.764185013771057129e+02 2.142843818664550781e+01 2.429034042358398438e+01
4.070541763305664773e+01 1.710451016426086426e+02 2.784815979003905539e+01 2.695974731445312500e+01
3.921986293792724609e+01 1.693326210975646973e+02 3.042485237121582031e+01 3.065824508666992188e+01
3.223805713653565164e+01 1.723692841529846191e+02 2.954759788513183594e+01 2.612855911254882812e+01
2.574626827239990945e+01 1.669627928733825684e+02 2.625457954406738281e+01 2.883088493347167969e+01
2.335548782348633523e+01 1.646050009727478027e+02 2.626941680908203125e+01 3.043762779235839844e+01
1.549816226959229226e+01 1.632148489952087402e+02 2.810364341735839844e+01 3.053635215759277344e+01
1.152541160583496804e+01 1.629458289146423340e+02 3.195642471313476562e+01 3.022536277770996094e+01
9.511379241943366480e+00 1.620651373863220215e+02 3.181738281250000000e+01 3.101559257507324219e+01
5.385984420776374293e+00 1.615807805061340332e+02 2.915078353881835938e+01 3.065073394775390625e+01
1.648018836975104762e+00 1.647753119468688965e+02 3.057272148132324219e+01 2.817989158630371094e+01
0.000000000000000000e+00 1.634098505973815918e+02 2.866296958923340554e+01 3.111262702941894531e+01
2.831935882568359375e-02 1.654444851875305176e+02 3.181644439697265625e+01 2.795587158203125000e+01
0.000000000000000000e+00 1.656216139793395996e+02 3.318536853790283203e+01 2.816323661804199219e+01
8.257737159729074961e-01 1.666824603080749512e+02 3.203586578369140625e+01 2.538603401184082031e+01
1.739029884338449961e-01 1.683542180061340332e+02 3.434022521972656250e+01 2.309745025634765625e+01
0.000000000000000000e+00 1.673589138984680176e+02 3.422442674636841531e+01 2.567979431152343750e+01
4.366972446441650391e-01 1.673399357795715332e+02 3.336117935180664062e+01 2.445399475097656250e+01
0.000000000000000000e+00 1.671483044624328613e+02 3.502338433265686035e+01 2.608209228515625000e+01
1.138900876045227051e+00 1.680656933784484863e+02 3.324931335449218750e+01 2.360300445556640625e+01
5.147897005081176758e-01 1.680709166526794434e+02 3.582745361328125000e+01 2.474220085144042969e+01
2.509423494338989258e-01 1.688556189537048340e+02 3.371981048583984375e+01 2.393672752380371094e+01
2.108310818672180176e+00 1.688423428535461426e+02 3.512748718261718750e+01 2.323892974853515625e+01
0.000000000000000000e+00 1.681071562767028809e+02 3.451120579242706299e+01 2.413599967956542969e+01
1.315484106540679932e+00 1.690072035789489746e+02 3.370832443237304688e+01 2.297304344177246094e+01
1.625168859958648682e+00 1.683530926704406738e+02 3.491678237915039062e+01 2.454944610595703125e+01
2.271649420261383057e+00 1.679423556327819824e+02 3.435990524291992188e+01 2.498156929016113281e+01
5.454741120338439941e-01 1.690707030296325684e+02 3.499127960205078125e+01 2.408809471130371094e+01
2.748822271823890162e+00 1.684535956382751465e+02 3.540016555786132812e+01 2.626728630065917969e+01
6.386855185031897975e+00 1.644911332130432129e+02 4.023811340332031250e+01 3.296657180786132812e+01
9.334040284156870371e-01 1.666822504997253418e+02 3.869343185424804688e+01 2.727008247375488281e+01
7.895727753639292246e-01 1.690407605171203613e+02 3.732077026367187500e+01 2.686473846435546875e+01
7.619128286838538600e+00 1.691472821235656738e+02 3.871356964111328125e+01 3.581800079345703125e+01
2.494235098361976100e+00 1.711002392768859863e+02 4.746446990966796875e+01 3.882308197021484375e+01
6.261114031076431274e+01 1.629212632179260254e+02 4.070478057861328125e+01 3.521263504028320312e+01
7.164257723093032837e+01 1.611064782142639160e+02 2.875094604492187500e+01 3.707432174682617188e+01
6.333785730600357056e+01 1.661795716285705566e+02 3.147182083129882812e+01 3.222172927856445312e+01
6.342063814401626587e+01 1.692637887001037598e+02 3.318247985839843750e+01 3.695508956909179688e+01
5.813687807321548462e+01 1.721774487495422363e+02 3.404759216308593750e+01 3.387799835205078125e+01
6.061605554819107056e+01 1.695789246559143066e+02 3.654210281372070312e+01 4.296173477172851562e+01
5.896262079477310181e+01 1.611061196327209473e+02 3.631613540649414062e+01 4.498618698120117188e+01
4.981101328134536743e+01 1.613570809364318848e+02 3.891273117065429688e+01 4.025918197631835938e+01
4.021429926156997681e+01 1.615684342384338379e+02 3.216260147094726562e+01 3.688644790649414062e+01
4.097082525491714478e+01 1.652471432685852051e+02 2.451014518737792969e+01 3.197994232177734375e+01
3.704233366250991821e+01 1.657026953697204590e+02 2.139245796203613281e+01 3.138602256774902344e+01
3.173989969491958618e+01 1.690408177375793457e+02 2.255913925170898438e+01 2.810896301269531250e+01
2.704480558633804321e+01 1.713658566474914551e+02 2.505430030822753906e+01 2.363494873046875000e+01
2.516780954599379783e+01 1.652624115943908691e+02 1.917349624633789062e+01 2.624531936645507812e+01
1.974994760751723533e+01 1.649148221015930176e+02 2.040851211547851562e+01 2.703857421875000000e+01
1.412230879068373923e+01 1.647809891700744629e+02 2.324806404113769531e+01 2.782182693481445312e+01
1.039722067117690329e+01 1.644411587715148926e+02 2.690023612976074219e+01 2.854965209960937500e+01
4.542075216770165014e+00 1.642943921089172363e+02 2.699324798583984375e+01 2.754646301269531250e+01
1.263221800327293920e+00 1.643901515007019043e+02 2.380081748962402344e+01 2.815062904357910156e+01
3.634920716285634512e-01 1.653186907768249512e+02 2.507270431518554688e+01 2.745288276672363281e+01
8.935547471046447754e-01 1.664659304618835449e+02 2.832331657409667969e+01 2.557009315490722656e+01
0.000000000000000000e+00 1.658948178291320801e+02 3.032211595773696899e+01 2.648825836181640625e+01
0.000000000000000000e+00 1.669306588172912598e+02 3.534956315159797668e+01 2.549842453002929688e+01
3.726384788751602173e-01 1.679188017845153809e+02 3.339813232421875000e+01 2.493345451354980469e+01
8.721864372491836548e-01 1.684724974632263184e+02 3.513827896118164062e+01 2.346420860290527344e+01
1.329108968377113342e+00 1.689717555046081543e+02 3.375442504882812500e+01 2.272137641906738281e+01
4.023225456476211548e-01 1.688243718147277832e+02 3.401480484008789062e+01 2.324123382568359375e+01
2.685657277703285217e+00 1.688199601173400879e+02 3.619981384277343750e+01 2.321004867553710938e+01
5.020553365349769592e+00 1.713128542900085449e+02 3.413465881347656250e+01 2.172151374816894531e+01
3.501037374138832092e+00 1.704954075813293457e+02 3.520140838623046875e+01 2.771743774414062500e+01
8.346076741814613342e+00 1.715874276161193848e+02 4.209520721435546875e+01 3.447993087768554688e+01
1.337226273119449615e+01 1.692227101325988770e+02 4.826846694946289062e+01 3.983709716796875000e+01
6.036988617479801178e+01 1.609884743690490723e+02 3.330085372924804688e+01 4.045893478393554688e+01
6.130086018145084381e+01 1.613913064002990723e+02 3.087780952453613281e+01 3.741122055053710938e+01
6.158260609209537506e+01 1.640898346900939941e+02 3.117938423156738281e+01 3.494121170043945312e+01
6.211209656298160553e+01 1.665549588203430176e+02 3.271250534057617188e+01 3.545326995849609375e+01
6.158458401262760162e+01 1.651126065254211426e+02 3.152680778503417969e+01 3.738512420654296875e+01
6.251947857439517975e+01 1.613690686225891113e+02 3.131403160095214844e+01 3.390735626220703125e+01
8.589519287645816803e+01 1.657925829887390137e+02 3.425184249877929688e+01 3.092981910705566406e+01
1.035298803001642227e+02 1.821293702125549316e+02 1.695004272460937500e+01 1.831311416625976562e+01
1.050408609062433243e+02 1.756191334724426270e+02 2.125734329223632812e+01 2.555869293212890625e+01
1.101080167442560196e+02 2.024147286415100098e+02 1.890118408203125000e+01 2.088786697387695312e+01
1.144653046280145645e+02 2.168392090797424316e+02 1.490374088287353516e+01 1.705263900756835938e+01
1.178259017616510391e+02 2.098541717529296875e+02 1.622627067565917969e+01 1.534148120880126953e+01
1.208460166603326797e+02 1.969058041572570801e+02 2.108775901794433594e+01 2.407672500610351562e+01
1.180851247459650040e+02 1.828092999458312988e+02 2.584552764892578125e+01 2.486141967773437500e+01
1.165651509910821915e+02 1.729599080085754395e+02 2.988676452636718750e+01 3.264116668701171875e+01
1.140800721794366837e+02 1.666014256477355957e+02 3.262051773071289062e+01 3.839300537109375000e+01
1.099864766746759415e+02 1.492623982429504395e+02 3.551954650878906250e+01 6.342129516601562500e+01
1.075541513115167618e+02 1.429617733955383301e+02 3.461338424682617188e+01 9.233301544189453125e+01
1.075118138939142369e+02 1.426885533332824707e+02 3.528182983398436079e+01 9.352107238769531250e+01
1.065049226433038712e+02 1.430291905403137207e+02 3.499126052856445312e+01 9.323126220703125000e+01
1.046691091209650040e+02 1.429151730537414551e+02 3.554234313964843750e+01 9.238584136962890625e+01
1.059367730766534805e+02 1.425087246894836426e+02 3.606777572631835938e+01 9.309386444091796875e+01
1.008127076774835587e+02 1.423315587043762207e+02 3.933464431762695312e+01 9.279064941406250000e+01
9.942182900011539459e+01 1.410231976509094238e+02 4.259134674072265625e+01 9.492862701416015625e+01
9.732460381090641022e+01 1.417509541511535645e+02 4.345350646972656250e+01 9.426860046386718750e+01
9.859321381151676178e+01 1.432527661323547363e+02 4.218600082397460938e+01 9.266768646240234375e+01
1.010178430229425430e+02 1.431983532905578613e+02 3.789992904663085938e+01 9.167966461181640625e+01
1.030044610649347305e+02 1.429118809700012207e+02 3.530060958862304688e+01 9.157716369628906250e+01
1.016760747581720352e+02 1.447230114936828613e+02 3.486602783203125000e+01 8.149343109130859375e+01
1.059029729515313960e+02 1.482316784858703613e+02 3.322891235351563921e+01 8.760274505615234375e+01
1.062993285804986954e+02 1.486979680061340332e+02 3.113725090026855469e+01 8.479878234863281250e+01
1.062339475303888179e+02 1.491000828742980957e+02 3.310733795166017046e+01 8.425094604492187500e+01
1.068952233940362930e+02 1.499196095466613770e+02 3.638271713256835938e+01 8.478359985351562500e+01
1.085574739128351212e+02 1.515341191291809082e+02 3.774596023559570312e+01 8.338894653320312500e+01
1.066370599418878555e+02 1.529114422798156738e+02 4.380071640014648438e+01 8.212191009521484375e+01
1.081747300773859024e+02 1.539485707283020020e+02 4.602110671997070312e+01 8.082051086425781250e+01
1.088197591453790665e+02 1.556972470283508301e+02 4.320986938476562500e+01 7.983705902099609375e+01
1.100241105705499649e+02 1.557024769783020020e+02 4.323978042602539062e+01 7.885797119140625000e+01
1.096465680748224258e+02 1.558493580818176270e+02 4.390926361083984375e+01 7.868505859375000000e+01
1.119754407554864883e+02 1.564999394416809082e+02 4.251006317138671875e+01 7.742860412597656250e+01
1.143956029564142227e+02 1.576294941902160645e+02 3.809223937988281250e+01 7.655845642089843750e+01
1.162724549919366837e+02 1.601891598701477051e+02 3.589548110961914062e+01 7.472486114501953125e+01
1.175407922416925430e+02 1.578737721443176270e+02 3.355770492553710938e+01 7.396385192871093750e+01
1.199725673347711563e+02 1.599938664436340332e+02 3.084861946105957031e+01 6.883277893066406250e+01
1.199377324730157852e+02 1.595530056953430176e+02 3.015084838867187500e+01 7.297174835205078125e+01
1.153705556541681290e+02 1.625860753059387207e+02 3.428402709960937500e+01 5.771961975097656250e+01
1.164869325309991837e+02 1.611918721199035645e+02 3.326639175415039062e+01 6.780142211914062500e+01
1.206274469047784805e+02 1.602544178962707520e+02 3.025374984741210938e+01 6.870129394531250000e+01
1.208499848991632462e+02 1.602213559150695801e+02 3.054845046997070312e+01 7.141199493408203125e+01
1.230094077736139297e+02 1.598744702339172363e+02 2.681923484802246094e+01 7.168360137939453125e+01
1.244307315498590469e+02 1.621796708106994629e+02 2.762630653381347656e+01 5.805105972290039062e+01
1.248315999656915665e+02 1.592041096687316895e+02 2.652644348144531250e+01 7.034283447265625000e+01
1.234277742058038712e+02 1.585347065925598145e+02 3.272885513305664062e+01 7.490802001953125000e+01
1.242779939323663712e+02 1.624539494514465332e+02 3.747780227661132812e+01 6.634495544433593750e+01
1.250816533714532852e+02 1.581500859260559082e+02 3.578991699218750000e+01 7.289700317382812500e+01
1.282491452842950821e+02 1.619018445014953613e+02 3.338391876220703125e+01 7.091550445556640625e+01
1.263411443382501602e+02 1.614281163215637207e+02 3.093516540527343750e+01 7.169255065917968750e+01
1.269134118705987930e+02 1.628288922309875488e+02 3.328384017944335938e+01 7.081716156005859375e+01
1.290977723747491837e+02 1.629846997261047363e+02 3.075200271606445312e+01 7.131732940673828125e+01
1.286041352897882462e+02 1.622091565132141113e+02 3.414984512329101562e+01 7.102841949462890625e+01
1.286983297020196915e+02 1.619850964546203613e+02 3.155322265625000000e+01 7.198340606689453125e+01
1.293216588646173477e+02 1.632700467109680176e+02 2.833938598632812500e+01 7.025287628173828125e+01
1.272714879661798477e+02 1.640769848823547363e+02 3.119674682617187500e+01 6.838237762451171875e+01
1.253637902885675430e+02 1.641115345954895020e+02 3.394822311401367188e+01 6.730705261230468750e+01
1.272548558861017227e+02 1.660380673408508301e+02 3.380325317382812500e+01 6.790898895263671875e+01
1.255121877342462540e+02 1.651255383491516113e+02 3.302500915527343750e+01 6.991710662841796875e+01
1.289513461738824844e+02 1.650346989631652832e+02 3.045447731018066406e+01 7.008815002441406250e+01
1.267325656563043594e+02 1.649995121955871582e+02 3.100483131408691406e+01 6.955357360839843750e+01
1.273501584678888321e+02 1.634884991645812988e+02 3.200003814697265625e+01 7.080205535888671875e+01
1.276466138511896133e+02 1.619765896797180176e+02 3.207096099853515625e+01 7.415978240966796875e+01
1.247953069359064102e+02 1.599726948738098145e+02 3.434379577636718750e+01 7.556941223144531250e+01
1.220770490318536758e+02 1.588668255805969238e+02 3.777309417724609375e+01 7.525508880615234375e+01
1.232515542656183243e+02 1.602094120979309082e+02 3.736622238159179688e+01 7.322048950195312500e+01
1.226158921867609024e+02 1.571568455696105957e+02 3.803329849243164062e+01 7.515853881835937500e+01
1.260749395042657852e+02 1.569320721626281738e+02 3.475386047363281250e+01 7.661782073974609375e+01
1.283649375587701797e+02 1.553447613716125488e+02 3.177837181091308594e+01 7.758034515380859375e+01
1.271323201805353165e+02 1.548056378364562988e+02 3.305870056152343750e+01 7.865511322021484375e+01
1.249747598320245743e+02 1.539729962348937988e+02 3.566726303100585938e+01 8.052399444580078125e+01
1.247903325706720352e+02 1.526022839546203613e+02 3.709658813476562500e+01 8.043102264404296875e+01
1.248628480583429337e+02 1.521631703376770020e+02 3.496403884887695312e+01 8.212411499023437500e+01
1.264585721641778946e+02 1.510118260383605957e+02 3.335683441162109375e+01 8.218992614746093750e+01
1.269953115135431290e+02 1.514156041145324707e+02 3.247145080566406250e+01 8.239935302734375000e+01
1.276124875694513321e+02 1.516980786323547363e+02 3.062743377685546875e+01 8.172438812255859375e+01
1.293996064811944962e+02 1.519583592414855957e+02 2.882197952270507812e+01 8.272871398925781250e+01
1.302038018852472305e+02 1.540313115119934082e+02 2.682270431518554688e+01 7.373306274414062500e+01
1.296277043968439102e+02 1.548402371406555176e+02 3.112486267089843750e+01 7.824587249755859375e+01
1.311968686729669571e+02 1.539921956062316895e+02 3.287697601318359375e+01 7.864314270019531250e+01
1.312997863441705704e+02 1.543135342597961426e+02 3.048853874206542969e+01 7.953643035888671875e+01
1.313837125450372696e+02 1.546479763984680176e+02 3.251380157470703125e+01 7.743718719482421875e+01
1.324735810905694962e+02 1.545859723091125488e+02 3.103288650512695312e+01 7.745561981201171875e+01
1.324317243248224258e+02 1.546566853523254395e+02 3.268236541748046875e+01 7.801115417480468750e+01
1.303888528496026993e+02 1.546494297981262207e+02 3.501612472534179688e+01 7.691639709472656250e+01
1.309537122398614883e+02 1.555032620429992676e+02 3.223471832275390625e+01 7.769913482666015625e+01
1.302974736839532852e+02 1.569422001838684082e+02 2.999720764160156250e+01 7.017799377441406250e+01
1.320335338264703751e+02 1.572589116096496582e+02 2.835583686828613281e+01 7.444606018066406250e+01
1.305887057930231094e+02 1.580833592414855957e+02 2.928157997131347656e+01 7.403007507324218750e+01
1.272853162437677383e+02 1.581293797492980957e+02 3.007430267333984375e+01 7.266693115234375000e+01
1.248787458091974258e+02 1.579377789497375488e+02 3.369432830810546875e+01 7.615212249755859375e+01
1.261522805839776993e+02 1.557905011177062988e+02 3.353881454467773438e+01 7.800539398193359375e+01
1.273118627220392227e+02 1.577843327522277832e+02 3.337182617187500000e+01 7.705079650878906250e+01
1.220834691673517227e+02 1.555042309761047363e+02 3.904321289062500000e+01 7.827530670166015625e+01
1.244466741234064102e+02 1.560187726020812988e+02 3.732899475097656250e+01 7.888347625732421875e+01
1.257054383903741837e+02 1.567280240058898926e+02 3.794910049438476562e+01 7.912088775634765625e+01
1.232120034843683243e+02 1.572033658027648926e+02 4.336561203002929688e+01 7.738800811767578125e+01
1.259897897392511368e+02 1.567169957160949707e+02 4.136462020874023438e+01 7.852365112304687500e+01
1.273458326011896133e+02 1.574898228645324707e+02 4.163309478759765625e+01 7.666307067871093750e+01
1.300540616661310196e+02 1.600572323799133301e+02 4.102584075927734375e+01 7.158180999755859375e+01
1.311007344871759415e+02 1.621889576911926270e+02 4.442065429687500000e+01 7.024206542968750000e+01
1.314826696068048477e+02 1.597311139106750488e+02 4.758045959472656250e+01 7.708589935302734375e+01
1.310464360862970352e+02 1.594753842353820801e+02 5.017457580566406250e+01 7.818685150146484375e+01
1.316825311332941055e+02 1.591249737739562988e+02 5.040668869018554688e+01 8.013890838623046875e+01
1.331138951927423477e+02 1.581343846321105957e+02 4.978248596191406250e+01 8.079023742675781250e+01
1.348272340446710587e+02 1.583991627693176270e+02 4.819905471801757812e+01 8.129673767089843750e+01
1.349065892845392227e+02 1.595214467048645020e+02 4.899325561523437500e+01 8.025283813476562500e+01
1.345531098991632462e+02 1.597762875556945801e+02 5.125484085083007812e+01 7.999785614013671875e+01
1.322844636589288712e+02 1.597707028388977051e+02 5.417317581176757812e+01 7.888208770751953125e+01
1.317641427665948868e+02 1.619450917243957520e+02 5.752064132690429688e+01 7.592637634277343750e+01
1.319157693535089493e+02 1.648488698005676270e+02 5.880167770385742188e+01 7.327439880371093750e+01
1.323328111320734024e+02 1.671419568061828613e+02 6.273810195922851562e+01 6.971172332763671875e+01
1.353453195244073868e+02 1.698260922431945801e+02 6.176145553588867188e+01 6.664377593994140625e+01
1.316566617637872696e+02 1.715609440803527832e+02 6.883542633056640625e+01 6.499606323242187500e+01
1.348304746299982071e+02 1.707748112678527832e+02 7.161753082275390625e+01 6.167510986328125000e+01
1.251333158165216446e+02 1.729511857032775879e+02 7.794348907470703125e+01 6.084518814086914062e+01
1.229554937034845352e+02 1.744398312568664551e+02 8.055413818359375000e+01 5.826071929931640625e+01
1.290809056907892227e+02 1.742937779426574707e+02 7.172122192382812500e+01 5.159997558593750000e+01
1.559176080375909805e+02 1.735804905891418457e+02 4.813024520874023438e+01 6.506466674804687500e+01
1.587705152183771133e+02 1.749197869300842285e+02 5.107062530517578125e+01 5.590479660034179688e+01
1.457055509239435196e+02 1.767085938453674316e+02 7.314295196533203125e+01 5.849423599243164062e+01
1.561652715355157852e+02 1.750188107490539551e+02 7.304541015625000000e+01 6.083431243896484375e+01
1.592906110435724258e+02 1.742096829414367676e+02 6.309462738037109375e+01 6.230870819091796875e+01
1.585724542289972305e+02 1.746055264472961426e+02 4.296441268920898438e+01 6.239940643310546875e+01
1.602800824791193008e+02 1.700344204902648926e+02 4.443569183349609375e+01 5.379834747314453125e+01
1.655136182457208633e+02 1.710204243659973145e+02 4.053707122802734375e+01 5.548223876953125000e+01
1.760356118828058243e+02 1.736172204017639160e+02 4.749573898315429688e+01 4.956374740600585938e+01
1.764797647148370743e+02 1.717867569923400879e+02 5.264370346069335938e+01 5.509526443481445312e+01
1.746364209800958633e+02 1.678826870918273926e+02 5.006912994384765625e+01 6.604790496826171875e+01
1.798600347191095352e+02 1.640133557319641113e+02 4.617019653320312500e+01 7.079967498779296875e+01
1.832003305107355118e+02 1.602806859016418457e+02 4.085160446166992188e+01 7.142718505859375000e+01
1.858689992576837540e+02 1.633426671028137207e+02 4.264471435546875000e+01 5.367372131347656250e+01
1.889946935325860977e+02 1.600651288032531738e+02 4.000398254394531250e+01 5.449843597412109375e+01
1.910772264152765274e+02 1.598350052833557129e+02 3.521252822875976562e+01 6.218982315063476562e+01
1.879248769432306290e+02 1.551133885383605957e+02 4.140211486816406250e+01 7.378317260742187500e+01
1.835697267204523087e+02 1.542258610725402832e+02 4.045247268676757812e+01 7.566175842285156250e+01
1.777492387443780899e+02 1.488228421211242676e+02 5.565874099731445312e+01 7.957628631591796875e+01
1.742040422111749649e+02 1.447766766548156738e+02 5.495357131958007812e+01 8.681394195556640625e+01
1.681499669700860977e+02 1.418950200080871582e+02 5.998973083496093750e+01 9.072349548339843750e+01
1.690241849571466446e+02 1.451356129646301270e+02 5.888408660888671875e+01 9.090740966796875000e+01
1.716058690696954727e+02 1.402550129890441895e+02 5.276695251464843750e+01 9.541390991210937500e+01
1.769106996208429337e+02 1.440754590034484863e+02 4.801083755493164062e+01 7.875592803955078125e+01
1.851530511528253555e+02 1.470037159919738770e+02 3.614963912963867188e+01 8.306451416015625000e+01
1.832055146843194962e+02 1.439721493721008301e+02 3.778390884399414062e+01 9.070777130126953125e+01
1.836495130211114883e+02 1.459857869148254395e+02 3.573390960693359375e+01 8.760238647460937500e+01
1.842563645988702774e+02 1.445206341743469238e+02 3.298784255981445312e+01 8.406510162353515625e+01
1.801870801597833633e+02 1.426591763496398926e+02 3.652358245849609375e+01 8.952262115478515625e+01
1.732126538902521133e+02 1.430812230110168457e+02 4.435848236083984375e+01 9.145338439941406250e+01
1.683449762016534805e+02 1.432101674079895020e+02 4.958419418334960938e+01 9.270657348632812500e+01
1.647548501640558243e+02 1.413639111518859863e+02 5.483176803588867188e+01 9.584146881103515625e+01
1.657266080528497696e+02 1.449987378120422363e+02 5.085721588134765625e+01 9.373325347900390625e+01
1.628277986198663712e+02 1.448037724494934082e+02 5.247691726684570312e+01 9.360609436035156250e+01
1.608371102958917618e+02 1.459233632087707520e+02 5.392185592651367188e+01 9.271682739257812500e+01
1.606120488792657852e+02 1.468937764167785645e+02 5.428543090820312500e+01 9.167739868164062500e+01
1.590063340812921524e+02 1.491414570808410645e+02 5.227478408813476562e+01 8.991226196289062500e+01
1.571396615654230118e+02 1.501912846565246582e+02 5.001514816284179688e+01 8.749043273925781250e+01
1.561283910423517227e+02 1.510836567878723145e+02 4.797552490234375000e+01 8.699411010742187500e+01
1.545439412742853165e+02 1.518008503913879395e+02 4.776315307617187500e+01 8.512942504882812500e+01
1.548567330986261368e+02 1.546426472663879395e+02 4.582317733764648438e+01 8.297091674804687500e+01
1.538570192009210587e+02 1.548245625495910645e+02 4.532539749145507812e+01 8.008882141113281250e+01
1.495730435997247696e+02 1.579215054512023926e+02 4.760930633544921875e+01 7.488448333740234375e+01
1.493379666954278946e+02 1.566612515449523926e+02 4.792523956298828125e+01 7.885601043701171875e+01
1.474513433128595352e+02 1.564006924629211426e+02 4.831385803222656250e+01 8.162400054931640625e+01
1.453608968406915665e+02 1.572388768196105957e+02 4.716427612304687500e+01 8.172082519531250000e+01
1.441974733024835587e+02 1.598763394355773926e+02 4.785730361938476562e+01 7.852376556396484375e+01
1.466174028068780899e+02 1.617446751594543457e+02 4.188206863403320312e+01 7.767701721191406250e+01
1.436173875480890274e+02 1.617168889045715332e+02 3.965419387817382812e+01 7.665351867675781250e+01
1.435818956047296524e+02 1.600265355110168457e+02 3.716003799438476562e+01 7.771643066406250000e+01
1.398961351066827774e+02 1.621289715766906738e+02 3.798271560668945312e+01 7.370236968994140625e+01
1.384888150840997696e+02 1.616078648567199707e+02 3.825072479248046875e+01 7.160548400878906250e+01
1.379811570793390274e+02 1.626558041572570801e+02 3.824682998657226562e+01 6.905182647705078125e+01
1.386940152794122696e+02 1.612315411567687988e+02 3.681688690185546875e+01 7.228134918212890625e+01
1.378356092125177383e+02 1.621689953804016113e+02 3.569297027587890625e+01 6.814559173583984375e+01
1.388971803337335587e+02 1.606896519660949707e+02 3.319629287719726562e+01 7.620205688476562500e+01
1.417508685737848282e+02 1.618784375190734863e+02 2.919898414611816406e+01 7.230855560302734375e+01
1.411349542289972305e+02 1.613516659736633301e+02 2.694646835327148438e+01 7.350333404541015625e+01
1.416404025703668594e+02 1.619414505958557129e+02 2.711808204650878906e+01 6.322081375122070312e+01
1.403405625969171524e+02 1.653714146614074707e+02 2.640629959106445312e+01 4.895596313476562500e+01
1.380715720802545547e+02 1.658577237129211426e+02 2.815004539489746094e+01 5.165444183349609375e+01
1.369697749763727188e+02 1.679240555763244629e+02 2.821812629699707031e+01 5.456723403930664062e+01
1.344689300209283829e+02 1.675631299018859863e+02 2.893171501159667969e+01 5.559729766845703125e+01
1.347986123710870743e+02 1.647501568794250488e+02 2.933227157592773438e+01 6.896063995361328125e+01
1.326627090126276016e+02 1.650608487129211426e+02 2.963921928405761719e+01 6.863207244873046875e+01
1.282684304863214493e+02 1.628545193672180176e+02 3.266254806518554688e+01 6.815938568115234375e+01
1.278357637077569962e+02 1.663519330024719238e+02 3.396643447875976562e+01 6.698438262939453125e+01
1.276781270653009415e+02 1.669663510322570801e+02 3.323854064941406250e+01 6.487392425537109375e+01
1.308026797920465469e+02 1.671903882026672363e+02 2.933109474182128906e+01 6.453942108154296875e+01
1.319051063209772110e+02 1.643867268562316895e+02 2.801328086853027344e+01 6.660794067382812500e+01
1.327941339164972305e+02 1.655173459053039551e+02 2.796732711791992188e+01 6.683281707763671875e+01
1.331481483131647110e+02 1.655854535102844238e+02 3.026235008239746094e+01 6.295719146728515625e+01
1.331184022575616837e+02 1.685475392341613770e+02 3.373776626586914062e+01 5.127056884765625000e+01
1.315502393394708633e+02 1.623892064094543457e+02 3.562268829345703125e+01 7.023677062988281250e+01
1.297955243736505508e+02 1.610925564765930176e+02 3.764015960693359375e+01 7.681336212158203125e+01
1.286622426658868790e+02 1.604880871772766113e+02 4.055383300781250000e+01 7.822034454345703125e+01
1.287187402397394180e+02 1.595068364143371582e+02 3.919056320190429688e+01 7.942846679687500000e+01
1.308116777092218399e+02 1.625850529670715332e+02 3.337523269653320312e+01 7.460096740722656250e+01
1.328502853065729141e+02 1.617226262092590332e+02 2.829112052917480469e+01 7.535002136230468750e+01
1.323443868309259415e+02 1.638473439216613770e+02 3.024392700195312500e+01 7.437696838378906250e+01
1.294296338707208633e+02 1.617026028633117676e+02 3.318010711669921875e+01 7.288202667236328125e+01
1.253485639244318008e+02 1.623379025459289551e+02 3.512662506103515625e+01 7.365622711181640625e+01
1.231882817894220352e+02 1.615727810859680176e+02 3.891021728515625000e+01 7.698450469970703125e+01
1.220549848228693008e+02 1.587743916511535645e+02 4.083901214599609375e+01 8.001235961914062500e+01
1.197899053245782852e+02 1.603690152168273926e+02 4.264506530761718750e+01 7.882688140869140625e+01
1.206810872703790665e+02 1.582386517524719238e+02 4.191586303710937500e+01 8.149628448486328125e+01
1.197496431022882462e+02 1.571752362251281738e+02 4.034364700317382812e+01 8.301190948486328125e+01
1.137044751793146133e+02 1.527960515022277832e+02 4.790708160400390625e+01 8.677565002441406250e+01
1.249563672691583633e+02 1.512638707160949707e+02 3.845056915283203125e+01 9.017533874511718750e+01
1.192739007622003555e+02 1.502648320198059082e+02 4.154059982299804688e+01 8.834349060058593750e+01
1.258215291649103165e+02 1.484859356880187988e+02 3.688153076171875000e+01 8.997034454345703125e+01
1.207833230644464493e+02 1.480080418586730957e+02 3.978420639038085938e+01 8.925515747070312500e+01
1.236555478721857071e+02 1.460679707527160645e+02 4.041175079345703125e+01 9.204421997070312500e+01
1.221411683708429337e+02 1.447578129768371582e+02 4.173530960083007812e+01 9.295623779296875000e+01
1.238246209770441055e+02 1.422267918586730957e+02 3.977178573608398438e+01 9.187503051757812500e+01
1.265876157432794571e+02 1.417543301582336426e+02 3.744504547119140625e+01 9.597621917724609375e+01
1.283855760246515274e+02 1.427890286445617676e+02 3.571701431274414062e+01 9.451161956787109375e+01
1.286034715324640274e+02 1.413623967170715332e+02 3.250041580200195312e+01 9.575186157226562500e+01
1.282924153953790665e+02 1.409256329536437988e+02 3.440104675292968750e+01 9.719280242919921875e+01
1.284271199852228165e+02 1.388909001350402832e+02 3.467285156250000000e+01 9.805198669433593750e+01
1.224958017021417618e+02 1.390114941596984863e+02 3.867040634155273438e+01 9.860758209228515625e+01
1.230983274132013321e+02 1.383538784980773926e+02 3.940831756591796875e+01 1.025230178833007812e+02
1.230462205559015274e+02 1.368348355293273926e+02 3.904722976684570312e+01 1.017611618041992188e+02
1.260436818748712540e+02 1.365189137458801270e+02 3.468289184570312500e+01 1.013843536376953125e+02
1.278657338768243790e+02 1.373004040718078613e+02 3.137580871582031250e+01 1.002875137329101562e+02
1.263198564201593399e+02 1.375790066719055176e+02 3.158469009399414062e+01 1.004647445678710938e+02
1.268401849418878555e+02 1.365001606941223145e+02 3.279572677612304688e+01 1.003734283447265625e+02
1.260927503257989883e+02 1.364266514778137207e+02 3.398975372314453125e+01 9.984915161132812500e+01
1.258246095329523087e+02 1.380010342597961426e+02 3.304985427856445312e+01 1.002341079711914062e+02
1.246062925010919571e+02 1.368857617378234863e+02 3.134604644775390625e+01 9.922637176513671875e+01
1.244470193535089493e+02 1.396311116218566895e+02 3.294012069702148438e+01 9.801388549804687500e+01
1.242368714958429337e+02 1.374822049140930176e+02 3.588089370727539062e+01 9.836092376708984375e+01
1.240581758171319962e+02 1.389766545295715332e+02 3.790173721313476562e+01 9.790782165527343750e+01
1.248698117882013321e+02 1.391717724800109863e+02 3.571474456787109375e+01 9.663016510009765625e+01
1.249638574272394180e+02 1.387674374580383301e+02 4.045728683471679688e+01 9.806816864013671875e+01
1.239138085991144180e+02 1.383763737678527832e+02 4.251816940307617188e+01 9.930938720703125000e+01
1.232281739860773087e+02 1.375427861213684082e+02 4.732516860961914062e+01 1.009918823242187500e+02
1.257333085685968399e+02 1.372390484809875488e+02 4.505455398559570312e+01 1.009773178100585938e+02
1.257059056907892227e+02 1.370689702033996582e+02 4.553135681152343750e+01 1.010497131347656250e+02
1.272777192741632462e+02 1.367351498603820801e+02 4.649579238891601562e+01 1.002541885375976562e+02
1.280493886619806290e+02 1.381173672676086426e+02 4.642276000976562500e+01 9.853839874267578125e+01
1.294613912254571915e+02 1.378988308906555176e+02 4.572198486328125000e+01 9.919980621337890625e+01
1.311130845695734024e+02 1.393625760078430176e+02 4.501771926879882812e+01 9.880005645751953125e+01
1.325295789390802383e+02 1.391234517097473145e+02 4.435968780517578125e+01 9.865470886230468750e+01
1.329866597801446915e+02 1.391610569953918457e+02 4.394766235351562500e+01 9.815020751953125000e+01
1.329231565147638321e+02 1.396524090766906738e+02 4.163268280029296875e+01 9.757750701904296875e+01
1.344214475303888321e+02 1.412563786506652832e+02 4.005175018310546875e+01 9.615673828125000000e+01
1.329308126121759415e+02 1.411697049140930176e+02 4.088487243652343750e+01 9.524230194091796875e+01
1.322292401939630508e+02 1.407318959236145020e+02 4.142855072021484375e+01 9.623896789550781250e+01
1.313430669456720352e+02 1.424249539375305176e+02 4.357420349121093750e+01 9.525815582275390625e+01
1.276524179130792618e+02 1.418316044807434082e+02 4.550190353393554688e+01 9.522778320312500000e+01
1.241316545158624649e+02 1.422766385078430176e+02 5.185501480102539062e+01 9.601929473876953125e+01
1.223728559166193008e+02 1.416840710639953613e+02 5.212633514404296875e+01 9.648628997802734375e+01
1.202051618248224258e+02 1.422980389595031738e+02 5.534792327880859375e+01 9.629582977294921875e+01
1.204428918510675430e+02 1.427548108100891113e+02 5.498565292358398438e+01 9.581447601318359375e+01
1.190559346824884415e+02 1.442300343513488770e+02 5.542893981933593750e+01 9.464555358886718750e+01
1.155869252830743790e+02 1.435958409309387207e+02 5.573896789550781250e+01 9.492929077148437500e+01
1.121073568016290665e+02 1.444560704231262207e+02 6.023277282714843750e+01 9.373507690429687500e+01
1.101902406364679337e+02 1.440128636360168457e+02 6.196821975708007812e+01 9.474697875976562500e+01
1.086930291801691055e+02 1.461852231025695801e+02 6.096072006225585938e+01 9.253849029541015625e+01
1.079390561729669571e+02 1.462407841682434082e+02 6.147156524658203125e+01 9.289813232421875000e+01
1.074708440452814102e+02 1.448599591255187988e+02 6.060607910156250000e+01 9.471929168701171875e+01
1.088931729942560196e+02 1.468765530586242676e+02 5.709146881103515625e+01 9.378433990478515625e+01
1.150577771812677383e+02 1.507180905342102051e+02 5.033098602294921875e+01 9.023093414306640625e+01
1.158679273277521133e+02 1.482812504768371582e+02 5.048329925537109375e+01 9.145364379882812500e+01
1.152723176628351212e+02 1.487354969978332520e+02 5.123256301879882812e+01 9.041007995605468750e+01
1.111708314567804337e+02 1.462995915412902832e+02 5.796522903442382812e+01 9.311022949218750000e+01
1.111566522270441055e+02 1.467600140571594238e+02 5.917446517944335938e+01 9.205129241943359375e+01
1.155701387077569962e+02 1.458931088447570801e+02 5.488783645629882812e+01 9.393820953369140625e+01
1.162486875206232071e+02 1.431716542243957520e+02 5.543677520751953125e+01 9.637648010253906250e+01
1.166296136528253555e+02 1.415080342292785645e+02 5.577935409545898438e+01 9.749906921386718750e+01
1.161967981010675430e+02 1.396775784492492676e+02 5.658687973022460938e+01 9.882501983642578125e+01
1.212565457969903946e+02 1.390763897895812988e+02 5.178162384033203125e+01 9.949980926513671875e+01
1.264395883232355118e+02 1.370101857185363770e+02 4.711725997924804688e+01 1.019237213134765625e+02
1.285697324424982071e+02 1.366537213325500488e+02 4.505820465087890625e+01 1.018050765991210938e+02
1.285709798485040665e+02 1.367898945808410645e+02 4.595448303222656250e+01 1.008482513427734375e+02
1.296497056633234024e+02 1.358482060432434082e+02 4.670877456665039062e+01 1.018563842773437500e+02
1.231662557274103165e+02 1.360298542976379395e+02 5.360289001464843750e+01 1.018777313232421875e+02
1.303672731071710587e+02 1.337309575080871582e+02 4.760219192504882812e+01 1.058424682617187500e+02
1.334477956444025040e+02 1.342316327095031738e+02 4.449772644042968750e+01 1.034797592163085938e+02
1.353647420555353165e+02 1.355402722358703613e+02 4.221824645996093750e+01 1.038441696166992188e+02
1.379356324821710587e+02 1.357938046455383301e+02 4.039787673950195312e+01 1.033729019165039062e+02
1.410160806328058243e+02 1.352507939338684082e+02 3.729664230346679688e+01 1.028628540039062500e+02
1.443839185386896133e+02 1.352088093757629395e+02 3.365219879150390625e+01 1.038417205810546875e+02
1.454474027305841446e+02 1.328032956123352051e+02 3.340122222900390625e+01 1.051552810668945312e+02
1.473238103538751602e+02 1.329903264045715332e+02 3.227156066894531250e+01 1.062471160888671875e+02
1.461174638420343399e+02 1.321714482307434082e+02 3.370094680786132812e+01 1.067553710937500000e+02
1.471112649589776993e+02 1.348118290901184082e+02 3.548264694213867188e+01 8.733959960937500000e+01
1.488238465934991837e+02 1.343149876594543457e+02 3.625340652465820312e+01 1.054536285400390625e+02
1.482875459343194962e+02 1.346825108528137207e+02 3.926140213012695312e+01 1.048966827392578125e+02
1.485603749901056290e+02 1.336017460823059082e+02 4.081437683105468750e+01 1.043624877929687500e+02
1.473557450920343399e+02 1.349006733894348145e+02 4.324945449829101562e+01 1.070894927978515625e+02
1.479057862907648087e+02 1.344222416877746582e+02 4.485130691528320312e+01 1.036141052246093750e+02
1.466884133964776993e+02 1.340591397285461426e+02 4.491703414916992188e+01 1.051712112426757812e+02
1.484292123466730118e+02 1.336124920845031738e+02 4.159873580932617188e+01 1.049991378784179688e+02
1.490245893150568008e+02 1.347275166511535645e+02 4.031246185302734375e+01 1.058123931884765625e+02
1.517908265739679337e+02 1.335446324348449707e+02 3.789848709106445312e+01 1.079048767089843750e+02
1.524960916191339493e+02 1.367738995552062988e+02 3.895798873901367188e+01 1.058678512573242188e+02
1.543780553489923477e+02 1.352058911323547363e+02 4.177621459960937500e+01 1.058039321899414062e+02
1.558326146751642227e+02 1.367919087409973145e+02 4.125851440429687500e+01 1.028494873046875000e+02
1.562924173027276993e+02 1.373876614570617676e+02 4.346442794799804688e+01 1.020790328979492188e+02
1.563292253166437149e+02 1.373227925300598145e+02 4.572949600219726562e+01 1.018171691894531250e+02
1.569937284141778946e+02 1.362881245613098145e+02 4.673380279541015625e+01 1.028636779785156250e+02
1.588636090904474258e+02 1.354013676643371582e+02 4.690114593505859375e+01 1.044025115966796875e+02
1.595783689171075821e+02 1.358025212287902832e+02 4.521344757080078125e+01 1.031986846923828125e+02
1.610819718986749649e+02 1.368160939216613770e+02 4.387894058227539062e+01 1.027125244140625000e+02
1.591680543571710587e+02 1.362902646064758301e+02 4.401100540161132812e+01 1.024616928100585938e+02
1.605112702995538712e+02 1.361317372322082520e+02 4.190636062622070312e+01 1.040032043457031250e+02
1.602970330864191055e+02 1.368894352912902832e+02 4.282928085327148438e+01 1.020450286865234375e+02
1.582289273887872696e+02 1.383167843818664551e+02 4.674338531494140625e+01 1.018746871948242188e+02
1.551734635978937149e+02 1.364349217414855957e+02 4.788037490844726562e+01 1.030726776123046875e+02
1.479089791923761368e+02 1.366479229927062988e+02 5.807889938354492188e+01 1.036937332153320312e+02
1.455139615684747696e+02 1.370578122138977051e+02 6.308069610595703125e+01 1.034657821655273438e+02
1.469654061943292618e+02 1.383286290168762207e+02 6.015272140502929688e+01 1.024327850341796875e+02
1.384646985679864883e+02 1.391750836372375488e+02 6.921694183349609375e+01 1.008022842407226562e+02
1.366401250511407852e+02 1.424860920906066895e+02 7.150866699218750000e+01 9.835986328125000000e+01
1.272179410606622696e+02 1.440233998298645020e+02 8.127683258056640625e+01 9.781253051757812500e+01
1.194231221824884415e+02 1.493938755989074707e+02 8.856666564941406250e+01 9.236579895019531250e+01
1.111131169945001602e+02 1.480432133674621582e+02 9.612075805664062500e+01 8.889460754394531250e+01
1.102478406578302383e+02 1.531580548286437988e+02 9.717983245849609375e+01 8.463291168212890625e+01
1.166588018089532852e+02 1.593298916816711426e+02 8.820162963867187500e+01 7.018990325927734375e+01
1.087418134361505508e+02 1.578323864936828613e+02 9.945171356201171875e+01 8.473746490478515625e+01
1.128588445335626602e+02 1.623961987495422363e+02 9.087860107421875000e+01 7.630219268798828125e+01
1.062647473961114883e+02 1.583233456611633301e+02 9.296059417724609375e+01 7.929387664794921875e+01
1.122266194969415665e+02 1.628550190925598145e+02 8.691911315917968750e+01 6.846170043945312500e+01
1.116532628685235977e+02 1.584665799140930176e+02 8.615798950195312500e+01 7.571672821044921875e+01
1.138245542198419571e+02 1.531470150947570801e+02 5.254737091064453125e+01 8.254509735107421875e+01
1.113269002586603165e+02 1.522607007026672363e+02 4.661834716796875000e+01 5.598661041259765625e+01
1.149587705284357071e+02 1.490748333930969238e+02 4.539003753662109375e+01 6.017461395263671875e+01
1.127104489952325821e+02 1.459925084114074707e+02 4.896172332763671875e+01 6.497222900390625000e+01
1.151246926933526993e+02 1.479478383064270020e+02 5.162412643432617188e+01 7.482431030273437500e+01
1.166202771812677383e+02 1.418988881111145020e+02 4.775495147705078125e+01 9.939260864257812500e+01
1.141918466240167618e+02 1.389856915473937988e+02 4.855584335327148438e+01 1.019888687133789062e+02
1.130295522361993790e+02 1.363559880256652832e+02 5.396725463867187500e+01 1.030857696533203125e+02
1.146418321281671524e+02 1.356491131782531738e+02 5.501607131958007812e+01 1.048515396118164062e+02
1.205393407493829727e+02 1.343285679817199707e+02 5.202531433105468750e+01 1.071369781494140625e+02
1.218456952720880508e+02 1.331708264350891113e+02 4.733811187744140625e+01 1.092914505004882812e+02
1.247857606559991837e+02 1.329568104743957520e+02 4.239569473266601562e+01 1.087945861816406250e+02
1.270683572441339493e+02 1.339387173652648926e+02 4.218105697631835938e+01 1.087702865600585938e+02
1.265668065696954727e+02 1.330787053108215332e+02 4.541456604003906250e+01 1.087267913818359375e+02
1.274174420982599258e+02 1.330419049263000488e+02 4.623029327392578125e+01 1.105883865356445312e+02
1.296212213188409805e+02 1.333606648445129395e+02 4.452375411987304688e+01 1.106694641113281250e+02
1.315909040123224258e+02 1.335743527412414551e+02 4.388709259033203125e+01 1.097814559936523438e+02
1.320817067772150040e+02 1.330510334968566895e+02 4.390179443359375000e+01 1.080581970214843750e+02
1.335464208275079727e+02 1.320430836677551270e+02 4.334465026855468750e+01 1.126053161621093750e+02
1.339872796684503555e+02 1.305026516914367676e+02 4.480427169799804688e+01 1.129487228393554688e+02
1.376044824272394180e+02 1.311846051216125488e+02 4.387223434448242188e+01 1.115284805297851562e+02
1.397200067192316055e+02 1.308517460823059082e+02 4.031965255737304688e+01 1.119056549072265625e+02
1.395645082145929337e+02 1.315682301521301270e+02 4.280322647094726562e+01 1.117901916503906250e+02
1.410365636497735977e+02 1.314769406318664551e+02 4.289765930175781250e+01 1.109890975952148438e+02
1.427570645958185196e+02 1.322659382820129395e+02 4.123043060302734375e+01 1.107389526367187500e+02
1.442909925132989883e+02 1.323802533149719238e+02 4.034732818603515625e+01 1.106081619262695312e+02
1.461570451408624649e+02 1.306613926887512207e+02 3.876887893676757812e+01 1.124699249267578125e+02
1.478096940666437149e+02 1.308027577400207520e+02 3.678609085083007812e+01 1.122214660644531250e+02
1.505783097892999649e+02 1.300570530891418457e+02 3.600300979614257812e+01 1.125695343017578125e+02
1.518204324394464493e+02 1.292110676765441895e+02 3.602251815795898438e+01 1.147490539550781250e+02
1.524227483421564102e+02 1.287080540657043457e+02 3.609400939941406250e+01 1.160199737548828125e+02
1.534137151390314102e+02 1.289200901985168457e+02 3.650071716308593750e+01 1.172314605712890625e+02
1.546411645561456680e+02 1.292530407905578613e+02 3.658848190307617188e+01 1.168679580688476562e+02
1.550573480278253555e+02 1.295611081123352051e+02 3.826441574096679688e+01 1.172322006225585938e+02
1.580066545158624649e+02 1.285170216560363770e+02 3.773945999145507812e+01 1.182391357421875000e+02
1.586353871971368790e+02 1.281381726264953613e+02 3.853771972656250000e+01 1.164657669067382812e+02
1.591352803856134415e+02 1.296330113410949707e+02 4.333361816406250000e+01 1.153516387939453125e+02
1.614137723594903946e+02 1.300044369697570801e+02 3.983901214599609375e+01 1.162745285034179688e+02
1.630700013786554337e+02 1.317699856758117676e+02 3.585611343383789062e+01 1.130064010620117188e+02
1.652561299949884415e+02 1.304079785346984863e+02 3.639242553710937500e+01 1.148676834106445312e+02
1.644225289970636368e+02 1.339183926582336426e+02 3.838082504272460938e+01 1.117647933959960938e+02
1.653220040947198868e+02 1.305248188972473145e+02 4.300985336303710938e+01 1.138255310058593750e+02
1.662825105339288712e+02 1.315229916572570801e+02 4.887402725219726562e+01 1.131635665893554688e+02
1.674292619377374649e+02 1.311553273200988770e+02 4.503828811645507812e+01 1.162719116210937500e+02
1.696526067405939102e+02 1.315215725898742676e+02 4.603056335449218750e+01 1.146022567749023438e+02
1.730981271415948868e+02 1.314378895759582520e+02 4.537240219116210938e+01 1.165621104240417480e+02
1.739359738975763321e+02 1.311224672794342041e+02 4.040499114990234375e+01 1.166285629272460938e+02
1.731714322715997696e+02 1.337288439273834229e+02 4.191912078857421875e+01 1.142711560726165771e+02
1.747541768699884415e+02 1.359289590120315552e+02 4.234201049804687500e+01 1.120710409879684448e+02
1.768253209739923477e+02 1.325102749466896057e+02 4.347029113769531250e+01 1.143991012573242188e+02
1.742571904808282852e+02 1.332232075333595276e+02 3.878160095214843750e+01 1.147767924666404724e+02
1.774928052574396133e+02 1.321169061958789825e+02 3.650110626220703125e+01 1.158830938041210175e+02
1.798185784965753555e+02 1.291748166233301163e+02 3.292274093627929688e+01 1.168957519531250000e+02
1.785563466697931290e+02 1.306580548435449600e+02 3.511732482910156250e+01 1.143301849365234375e+02
1.823410604149103165e+02 1.323507542759180069e+02 3.491947937011718750e+01 1.119927749633789062e+02
1.774024560600519180e+02 1.314208340793848038e+02 3.838779830932617188e+01 1.132422180175781250e+02
1.782267320305109024e+02 1.317175908237695694e+02 4.083037185668945312e+01 1.129223861694335938e+02
1.732393815666437149e+02 1.331886410862207413e+02 4.534364700317382812e+01 1.119985961914062500e+02
1.701094205528497696e+02 1.333145566135644913e+02 4.934435272216796875e+01 1.114617614746093750e+02
1.711060083061456680e+02 1.330957074314355850e+02 5.113236618041992188e+01 1.104707794189453125e+02
1.710921418815851212e+02 1.368882908970117569e+02 4.918567276000976562e+01 1.068328475952148438e+02
1.738792283684015274e+02 1.343252492100000381e+02 4.345021438598632812e+01 1.096391372680664062e+02
1.743908002525568008e+02 1.359591336399316788e+02 4.267005157470703125e+01 9.369519042968750000e+01
1.755596845299005508e+02 1.397539868503808975e+02 4.090003204345703125e+01 1.051803436279296875e+02
1.739783628135919571e+02 1.361104779392480850e+02 4.688762664794921875e+01 1.089605865478515625e+02
1.777732999473810196e+02 1.335557866245508194e+02 4.047469329833984375e+01 1.089180526733398438e+02
1.768213040977716446e+02 1.353763165622949600e+02 3.862526702880859375e+01 1.091192169189453125e+02
1.747856385856866837e+02 1.354675679355859756e+02 3.906854629516601562e+01 1.099386672973632812e+02
1.742737710624933243e+02 1.360985417515039444e+02 3.685457992553710938e+01 1.070899887084960938e+02
1.743863294273614883e+02 1.346858906894922256e+02 3.631156158447265625e+01 1.098328475952148438e+02
1.737299382835626602e+02 1.366238751560449600e+02 3.603379821777343750e+01 1.062527618408203125e+02
1.731531617790460587e+02 1.372734799534082413e+02 3.422826004028320312e+01 1.053237457275390625e+02
1.723441655784845352e+02 1.389718442112207413e+02 3.440164184570312500e+01 1.001663360595703125e+02
1.718495080620050430e+02 1.367440915256738663e+02 3.532952499389648438e+01 1.026098632812500000e+02
1.694268338829278946e+02 1.357869839817285538e+02 3.656200408935546875e+01 1.034901885986328125e+02
1.687842710167169571e+02 1.361762166172266006e+02 3.723065948486328125e+01 1.043193130493164062e+02
1.670289514213800430e+02 1.363104748874902725e+02 3.791662216186523438e+01 1.040334167480468750e+02
1.653901422172784805e+02 1.371558652073144913e+02 3.822330856323242188e+01 1.062556304931640625e+02
1.630506932884454727e+02 1.366950612217187881e+02 4.159030151367187500e+01 1.056561660766601562e+02
1.615983808189630508e+02 1.357078099399805069e+02 4.159783172607421875e+01 1.048868026733398438e+02
1.602963864952325821e+02 1.361334996372461319e+02 4.134500885009765625e+01 1.048256454467773438e+02
1.590576684623956680e+02 1.366640858799219131e+02 4.254528427124023438e+01 1.044349746704101562e+02
1.569088113456964493e+02 1.369637761265039444e+02 4.401203536987304688e+01 1.033015975952148438e+02
1.557117898613214493e+02 1.359883656650781631e+02 4.317438888549804688e+01 1.033758926391601562e+02
1.530094659477472305e+02 1.370011143833398819e+02 4.247094345092773438e+01 1.007535629272460938e+02
1.494682271629571915e+02 1.385995755344629288e+02 4.120660400390625000e+01 9.309475708007812500e+01
1.485900285392999649e+02 1.379011693149805069e+02 3.900438308715820312e+01 1.025919723510742188e+02
1.480730054527521133e+02 1.378483357578516006e+02 3.595964813232421875e+01 1.014849014282226562e+02
1.489575536400079727e+02 1.367409405857324600e+02 3.611561584472656250e+01 1.023968505859375000e+02
1.459965150505304337e+02 1.374913602024316788e+02 3.568878555297851562e+01 1.028419494628906250e+02
1.438331353813409805e+02 1.359013905674219131e+02 3.804247665405273438e+01 1.031400680541992188e+02
1.422363298088312149e+02 1.363653340488672256e+02 3.917573928833007812e+01 1.031335220336914062e+02
1.403172166496515274e+02 1.369864659458398819e+02 4.092897415161132812e+01 1.029569931030273438e+02
1.376276204735040665e+02 1.369061169773340225e+02 4.314077758789062500e+01 1.045211639404296875e+02
1.355535352379083633e+02 1.360855908542871475e+02 4.418503570556640625e+01 1.032398834228515625e+02
1.328932092338800430e+02 1.357024998813867569e+02 4.904151535034179688e+01 1.052272567749023438e+02
1.313804471641778946e+02 1.355599751621484756e+02 5.100173187255859375e+01 1.051989822387695312e+02
1.308567845970392227e+02 1.348391385227441788e+02 4.657780456542968750e+01 1.060625000000000000e+02
1.301115224510431290e+02 1.356826977878808975e+02 4.879037475585937500e+01 1.059029998779296875e+02
1.297503945976495743e+02 1.353040318638086319e+02 5.029024887084960938e+01 1.062647933959960938e+02
1.305041787773370743e+02 1.366498799473047256e+02 4.815999984741210938e+01 1.051356277465820312e+02
1.291398008018732071e+02 1.375341229587793350e+02 4.848412322998046875e+01 1.039949188232421875e+02
1.285737397819757462e+02 1.387822194248437881e+02 4.512292861938476562e+01 1.032336502075195312e+02
1.280455434471368790e+02 1.398947529941797256e+02 4.392901611328125000e+01 1.025662002563476562e+02
1.260429399162530899e+02 1.396717991977930069e+02 4.471687698364257812e+01 1.015892562866210938e+02
1.243370378166437149e+02 1.398766484409570694e+02 4.720277786254882812e+01 1.024737777709960938e+02
1.205092675834894180e+02 1.385307049900293350e+02 5.066465377807617188e+01 1.030906219482421875e+02
1.176633165031671524e+02 1.393470425754785538e+02 5.216612625122070312e+01 1.039539489746093750e+02
1.141182439476251602e+02 1.385432286411523819e+02 5.590837097167968750e+01 1.039766769409179688e+02
1.110920522361993790e+02 1.414737477451562881e+02 5.958541870117187500e+01 1.012364883422851562e+02
1.099940717369318008e+02 1.425975003391504288e+02 6.083957672119140625e+01 9.914233398437500000e+01
1.113058583885431290e+02 1.432560963779687881e+02 5.533154296875000000e+01 9.820835113525390625e+01
1.052833993583917618e+02 1.424176907688379288e+02 6.136330795288085938e+01 9.998208618164062500e+01
1.048349054008722305e+02 1.429682240635156631e+02 6.391230392456054688e+01 9.995539093017578125e+01
1.040566079765558243e+02 1.437112393528223038e+02 6.243770980834960938e+01 1.000343322753906250e+02
1.040221936851739883e+02 1.435774274021387100e+02 6.188678741455078125e+01 9.778807067871093750e+01
1.058843686729669571e+02 1.454523205906152725e+02 5.858184051513671875e+01 9.546894836425781250e+01
1.076287324577569962e+02 1.444219861179590225e+02 5.820291519165039062e+01 9.628401184082031250e+01
1.034995801597833633e+02 1.436050839573144913e+02 5.821695709228515625e+01 9.688958740234375000e+01
1.069303186088800430e+02 1.437815823704004288e+02 5.633332443237304688e+01 9.596463012695312500e+01
1.026963918358087540e+02 1.443954205662012100e+02 5.572534179687500000e+01 9.634986877441406250e+01
1.063155133873224258e+02 1.425001340061426163e+02 5.280890655517578125e+01 9.882241821289062500e+01
