1.000000000000000000e+00 1.620000000000000000e+02 1.500000000000000000e+01 1.100000000000000000e+01
4.217999935150146484e+00 1.591770277023315430e+02 1.345637607574462891e+01 1.354539680480957031e+01
7.340922355651855469e+00 1.598086729049682617e+02 1.338993644714355469e+01 1.380096244812011719e+01
1.031201267242431641e+01 1.597750077247619629e+02 1.453719139099121094e+01 1.357347011566162109e+01
1.076847743988037109e+01 1.602428698539733887e+02 1.576516914367675781e+01 1.414327716827392578e+01
1.017789077758789062e+01 1.611440811157226562e+02 1.931193923950195312e+01 1.428216171264648438e+01
2.391525268554687500e+00 1.593627357482910156e+02 2.873248291015625000e+01 1.955614089965820312e+01
3.948240280151367188e-01 1.614796466827392578e+02 2.676217079162597656e+01 2.396847534179687500e+01
9.854786872863769531e+00 1.504665470123291016e+02 2.972688102722167969e+01 3.588458251953125000e+01
1.351718330383300781e+01 1.473530998229980469e+02 3.227342605590820312e+01 4.590795516967773438e+01
1.578684806823730469e+01 1.450395965576171875e+02 3.456994247436523438e+01 5.202627944946289062e+01
2.145437049865722656e+01 1.474783802032470703e+02 3.556550979614257812e+01 4.703514099121093750e+01
2.596264648437500000e+01 1.460316467285156250e+02 3.468376922607421875e+01 4.947856521606445312e+01
2.991471862792968750e+01 1.463202629089355469e+02 3.692816925048828125e+01 5.113152694702148438e+01
3.491073989868164062e+01 1.434682769775390625e+02 3.795259094238281250e+01 5.648492813110351562e+01
3.950801849365235796e+01 1.470288982391357422e+02 3.891967010498046875e+01 5.096570587158203125e+01
4.420942878723145952e+01 1.488535633087158203e+02 3.870454788208007812e+01 4.559289550781250000e+01
5.150150489807130327e+01 1.482552719116210938e+02 3.774359512329101562e+01 4.548503494262695312e+01
5.477540206909181109e+01 1.470403442382812500e+02 3.881465148925781250e+01 5.430855178833007812e+01
5.995290756225587359e+01 1.479777889251708984e+02 4.134179687500000000e+01 4.934354400634765625e+01
6.513560485839845171e+01 1.457289371490478516e+02 4.427175140380859375e+01 6.309738159179687500e+01
7.120523834228517046e+01 1.440615882873535156e+02 4.604853057861328125e+01 6.310940170288085938e+01
7.786364555358888140e+01 1.434733943939208984e+02 4.757270431518554688e+01 6.168526458740234375e+01
8.380091094970704546e+01 1.420650310516357422e+02 4.942713165283201704e+01 7.034227752685546875e+01
9.015387344360351562e+01 1.422112503051757812e+02 5.290452575683593750e+01 6.257762527465820312e+01
9.888444709777832031e+01 1.407801570892333984e+02 5.271948623657226562e+01 6.897338104248046875e+01
1.068013076782226562e+02 1.416004123687744141e+02 5.625698089599609375e+01 6.828596496582031250e+01
1.138863258361816406e+02 1.409921550750732422e+02 5.751919555664062500e+01 7.647048187255859375e+01
1.227748184204101562e+02 1.414128017425537109e+02 5.893645477294921875e+01 6.871042633056640625e+01
1.337719078063964844e+02 1.418252811431884766e+02 6.163981628417968750e+01 7.874554443359375000e+01
1.442307796478271484e+02 1.406019763946533203e+02 6.118542098999023438e+01 7.524772644042968750e+01
1.561879768371582031e+02 1.393681888580322266e+02 6.451855468750000000e+01 8.445352172851562500e+01
1.678025321960449219e+02 1.384116573333740234e+02 6.527772521972656250e+01 8.186472320556640625e+01
1.815164756774902344e+02 1.373902759552001953e+02 6.977854919433593750e+01 8.944023132324218750e+01
1.973825111389160156e+02 1.373197116851806641e+02 7.114831542968750000e+01 8.732531738281250000e+01
2.125091438293457031e+02 1.364692668914794922e+02 7.257894897460937500e+01 9.445616912841796875e+01
2.266259841918945312e+02 1.351786403656005859e+02 7.672173309326171875e+01 9.622382354736328125e+01
2.451757087707519531e+02 1.356163349151611328e+02 8.156411743164062500e+01 9.835194396972656250e+01
2.647642936706542969e+02 1.344520626068115234e+02 8.230628967285156250e+01 1.021274795532226562e+02
2.836918907165527344e+02 1.336503391265869141e+02 9.534892272949218750e+01 1.066961059570312500e+02
3.012453613281250000e+02 1.362003650665283203e+02 1.057840042114257812e+02 1.045941009521484375e+02
3.268581771850585938e+02 1.277992191314697266e+02 1.157389755249023438e+02 1.108216247558593750e+02
3.452674827575683594e+02 1.347710971832275675e+02 1.219657135009765625e+02 1.132289028167724325e+02
3.789751396179199219e+02 1.327045984268188477e+02 8.787681579589843750e+01 1.116578903198242188e+02
4.123274440765380859e+02 1.301192026138305664e+02 5.948559188842773438e+01 1.178807973861694336e+02
3.418285331726074219e+02 1.674459919929504395e+02 1.311714668273925781e+02 8.055400800704956055e+01
2.943099956512451172e+02 1.626130716800689413e+02 1.741613006591796875e+02 8.538692831993105870e+01
2.555059795379638672e+02 1.504149495363235474e+02 2.174940204620361328e+02 9.758505046367645264e+01
2.192319707870483398e+02 1.298585634827613831e+02 2.375307464599609375e+02 1.049307937622070312e+02
1.296159734725952148e+02 1.075870676636695862e+02 2.273679962158203125e+02 1.404129323363304138e+02
1.180097103118896484e+01 1.043874020874500275e+02 2.083308563232421875e+02 1.243740310668945312e+02
0.000000000000000000e+00 1.028177228271961212e+02 8.592995738983154297e+01 1.037264022827148438e+02
4.774281978607177734e+00 1.207902303040027618e+02 1.263835601806640625e+02 7.447908020019531250e+01
3.500150203704833984e+00 1.149470219910144806e+02 8.493411254882812500e+01 7.641088867187500000e+01
2.603517055511474609e+00 1.308241658508777618e+02 7.826985931396484375e+01 6.235688781738281250e+01
0.000000000000000000e+00 1.348133569061756134e+02 5.752918958663940430e+01 5.182509994506835938e+01
4.870202541351318359e-01 1.424693341553211212e+02 4.807715225219726562e+01 3.864096832275390625e+01
1.639425039291381836e+00 1.439270291626453400e+02 4.618092727661132812e+01 3.541803741455078125e+01
4.991409063339233398e+00 1.498564172089099884e+02 4.354624938964843750e+01 3.120035934448242188e+01
2.129971575736999512e+01 1.595270066559314728e+02 2.741137123107910156e+01 2.071438980102539062e+01
2.412084174156188965e+01 1.598229079544544220e+02 2.508799743652343750e+01 1.931777763366699219e+01
2.635499358177185059e+01 1.599974179565906525e+02 2.383733749389648438e+01 1.859342193603515625e+01
2.569861674308776855e+01 1.607288565933704376e+02 2.600011253356933594e+01 1.813300132751464844e+01
2.766495585441589355e+01 1.610864844620227814e+02 2.646627616882324219e+01 1.829401206970214844e+01
2.716585612297058105e+01 1.609033036530017853e+02 2.648603630065917969e+01 1.841454696655273438e+01
2.899360346794128418e+01 1.603306355774402618e+02 2.609009361267089844e+01 1.924176025390625000e+01
3.035721945762634277e+01 1.603427834808826447e+02 2.520003509521484375e+01 1.905350875854492188e+01
3.077908015251159668e+01 1.607707362473011017e+02 2.578177452087402344e+01 1.915767860412597656e+01
3.142017817497253418e+01 1.607786879837512970e+02 2.702549552917480469e+01 1.938553428649902344e+01
3.205105471611022949e+01 1.606017403900623322e+02 2.725890541076660156e+01 2.029509353637695312e+01
3.314070963859558105e+01 1.601936068832874298e+02 2.731035423278808594e+01 2.018082618713378906e+01
3.463406825065612793e+01 1.606141057312488556e+02 2.629428672790527344e+01 1.962026214599609375e+01
3.553264880180358887e+01 1.605730424225330353e+02 2.707250404357910156e+01 1.962679672241210938e+01
3.534222006797791238e+01 1.604639802277088165e+02 2.799877929687500000e+01 2.045934677124023438e+01
3.853861975669861550e+01 1.602202735245227814e+02 2.662492370605468039e+01 1.993111991882324219e+01
3.894229960441590066e+01 1.607327733337879181e+02 2.923353385925292258e+01 2.008849334716796875e+01
3.881079459190368652e+01 1.609635510742664337e+02 2.895173645019531250e+01 2.027901458740234375e+01
3.954914736747741699e+01 1.607387605011463165e+02 3.017966651916503906e+01 2.014741134643554688e+01
4.114212012290955300e+01 1.614547305405139923e+02 3.197822570800780539e+01 2.021688270568847656e+01
4.121868491172790527e+01 1.605073457062244415e+02 3.227149963378906250e+01 2.140964126586914062e+01
4.318307757377624512e+01 1.610144286453723907e+02 3.180060768127441406e+01 2.072699546813964844e+01
4.500739169120787864e+01 1.606745686829090118e+02 3.111494636535645242e+01 2.135181427001953125e+01
4.733510184288024902e+01 1.613012910187244415e+02 2.944273376464843750e+01 2.129413986206054688e+01
4.768737864494323730e+01 1.612794709503650665e+02 2.944675254821777344e+01 2.106857681274414062e+01
4.929352641105651855e+01 1.606165452301502228e+02 3.124338340759277344e+01 2.112170028686523438e+01
5.063038325309753418e+01 1.603500323593616486e+02 3.193857383728027344e+01 2.176812934875488281e+01
5.089826750755310059e+01 1.611092429459095001e+02 3.114701461791992188e+01 2.149101066589355469e+01
5.426667666435241699e+01 1.605303588211536407e+02 3.159414863586425781e+01 2.187649345397949219e+01
5.453309226036071777e+01 1.609971413910388947e+02 3.315654754638671875e+01 2.215057754516601562e+01
5.454966711997985840e+01 1.603841662704944611e+02 3.382187652587890625e+01 2.259417152404785156e+01
5.860735297203063965e+01 1.609762625992298126e+02 3.279077911376953125e+01 2.231940269470214844e+01
5.822087264060974121e+01 1.604969201385974884e+02 3.390879440307617188e+01 2.310371017456054688e+01
6.020291495323181152e+01 1.605645385086536407e+02 3.494469451904296875e+01 2.339398765563964844e+01
6.181056380271911621e+01 1.601514230072498322e+02 3.530739974975585938e+01 2.347539901733398438e+01
6.302634215354919434e+01 1.595817790329456329e+02 3.701195144653320312e+01 2.402943611145019531e+01
6.428320288658142090e+01 1.599035239517688751e+02 3.629842376708984375e+01 2.515694236755371094e+01
6.648000884056091309e+01 1.597466264069080353e+02 3.672844314575195312e+01 2.579767227172851562e+01
6.741705489158630371e+01 1.598016829788684845e+02 3.636967849731445312e+01 2.419660758972167969e+01
6.907819533348083496e+01 1.600723557770252228e+02 3.791463088989257812e+01 2.618492507934570312e+01
6.982174849510192871e+01 1.593625645935535431e+02 3.847699356079101562e+01 2.589835357666015625e+01
7.216341376304626465e+01 1.597918486893177032e+02 3.959499359130859375e+01 2.621144676208496094e+01
7.270685172080993652e+01 1.602999882996082306e+02 4.190257263183593750e+01 2.618347930908203125e+01
7.484431433677673340e+01 1.597645383179187775e+02 4.207009124755859375e+01 2.657315063476562500e+01
7.644380354881286621e+01 1.597610764801502228e+02 4.203627395629882812e+01 2.676209640502929688e+01
7.754101157188415527e+01 1.591821112930774689e+02 4.326599121093750000e+01 2.715414237976074219e+01
8.163908934593200684e+01 1.597974658310413361e+02 4.203864669799804688e+01 2.751095771789550781e+01
8.389750075340270996e+01 1.602007413208484650e+02 4.225491714477539062e+01 2.682040405273437500e+01
8.563141608238220215e+01 1.602071891129016876e+02 4.261553192138671875e+01 2.727024650573730469e+01
8.935802817344665527e+01 1.604207520782947540e+02 4.356828308105468750e+01 2.861822128295898438e+01
9.000338530540466309e+01 1.597459149658679962e+02 4.408321762084960938e+01 2.836672973632812500e+01
9.311583113670349121e+01 1.597674813568592072e+02 4.464677810668945312e+01 2.869104385375976562e+01
9.567779135704040527e+01 1.599648795425891876e+02 4.547251892089843750e+01 2.942910575866699219e+01
9.696508002281188965e+01 1.601982827484607697e+02 4.545087432861328125e+01 2.996376419067382812e+01
9.994256949424743652e+01 1.605255275070667267e+02 4.685231018066406250e+01 2.982036781311035156e+01
1.013423306941986084e+02 1.610205989181995392e+02 4.875141143798828125e+01 3.009035682678222656e+01
1.032392270565032959e+02 1.603554835617542267e+02 5.013776397705078125e+01 3.132662391662597656e+01
1.070326364040374756e+02 1.596652283966541290e+02 4.932256698608398438e+01 3.195200729370117188e+01
1.110667684078216553e+02 1.610158343613147736e+02 4.917848205566406250e+01 3.135717964172363281e+01
1.111379621028900146e+02 1.598770928680896759e+02 5.161518096923828125e+01 3.274208450317382812e+01
1.147666184902191162e+02 1.599393487274646759e+02 5.280646133422851562e+01 3.321054458618164062e+01
1.177367112636566162e+02 1.595332970917224884e+02 5.435818862915039062e+01 3.396190261840820312e+01
1.190379636287689209e+02 1.593195710480213165e+02 5.486710357666015625e+01 3.456370162963867188e+01
1.226380803585052490e+02 1.604103055298328400e+02 5.563442993164062500e+01 3.440272521972656250e+01
1.248814885616302490e+02 1.597307877838611603e+02 5.764289855957031250e+01 3.578162765502929688e+01
1.277683312892913818e+02 1.592390866577625275e+02 5.814840316772460938e+01 3.610612487792968750e+01
1.315159795284271240e+02 1.603448796570301056e+02 5.945678710937500000e+01 3.634627532958984375e+01
1.342031552791595459e+02 1.590795750916004181e+02 6.118480682373046875e+01 3.764235687255859375e+01
1.379560468196868896e+02 1.598917336761951447e+02 6.257479095458984375e+01 3.752321243286132812e+01
1.408570306301116943e+02 1.591426682770252228e+02 6.338476181030273438e+01 3.834824752807617188e+01
1.439395520687103271e+02 1.598215089142322540e+02 6.453516387939453125e+01 3.862510299682617188e+01
1.469583432674407959e+02 1.596151986420154572e+02 6.490700531005859375e+01 3.854616165161132812e+01
1.511976468563079834e+02 1.602496743500232697e+02 6.708391571044921875e+01 3.984590530395507812e+01
1.544936406612396240e+02 1.589461198151111603e+02 6.873576354980468750e+01 4.092994308471679688e+01
1.585539319515228271e+02 1.590090108215808868e+02 6.978867340087890625e+01 4.151624298095703125e+01
1.629257733821868896e+02 1.589082703888416290e+02 7.057930755615234375e+01 4.163015365600585938e+01
1.676251866817474365e+02 1.599427590668201447e+02 7.371078491210937500e+01 4.292262649536132812e+01
1.723867375850677490e+02 1.584574647247791290e+02 7.518621826171875000e+01 4.483506393432617188e+01
1.768547704219818115e+02 1.601441350281238556e+02 7.597267150878906250e+01 4.344486236572265625e+01
1.818877866268157959e+02 1.581570401489734650e+02 7.892629241943359375e+01 4.649700927734375000e+01
1.862552754878997803e+02 1.579330792725086212e+02 8.075094604492187500e+01 4.690190124511718750e+01
1.909622151851654053e+02 1.584197697937488556e+02 8.347070312500000000e+01 4.806717681884765625e+01
1.962506940364837646e+02 1.588337865173816681e+02 8.606259918212890625e+01 4.834427642822265625e+01
2.018710401058197021e+02 1.569149251282215118e+02 8.826154327392578125e+01 5.115615081787109375e+01
2.075840070247650146e+02 1.588385014832019806e+02 9.072306060791015625e+01 5.084241485595703125e+01
2.135341794490814209e+02 1.585739312469959259e+02 9.328936004638671875e+01 5.196912002563476562e+01
2.192819669246673584e+02 1.581225209534168243e+02 9.724050140380859375e+01 5.328939056396484375e+01
2.255800359249114990e+02 1.593856969177722931e+02 1.010648040771484375e+02 5.337970733642578125e+01
2.306505506038665771e+02 1.597165150940418243e+02 1.056179885864257812e+02 5.382225799560546875e+01
2.406958386898040771e+02 1.585196137726306915e+02 1.108846206665039062e+02 5.638161849975585938e+01
2.478283803462982178e+02 1.607235818207263947e+02 1.101218566894531250e+02 5.599300003051757812e+01
2.546656491756439209e+02 1.584455228149890900e+02 1.154346847534179688e+02 5.929612731933593750e+01
2.636860349178314209e+02 1.599038129150867462e+02 1.199433822631835938e+02 5.973641967773437500e+01
2.706378285884857178e+02 1.599951558411121368e+02 1.283173217773437500e+02 6.186690521240234375e+01
2.784394490718841553e+02 1.603789487183094025e+02 1.354057617187500000e+02 6.320188903808593750e+01
2.896079747676849365e+02 1.609774480164051056e+02 1.356411590576171875e+02 6.424515533447265625e+01
2.983081624507904053e+02 1.603025136291980743e+02 1.438238525390625000e+02 6.786296844482421875e+01
3.102548329830169678e+02 1.610453610718250559e+02 1.456937561035156250e+02 6.923832702636718750e+01
3.228117558956146240e+02 1.593847737610340403e+02 1.434096832275390625e+02 7.252117156982421875e+01
3.308677098751068115e+02 1.594087910950184153e+02 1.352700347900390625e+02 7.284987640380859375e+01
