1.020000000000000000e+02 1.730000000000000000e+02 9.000000000000000000e+00 1.300000000000000000e+01
1.032153401374816895e+02 1.726263756752014160e+02 1.000000000000000000e+01 1.183483409881591797e+01
1.028129673004150391e+02 1.722177257537841797e+02 1.000000000000000000e+01 1.261066055297851562e+01
1.032210102081298828e+02 1.727759852409362793e+02 1.000000000000000000e+01 1.267131900787353516e+01
1.034996466636657715e+02 1.724937977790832520e+02 1.000000000000000000e+01 1.250681209564208984e+01
1.040598359107971191e+02 1.727161107063293457e+02 1.000000000000000000e+01 1.289467525482177734e+01
1.045453615188598633e+02 1.725299286842346191e+02 1.000000000000000000e+01 1.278452587127685547e+01
1.039987297058105469e+02 1.724415898323059082e+02 1.000000000000000000e+01 1.313450908660888672e+01
1.053403162956237793e+02 1.719725723266601562e+02 1.000000000000000000e+01 1.288924026489257812e+01
1.058311815261840820e+02 1.724482746124267578e+02 1.000000000000000000e+01 1.346523284912109375e+01
1.059565620422363281e+02 1.715952334403991699e+02 1.012747383117675781e+01 1.298316287994384766e+01
1.069680776596069336e+02 1.719930086135864258e+02 1.000000000000000000e+01 1.372126960754394531e+01
1.077746181488037109e+02 1.725700516700744629e+02 1.069903755187988281e+01 1.339146709442138672e+01
1.082421946525573730e+02 1.728465642929077148e+02 1.047054576873779297e+01 1.333002281188964844e+01
1.092475900650024414e+02 1.717352519035339355e+02 1.070948791503906250e+01 1.334528446197509766e+01
1.087646417617797852e+02 1.726205139160156250e+02 1.063950729370117188e+01 1.376072692871093750e+01
1.091253480911254883e+02 1.718789191246032715e+02 1.108789825439453125e+01 1.422933292388916016e+01
1.102376623153686523e+02 1.723653068542480469e+02 1.150012207031250000e+01 1.442362213134765625e+01
1.101627655029296875e+02 1.704388313293457031e+02 1.165604209899902344e+01 1.480844116210937500e+01
1.118632874488830566e+02 1.713316016197204590e+02 1.086686038970947266e+01 1.490036487579345703e+01
1.117058296203613281e+02 1.712109608650207520e+02 1.083779716491699219e+01 1.509834575653076172e+01
1.128603162765502930e+02 1.707582092285156250e+02 1.105728912353515625e+01 1.482702636718750000e+01
1.135125684738159180e+02 1.709718685150146484e+02 1.000000000000000000e+01 1.514041900634765625e+01
1.130940055847167969e+02 1.711739120483398438e+02 1.035939598083496094e+01 1.501185607910156250e+01
1.139812583923339844e+02 1.713100638389587402e+02 1.036091041564941406e+01 1.493883991241455078e+01
1.149556527137756348e+02 1.709416570663452148e+02 1.159029483795166016e+01 1.527242088317871094e+01
1.163349304199218750e+02 1.699231033325195312e+02 1.545683479309082031e+01 1.622904205322265625e+01
1.177082519531250000e+02 1.682741775512695312e+02 2.298819923400878906e+01 1.894795989990234375e+01
1.162588300704956055e+02 1.654377784729003906e+02 2.558198165893554688e+01 2.133938598632812500e+01
1.168194589614868164e+02 1.648711719512939453e+02 2.451622772216796875e+01 2.224172592163085938e+01
1.184858217239379883e+02 1.667485685348510742e+02 2.256373596191406250e+01 2.099851417541503906e+01
1.187061719894409180e+02 1.658544635772705078e+02 2.194931411743164062e+01 2.151358413696289062e+01
1.200090894699096680e+02 1.674988279342651367e+02 2.040226364135742188e+01 2.039847755432128906e+01
1.202401342391967773e+02 1.674803829193115234e+02 1.889214706420898438e+01 2.071054458618164062e+01
1.209088869094848633e+02 1.679182643890380859e+02 1.706261444091796875e+01 2.078564834594726562e+01
1.211370191574096680e+02 1.688965492248535156e+02 1.735483932495117188e+01 1.949327087402343750e+01
1.220498094558715820e+02 1.681361808776855469e+02 1.632015228271484375e+01 2.164987945556640625e+01
1.208358116149902344e+02 1.682775735855102539e+02 1.767475318908691406e+01 2.161276817321777344e+01
1.228574132919311523e+02 1.678136444091796875e+02 1.611034774780273438e+01 2.278221130371093750e+01
1.241151981353759766e+02 1.691821546554565430e+02 1.658432579040527344e+01 2.338875007629394531e+01
1.236465697288513184e+02 1.718880624771118164e+02 1.440566921234130859e+01 2.091007041931152344e+01
1.237815370559692383e+02 1.715405082702636719e+02 1.500623321533203125e+01 2.002385711669921875e+01
1.245710248947143555e+02 1.699747867584228516e+02 1.464043807983398438e+01 1.818568038940429688e+01
1.257562465667724609e+02 1.721235857009887695e+02 1.555146598815917969e+01 1.575828361511230469e+01
1.247865567207336426e+02 1.690740470886230469e+02 1.354213809967041016e+01 1.767205047607421875e+01
1.241633882522583008e+02 1.706905355453491211e+02 1.792495727539062500e+01 1.657512092590332031e+01
1.276493234634399414e+02 1.732796068191528320e+02 1.933145904541015625e+01 1.790304374694824219e+01
1.232662992477416992e+02 1.687395095825195312e+02 2.114200973510742188e+01 1.857688903808593750e+01
1.220660085678100586e+02 1.662530460357666016e+02 2.098456954956054688e+01 1.982898330688476562e+01
1.347357816696166992e+02 1.732032327651977539e+02 1.682304763793945312e+01 2.084740257263183594e+01
1.385295357704162598e+02 1.745230150222778320e+02 1.551412677764892578e+01 1.959924125671386719e+01
1.409957218170166016e+02 1.741220588684082031e+02 1.594604301452636719e+01 1.929167938232421875e+01
1.422131862640380859e+02 1.742554779052734375e+02 1.875729942321777344e+01 2.015268707275390625e+01
1.432130699157714844e+02 1.750819110870361328e+02 1.717103004455566406e+01 1.871724319458007812e+01
1.417552270889282227e+02 1.733311796188354492e+02 1.966182708740234375e+01 1.946454811096191406e+01
1.466574335098266602e+02 1.746253499984741211e+02 1.692996978759765625e+01 1.906896400451660156e+01
1.466571741104125977e+02 1.739207611083984375e+02 1.825042724609375000e+01 2.007319641113281250e+01
1.486174125671386719e+02 1.751079854965209961e+02 1.862805366516113281e+01 2.014729499816894531e+01
1.494374032020568848e+02 1.754686079025268555e+02 1.578355121612548828e+01 2.109310340881347656e+01
1.501009693145751953e+02 1.725015411376953125e+02 1.858601188659667969e+01 2.316579437255859375e+01
1.519185581207275391e+02 1.730839405059814453e+02 1.809866905212402344e+01 2.004564285278320312e+01
1.555162158012390137e+02 1.744930753707885742e+02 1.545796489715576172e+01 2.160570716857910156e+01
1.573035502433776855e+02 1.753835649490356445e+02 1.572622966766357422e+01 2.120995140075683594e+01
1.584770469665527344e+02 1.756702632904052734e+02 1.461298561096191406e+01 2.093207168579101562e+01
1.601360569000244141e+02 1.757865276336669922e+02 1.597365379333496094e+01 2.097685623168945312e+01
1.618743572235107422e+02 1.763334140777587891e+02 1.582996940612792969e+01 2.143216323852539062e+01
1.632838916778564453e+02 1.755365219116210938e+02 1.585442161560058594e+01 2.133561706542968750e+01
1.649764823913574219e+02 1.766931753158569336e+02 1.619062232971191406e+01 2.197950935363769531e+01
1.670383558273315430e+02 1.752447528839111328e+02 1.638328933715820312e+01 2.238769912719726562e+01
1.682670230865478516e+02 1.739620771408081055e+02 1.651593589782714844e+01 2.336677742004394531e+01
1.705212621688842773e+02 1.748781795501708984e+02 1.647984695434570312e+01 2.289637374877929688e+01
1.727134370803833008e+02 1.761441993713378906e+02 1.665611267089843750e+01 2.345491027832031250e+01
1.752208881378173828e+02 1.758293447494506836e+02 1.640949058532714844e+01 2.353196144104003906e+01
1.765783319473266602e+02 1.757890892028808594e+02 1.805182647705078125e+01 2.218325805664062500e+01
1.790288763046264648e+02 1.756215972900390625e+02 1.757626724243164062e+01 2.308857727050781250e+01
1.812378883361816406e+02 1.749230298995971680e+02 1.764124488830566406e+01 2.562317085266113281e+01
1.832275047302246094e+02 1.727188663482666016e+02 1.767572975158691406e+01 2.573943710327148438e+01
1.855736675262451172e+02 1.756899414062500000e+02 1.862148094177246094e+01 2.400333404541015625e+01
1.885711383819580078e+02 1.760357980728149414e+02 1.931323814392089844e+01 2.594576072692871094e+01
1.904735689163208008e+02 1.744991197586059570e+02 1.924713134765625000e+01 2.534965324401855469e+01
1.924615869522094727e+02 1.664059524536132812e+02 1.867718505859375000e+01 3.354173278808593750e+01
1.944539470672607422e+02 1.668548355102539062e+02 1.918034172058105469e+01 3.299353790283203125e+01
1.955998706817626953e+02 1.686506462097167969e+02 1.986491203308105469e+01 3.300028228759765625e+01
1.982105064392089844e+02 1.737731647491455078e+02 2.140351295471191406e+01 2.274198532104492188e+01
2.010279283523559570e+02 1.725791311264038086e+02 2.084717559814453125e+01 2.990342903137207031e+01
2.041407566070556641e+02 1.746801156997680664e+02 2.056896781921386719e+01 2.897095298767089844e+01
2.059595565795898438e+02 1.748129520416259766e+02 2.256025886535644531e+01 2.876015090942382812e+01
2.115092506408691406e+02 1.751678485870361328e+02 2.636238288879394531e+01 2.547453689575195312e+01
2.153814649581909180e+02 1.745762224197387695e+02 2.399811935424804688e+01 2.705264854431152344e+01
2.190307035446166992e+02 1.737441101074218750e+02 2.397905349731445312e+01 2.706603240966796875e+01
2.197951517105102539e+02 1.748522472381591797e+02 2.504169464111328125e+01 2.839660263061523438e+01
2.214551258087158203e+02 1.715719585418701172e+02 2.697669792175292969e+01 3.148021316528320312e+01
2.240992774963378906e+02 1.760344095230102539e+02 2.559794044494628906e+01 2.692259788513183594e+01
2.250997810363769531e+02 1.729547576904296875e+02 2.483407783508300781e+01 2.494458770751953125e+01
2.227141103744506836e+02 1.753515424728393555e+02 2.898490524291992188e+01 2.236561775207519531e+01
2.361055545806884766e+02 1.751511344909667969e+02 2.381908988952636719e+01 2.676207733154296875e+01
2.418423690795898438e+02 1.727622680664062500e+02 2.122857856750488281e+01 2.937487030029296875e+01
2.450102005004882812e+02 1.745379648208618164e+02 2.436223030090332031e+01 3.131958580017089844e+01
2.515676755905151367e+02 1.717829933166503906e+02 2.226816940307617188e+01 3.210472106933593750e+01
2.557628164291381836e+02 1.720833129882812500e+02 2.294337844848632812e+01 3.580927276611328125e+01
2.605663537979125977e+02 1.703245544433593750e+02 2.157926177978515625e+01 3.592252349853515625e+01
2.649100227355957031e+02 1.749369297027587891e+02 2.642867469787597656e+01 3.227614212036132812e+01
2.707863931655883789e+02 1.712943630218505859e+02 2.557157897949218750e+01 3.665909194946289062e+01
2.750528049468994141e+02 1.716351852416992188e+02 2.554311943054199219e+01 3.697185516357421875e+01
2.815259342193603516e+02 1.765598964691162109e+02 2.953808403015136719e+01 3.298298263549804688e+01
2.862347421646118164e+02 1.737575416564941406e+02 2.811048889160156250e+01 3.600673675537109375e+01
2.935137605667114258e+02 1.763483676910400391e+02 3.242733001708984375e+01 3.560142135620117188e+01
2.991294822692871094e+02 1.729723892211914062e+02 3.025921058654785156e+01 3.672523498535156250e+01
3.055097780227661133e+02 1.764509391784667969e+02 3.345156097412109375e+01 3.749796295166015625e+01
3.123698663711547852e+02 1.792829513549804688e+02 3.546148681640625000e+01 3.816477966308593750e+01
3.206795797348022461e+02 1.720183277130126953e+02 3.727670669555664062e+01 4.208776473999023438e+01
3.262112035751342773e+02 1.740275688171386719e+02 3.717145156860351562e+01 4.105245208740234375e+01
3.384246664047241211e+02 1.769269371032714844e+02 3.493432998657226562e+01 3.568642425537109375e+01
3.448076591491699219e+02 1.690581893920898438e+02 2.938439369201660156e+01 4.218869018554687500e+01
3.575047130584716797e+02 1.687450122833251953e+02 2.889006614685058594e+01 4.581861495971679688e+01
3.645339212417602539e+02 1.693776588439941406e+02 3.252760314941406250e+01 5.157059478759765625e+01
3.765565690994262695e+02 1.697935447692871094e+02 3.392029571533203125e+01 5.168473052978515625e+01
3.841554441452026367e+02 1.692038383483886719e+02 4.009310531616210938e+01 5.418817901611328125e+01
3.984501791000366211e+02 1.679039840698242188e+02 3.689903640747070312e+01 5.648240661621093750e+01
4.103129110336303711e+02 1.692210712432861328e+02 3.586888504028320312e+01 5.817805099487304688e+01
4.290060586929321289e+02 1.695953903198242188e+02 3.772453308105468750e+01 5.343614196777343750e+01
4.050756521224975586e+02 1.791381931304931641e+02 6.319275283813476562e+01 3.886339950561523438e+01
3.885201158523559570e+02 1.750195159912109375e+02 8.201540374755859375e+01 4.440660095214843750e+01
3.770820512771606445e+02 1.727380161285400391e+02 9.377292633056640625e+01 4.703568649291992188e+01
