1.000000000000000000e+00 1.680000000000000000e+02 2.200000000000000000e+01 1.600000000000000000e+01
6.762094497680664062e-01 1.670541400909423828e+02 2.267378044128417969e+01 1.741319656372070312e+01
1.167496681213378906e+00 1.667634811401367188e+02 2.309858512878417969e+01 1.746432495117187500e+01
2.224280357360839844e+00 1.671968545913696289e+02 2.302295112609863281e+01 1.832490348815917969e+01
2.588118553161621094e+00 1.666356029510498047e+02 2.366112709045410156e+01 1.854919815063476562e+01
3.360651016235351562e+00 1.668128967285156250e+02 2.385179519653320312e+01 1.774079132080078125e+01
2.750299453735351562e+00 1.667419481277465820e+02 2.444453048706054688e+01 1.971491050720214844e+01
4.067267417907714844e+00 1.668178882598876953e+02 2.474125099182128906e+01 1.813367843627929688e+01
3.723042488098144531e+00 1.671275730133056641e+02 2.508720207214355469e+01 1.917628097534179688e+01
5.122708320617675781e+00 1.671350288391113281e+02 2.556266593933105469e+01 1.902602386474609375e+01
6.363586425781250000e+00 1.675188512802124023e+02 2.473410034179687500e+01 1.934301185607910156e+01
6.206227302551269531e+00 1.674702301025390625e+02 2.502875328063964844e+01 2.029679870605468750e+01
8.318102836608886719e+00 1.684352540969848633e+02 2.557974433898925781e+01 1.970828819274902344e+01
7.687591552734375000e+00 1.686211690902709961e+02 2.719361877441406250e+01 1.970073127746582031e+01
9.117806434631354762e+00 1.683488559722900391e+02 2.635214805603027344e+01 1.967455673217773438e+01
1.048064994812012429e+01 1.685092849731445312e+02 2.631999588012695312e+01 2.012299346923828125e+01
1.161108493804933062e+01 1.686087169647216797e+02 2.650794029235839844e+01 1.995837783813476562e+01
1.308889865875246272e+01 1.687028284072875977e+02 2.704878044128417969e+01 1.975362205505371094e+01
1.282639980316164952e+01 1.681128969192504883e+02 2.776615333557128906e+01 2.051890373229980469e+01
1.179921913146975498e+01 1.685933609008789062e+02 2.937252426147460938e+01 2.057314300537109375e+01
1.434897613525394178e+01 1.689930639266967773e+02 2.985524749755859375e+01 2.018416786193847656e+01
1.496853637695316763e+01 1.680143604278564453e+02 2.992050170898437500e+01 2.077880477905273438e+01
1.619070625305180045e+01 1.688215217590332031e+02 3.115288925170898438e+01 2.055553436279296875e+01
1.846312332153324576e+01 1.685919990539550781e+02 2.947075653076171875e+01 2.062889099121093750e+01
1.986735820770268646e+01 1.690939579010009766e+02 3.038022804260253906e+01 2.085775375366210938e+01
2.152246189117436614e+01 1.687971754074096680e+02 2.957755088806152344e+01 2.093997383117675781e+01
2.376258087158208099e+01 1.689780368804931641e+02 3.037594604492187500e+01 2.163920211791992188e+01
2.350803375244144888e+01 1.688617553710937500e+02 3.211151885986328125e+01 2.192182159423828125e+01
2.561133766174319959e+01 1.688326902389526367e+02 3.134812545776367188e+01 2.244471931457519531e+01
2.649274635314944248e+01 1.682120399475097656e+02 3.326401138305664062e+01 2.315978240966796875e+01
2.739239501953127842e+01 1.685224409103393555e+02 3.497877502441406250e+01 2.320038795471191406e+01
2.799485588073733311e+01 1.687548856735229492e+02 3.707033157348632812e+01 2.363721656799316406e+01
2.974053382873537998e+01 1.688622798919677734e+02 3.698521804809570312e+01 2.413244247436523438e+01
3.062873649597170811e+01 1.686565341949462891e+02 3.843499374389648438e+01 2.482017135620117188e+01
3.184862899780276280e+01 1.688216505050659180e+02 3.944715118408203125e+01 2.495504951477050781e+01
3.348159408569338780e+01 1.688875007629394531e+02 4.004387664794921875e+01 2.530274963378906250e+01
3.460072517395022373e+01 1.681639766693115234e+02 4.055521774291992188e+01 2.597091293334960938e+01
3.728339195251467686e+01 1.686981306076049805e+02 4.155514907836914062e+01 2.637721443176269531e+01
3.887832641601565342e+01 1.686758232116699219e+02 4.271534729003906250e+01 2.693251037597656250e+01
4.149294471740725498e+01 1.683740978240966797e+02 4.318516159057617188e+01 2.754006576538085938e+01
4.343774032592776280e+01 1.685415029525756836e+02 4.444087982177734375e+01 2.774686622619628906e+01
4.539298057556155186e+01 1.680605468750000000e+02 4.519609451293945312e+01 2.841098785400390625e+01
4.768857383728030186e+01 1.683178758621215820e+02 4.625046157836914062e+01 2.859675407409667969e+01
4.985837745666506748e+01 1.675709724426269531e+02 4.712885665893554688e+01 2.941645812988281250e+01
5.268062973022463780e+01 1.677098512649536133e+02 4.792029571533203125e+01 2.959376335144042969e+01
5.555391883850100498e+01 1.678897705078125000e+02 4.880358505249023438e+01 2.981305694580078125e+01
5.768303108215334873e+01 1.680716886520385742e+02 5.038351058959960938e+01 3.024482917785644531e+01
6.033097457885745030e+01 1.671745281219482422e+02 5.090616607666015625e+01 3.125571823120117188e+01
6.251192474365237217e+01 1.670344858169555664e+02 5.226051330566406250e+01 3.191896629333496094e+01
6.560414695739748936e+01 1.672373428344726562e+02 5.276379776000976562e+01 3.220665740966796875e+01
6.909875106811526280e+01 1.664819316864013672e+02 5.457387542724609375e+01 3.352434921264648438e+01
7.225091171264651280e+01 1.671128654479980469e+02 5.573311614990234375e+01 3.402615356445312500e+01
7.411048126220705967e+01 1.660386810302734375e+02 5.777043151855468750e+01 3.540081024169921875e+01
7.883160209655764561e+01 1.668116683959960938e+02 5.892236709594726562e+01 3.554665374755859375e+01
8.188934516906741123e+01 1.656771430969238281e+02 6.111497116088867188e+01 3.678494262695312500e+01
8.629664611816409092e+01 1.661124038696289062e+02 6.168917846679687500e+01 3.699350738525390625e+01
8.936188888549807530e+01 1.653743076324462891e+02 6.444425201416015625e+01 3.841650772094726562e+01
9.298585510253909092e+01 1.652423057556152344e+02 6.598202514648437500e+01 3.918124389648437500e+01
9.761844635009768467e+01 1.653878421783447266e+02 6.782319641113281250e+01 4.002594375610351562e+01
1.020863609313965128e+02 1.658800010681152344e+02 6.985906219482421875e+01 4.059530639648437500e+01
1.066801643371582031e+02 1.659429321289062500e+02 7.203253936767578125e+01 4.153725433349609375e+01
1.116476936340332031e+02 1.657987384796142578e+02 7.544132232666015625e+01 4.281468582153320312e+01
1.166227302551269531e+02 1.656674556732177734e+02 7.849750518798828125e+01 4.439872360229492188e+01
1.230578689575195312e+02 1.661038036346435547e+02 7.979869079589843750e+01 4.552810287475585938e+01
1.273514442443847656e+02 1.649462623596191406e+02 8.453685760498046875e+01 4.742189025878906250e+01
1.326170387268066406e+02 1.652168998718261719e+02 8.870235443115234375e+01 4.863980102539062500e+01
1.386997947692871094e+02 1.661581459045410156e+02 9.291938018798828125e+01 4.935459899902343750e+01
1.447578163146972656e+02 1.660955982208251953e+02 9.686617279052734375e+01 5.159288406372070312e+01
1.543060951232910156e+02 1.657055015563964844e+02 9.856011199951171875e+01 5.349835205078125000e+01
1.617365875244140625e+02 1.648431301116943359e+02 1.042933349609375000e+02 5.585212326049804688e+01
1.692788238525390625e+02 1.656200523376464844e+02 1.084739074707031250e+02 5.756958007812500000e+01
1.781675643920898438e+02 1.642925357818603516e+02 1.143708953857421875e+02 6.145984268188476562e+01
1.870780525207519531e+02 1.646147384643554688e+02 1.223987350463867188e+02 6.376398468017578125e+01
1.962994232177734375e+02 1.662174758911132812e+02 1.290062561035156250e+02 6.580912017822265625e+01
2.006294097900390625e+02 1.632432899475097656e+02 1.411963500976562500e+02 7.152320861816406250e+01
2.190372085571289062e+02 1.659234275817871094e+02 1.429677581787109375e+02 7.096481323242187500e+01
2.292176513671875000e+02 1.642145423889160156e+02 1.548403015136718750e+02 7.646513366699218750e+01
2.442064132690429688e+02 1.655980110168457031e+02 1.634606781005859375e+02 7.922074890136718750e+01
2.599246826171875000e+02 1.652513923645019531e+02 1.728527526855468750e+02 8.425035095214843750e+01
2.721559219360351562e+02 1.627950477600097940e+02 1.901776885986328125e+02 9.103144836425781250e+01
1.989776611328125000e+02 1.129405975341797159e+02 2.619186096191406250e+02 1.270485458374023438e+02
1.946968994140625000e+02 1.055575332641601847e+02 2.731363220214843750e+02 1.240181045532226562e+02
