3.260000000000000000e+02 1.430000000000000000e+02 2.100000000000000000e+01 4.900000000000000000e+01
3.254396104812622070e+02 1.443687648773193359e+02 2.321416282653808594e+01 4.588083267211914062e+01
3.258779754638671875e+02 1.437857017517089844e+02 2.295367431640625000e+01 4.654781341552734375e+01
3.267744140625000000e+02 1.434734230041503906e+02 2.266674804687500000e+01 4.687296295166015625e+01
3.272403583526611328e+02 1.448238201141357422e+02 2.240043258666992188e+01 4.588281631469726562e+01
3.287071323394775391e+02 1.431123371124267578e+02 2.204435348510742188e+01 4.869033432006835938e+01
3.279277973175048828e+02 1.428986721038818359e+02 2.280457687377929688e+01 5.114418411254882812e+01
3.276514873504638672e+02 1.420432739257812500e+02 2.293381118774414062e+01 5.131250000000000000e+01
3.283245344161987305e+02 1.418800067901611328e+02 2.393973731994628906e+01 5.030787277221679688e+01
3.301143760681152344e+02 1.430592517852783203e+02 2.521399688720703125e+01 4.922913742065429688e+01
3.310006942749023438e+02 1.446225051879882812e+02 2.787800598144531250e+01 4.928416442871093750e+01
3.311369667053222656e+02 1.453176746368408203e+02 3.242977142333984375e+01 4.791622543334960938e+01
3.306878738403320312e+02 1.449591751098632812e+02 3.509600830078125000e+01 4.766584777832031250e+01
3.352130775451660156e+02 1.442592296600341797e+02 3.157730865478515625e+01 4.916873550415039062e+01
3.346392364501953125e+02 1.436592369079589844e+02 3.310348510742187500e+01 5.023805999755859375e+01
3.379525737762451172e+02 1.443612289428710938e+02 3.040332412719726562e+01 4.954388427734375000e+01
3.378656711578369141e+02 1.446442089080810547e+02 2.945495223999023438e+01 4.988737869262695312e+01
3.359037761688232422e+02 1.437800445556640625e+02 2.953026199340820312e+01 5.065939331054687500e+01
3.367214965820312500e+02 1.435665569305419922e+02 2.935266113281250000e+01 5.069922256469726562e+01
3.473307628631591797e+02 1.440777988433837891e+02 2.181094741821289062e+01 5.140626144409179688e+01
3.538946123123168945e+02 1.430659389495849609e+02 1.700119590759277344e+01 5.005990982055664062e+01
3.555051527023315430e+02 1.441828289031982422e+02 1.652066230773925781e+01 4.807017898559570312e+01
3.574119939804077148e+02 1.437688140869140625e+02 1.719720649719238281e+01 4.888272094726562500e+01
3.588581056594848633e+02 1.452693004608154297e+02 2.008307456970214844e+01 4.864432144165039062e+01
3.589561834335327148e+02 1.450852108001708984e+02 2.145717048645019531e+01 4.690841293334960938e+01
3.599930562973022461e+02 1.468176498413085938e+02 2.310728645324707031e+01 4.557024383544921875e+01
3.595904693603515625e+02 1.468420581817626953e+02 2.554740905761718750e+01 4.628607559204101562e+01
3.608496170043945312e+02 1.473727722167968750e+02 2.889471435546875000e+01 4.702634429931640625e+01
3.617270936965942383e+02 1.469082851409912109e+02 2.710579490661621094e+01 4.819425582885742188e+01
3.645644207000732422e+02 1.462424545288085938e+02 2.373173904418945312e+01 4.910178375244140625e+01
3.661244831085205078e+02 1.469024696350097656e+02 2.104203414916992188e+01 4.835702514648437500e+01
3.677980756759643555e+02 1.465737075805664062e+02 1.995171546936035156e+01 4.752193450927734375e+01
3.697918262481689453e+02 1.459326934814453125e+02 2.060683822631835938e+01 4.923296356201171875e+01
3.707118539810180664e+02 1.452015476226806641e+02 2.216157341003417969e+01 4.881306838989257812e+01
3.723028945922851562e+02 1.453566703796386719e+02 2.087783813476562500e+01 5.013829040527343750e+01
3.725824241638183594e+02 1.470961456298828125e+02 2.250778961181640625e+01 4.828850555419921875e+01
3.739487752914428711e+02 1.479425430297851562e+02 2.592056465148925781e+01 4.778340911865234375e+01
3.748610744476318359e+02 1.482797527313232422e+02 2.813434219360351562e+01 4.746354293823242188e+01
3.759194288253784180e+02 1.488195991516113281e+02 2.972005653381347656e+01 4.716845703125000000e+01
3.757988910675048828e+02 1.487743587493896484e+02 3.007279586791992188e+01 4.776121139526367188e+01
3.762051115036010742e+02 1.463282871246337891e+02 2.961057472229003906e+01 4.954632949829101562e+01
3.789879398345947266e+02 1.477503585815429688e+02 2.755677413940429688e+01 4.888648223876953125e+01
3.817680902481079102e+02 1.477160224914550781e+02 2.440754508972167969e+01 4.817768859863281250e+01
3.829797935485839844e+02 1.470122032165527344e+02 2.369879913330078125e+01 4.897076416015625000e+01
3.878191328048706055e+02 1.467125358581542969e+02 1.948134803771972656e+01 4.914622497558593750e+01
3.914828224182128906e+02 1.472159404754638672e+02 1.740807342529296875e+01 4.921870803833007812e+01
3.939058132171630859e+02 1.459814414978027344e+02 1.690452194213867188e+01 4.917540740966796875e+01
3.957308235168457031e+02 1.459277629852294922e+02 1.634827423095703125e+01 5.048003005981445312e+01
3.967397251129150391e+02 1.468574714660644531e+02 1.756204605102539062e+01 4.970354461669921875e+01
3.979111413955688477e+02 1.480711460113525391e+02 1.971284294128417969e+01 4.901836013793945312e+01
3.984667816162109375e+02 1.485035362243652344e+02 2.329499816894531250e+01 4.781589508056640625e+01
3.982518939971923828e+02 1.500235252380371094e+02 2.413232040405273438e+01 4.730532073974609375e+01
3.986101779937744141e+02 1.482144813537597656e+02 2.529272079467773438e+01 4.999225616455078125e+01
4.008681020736694336e+02 1.488958034515380859e+02 2.657568550109863281e+01 4.926532363891601562e+01
4.052794876098632812e+02 1.492262191772460938e+02 2.185571289062500000e+01 5.019548034667968750e+01
4.075773859024047852e+02 1.485923500061035156e+02 2.036211967468261719e+01 5.067333221435546875e+01
4.091753911972045898e+02 1.493694381713867188e+02 2.105127143859863281e+01 4.987876892089843750e+01
4.099964427947998047e+02 1.495153560638427734e+02 1.724935531616210938e+01 4.905955886840820312e+01
4.127923965454101562e+02 1.488538055419921875e+02 2.095843505859375000e+01 4.965111541748046875e+01
4.131226043701171875e+02 1.496044902801513672e+02 1.972557067871093750e+01 4.922814559936523438e+01
4.147751340866088867e+02 1.496375522613525391e+02 2.215621376037597656e+01 4.888340377807617188e+01
4.138358707427978516e+02 1.501314792633056641e+02 2.485384750366210938e+01 4.902602767944335938e+01
4.143659620285034180e+02 1.494952335357666016e+02 3.047808265686035156e+01 5.017138290405273438e+01
4.139507160186767578e+02 1.511610603332519531e+02 3.361483383178710938e+01 4.958794403076171875e+01
4.137488346099853516e+02 1.517786064147949219e+02 3.558132553100585938e+01 5.085057830810546875e+01
4.154569435119628906e+02 1.522192916870117188e+02 3.383452606201171875e+01 5.069050598144531250e+01
4.179849529266357422e+02 1.509924621582031250e+02 3.309854507446289062e+01 5.478398132324218750e+01
4.199909152984619141e+02 1.528683013916015625e+02 3.235921859741210938e+01 5.206248474121093750e+01
4.223591308593750000e+02 1.527640495300292969e+02 3.107025146484375000e+01 5.222158050537109375e+01
4.264006156921386719e+02 1.509508075714111328e+02 2.689038848876953125e+01 5.290754318237304688e+01
4.316159734725952148e+02 1.503442974090576172e+02 2.387751960754394531e+01 5.192609024047851562e+01
4.355128335952758789e+02 1.502006301879882812e+02 2.050527763366699219e+01 5.271582031250000000e+01
4.371130437850952148e+02 1.507737522125244141e+02 1.939605903625488281e+01 5.333753585815429688e+01
4.387594184875488281e+02 1.512629699707031250e+02 2.217800140380859375e+01 5.249127197265625000e+01
4.384483633041381836e+02 1.518403091430664062e+02 2.559373664855957031e+01 5.166973876953125000e+01
4.396147594451904297e+02 1.511529884338378906e+02 3.158156204223632812e+01 5.361371612548828125e+01
4.394062805175781250e+02 1.544076652526855469e+02 3.262585449218750000e+01 5.289890289306640625e+01
4.388400249481201172e+02 1.546029205322265625e+02 3.712594985961914062e+01 5.004121398925781250e+01
4.445805149078369141e+02 1.530605030059814453e+02 3.461532211303710938e+01 5.381962203979492188e+01
4.457913608551025391e+02 1.526623439788818359e+02 3.127842330932617188e+01 5.306714248657226562e+01
4.464664831161499023e+02 1.530637168884277344e+02 3.009488105773925781e+01 5.623224639892578125e+01
4.571127471923828125e+02 1.525816307067871094e+02 3.110263061523437500e+01 5.561997222900390625e+01
4.559695663452148438e+02 1.513498477935791016e+02 2.952494812011718750e+01 5.723830795288085938e+01
4.563955602645874023e+02 1.502476444244384766e+02 2.975062751770019531e+01 5.928309249877929688e+01
4.551902580261230469e+02 1.489220981597900391e+02 3.316764068603515625e+01 6.088673019409179688e+01
4.503034973144531250e+02 1.485947799682617188e+02 3.034115600585937500e+01 5.873242187500000000e+01
4.485463294982910156e+02 1.489062747955322266e+02 3.096952056884765625e+01 5.858506393432617188e+01
4.470994205474853516e+02 1.449805736541748047e+02 3.073096847534179688e+01 6.259839248657226562e+01
4.468007154464721680e+02 1.479389038085937500e+02 2.866105079650878906e+01 6.039205932617187500e+01
4.390449113845825195e+02 1.461467971801757812e+02 2.925481224060058594e+01 5.810118103027343750e+01
4.389807147979736328e+02 1.445060024261474609e+02 2.907738876342773438e+01 5.607602310180664062e+01
4.368129739761352539e+02 1.488178272247314453e+02 3.121410942077636719e+01 5.017696762084960938e+01
4.346595859527587891e+02 1.491476097106933594e+02 3.066360092163085938e+01 4.799733734130859375e+01
4.329913864135742188e+02 1.498694190979003906e+02 3.325558471679687500e+01 4.687143707275390625e+01
4.329490604400634766e+02 1.515926094055175781e+02 3.039130783081054688e+01 4.563883209228515625e+01
4.333926105499267578e+02 1.510092124938964844e+02 2.707932662963867188e+01 4.499706268310546875e+01
4.329352540969848633e+02 1.497422943115234375e+02 2.841506004333496094e+01 4.687063598632812500e+01
4.313232364654541016e+02 1.489533386230468750e+02 2.456699752807617188e+01 4.883230590820312500e+01
4.285729494094848633e+02 1.471553001403808594e+02 2.333124351501464844e+01 4.891800689697265625e+01
4.243254175186157227e+02 1.467085628509521484e+02 2.541946220397949219e+01 4.830548477172851562e+01
4.252750577926635742e+02 1.489558982849121094e+02 2.281023597717285156e+01 4.690686798095703125e+01
4.240982942581176758e+02 1.465001697540283203e+02 2.303339195251464844e+01 5.008559799194335938e+01
4.221461715698242188e+02 1.469014186859130859e+02 2.460308837890625000e+01 4.915852737426757812e+01
4.211027250289916992e+02 1.511891098022460938e+02 3.009827613830566406e+01 4.563331604003906250e+01
4.171122512817382812e+02 1.484235401153564453e+02 2.723927307128906250e+01 4.611124801635742188e+01
4.177789573669433594e+02 1.519585800170898438e+02 3.033148956298828125e+01 4.554351806640625000e+01
4.169246215820312500e+02 1.497370872497558594e+02 3.572366333007812500e+01 4.960414886474609375e+01
4.131111021041870117e+02 1.471347103118896484e+02 2.983135414123535156e+01 5.118942642211914062e+01
4.127867326736450195e+02 1.460819015502929688e+02 2.956726646423339844e+01 5.323533630371093750e+01
4.106363010406494141e+02 1.450657348632812500e+02 3.203170394897460938e+01 5.288861083984375000e+01
4.085936851501464844e+02 1.450074081420898438e+02 3.402263641357421875e+01 5.261953735351562500e+01
4.028561944961547852e+02 1.422652950286865234e+02 2.779398918151855469e+01 5.679477310180664062e+01
4.032002782821655273e+02 1.435933456420898438e+02 2.301857185363769531e+01 5.161918640136718750e+01
3.970814647674560547e+02 1.455447082519531250e+02 2.361046218872070312e+01 4.899809265136718750e+01
3.901378746032714844e+02 1.441679801940917969e+02 2.440524291992187500e+01 4.728031158447265625e+01
3.832269821166992188e+02 1.438647689819335938e+02 2.670013427734375000e+01 4.832546997070312500e+01
3.733032150268554688e+02 1.445788211822509766e+02 2.878347778320312500e+01 4.916990280151367188e+01
3.644836263656616211e+02 1.442771625518798828e+02 2.962866401672363281e+01 4.828411483764648438e+01
3.554323806762695312e+02 1.438702220916748047e+02 2.788313293457031250e+01 4.899267959594726562e+01
3.506278810501098633e+02 1.420388011932373047e+02 2.576909446716308594e+01 5.052215957641601562e+01
3.387558984756469727e+02 1.412284011840820312e+02 2.920756340026855469e+01 5.057531738281250000e+01
3.273153057098388672e+02 1.400938301086425781e+02 2.511112594604492188e+01 5.147122955322265625e+01
3.163125762939453125e+02 1.399211959838867188e+02 2.465177154541015625e+01 5.050119018554687500e+01
3.068164539337158203e+02 1.392195873260498047e+02 2.396217727661132812e+01 5.367375564575195312e+01
2.969362001419067383e+02 1.391164054870605469e+02 2.238583946228027344e+01 5.328667449951171875e+01
2.892198257446289062e+02 1.391637973785400391e+02 1.948191070556640625e+01 5.170151901245117188e+01
2.869973316192626953e+02 1.385403079986572266e+02 2.002347946166992188e+01 5.034323501586914062e+01
2.740944337844848633e+02 1.388279495239257812e+02 2.168250083923339844e+01 4.817881011962890625e+01
2.683779506683349609e+02 1.394050369262695312e+02 2.189009475708007812e+01 4.705300140380859375e+01
2.614101963043212891e+02 1.399526538848876953e+02 2.375254440307617188e+01 4.684094619750976562e+01
2.579897432327270508e+02 1.406919059753417969e+02 2.508724021911621094e+01 4.700587463378906250e+01
2.510299110412597656e+02 1.404852027893066406e+02 2.655701446533203125e+01 4.786108398437500000e+01
2.470496358871459961e+02 1.412573719024658203e+02 2.728236579895019531e+01 4.477933120727539062e+01
2.432036943435668945e+02 1.391022949218750000e+02 2.385555076599121094e+01 4.750330352783203125e+01
2.390582180023193359e+02 1.394383201599121094e+02 2.287237930297851562e+01 4.636651611328125000e+01
2.338691186904907227e+02 1.389058399200439453e+02 2.246645927429199219e+01 4.573768997192382812e+01
2.254549245834350586e+02 1.391977806091308594e+02 2.420859718322753906e+01 4.603112792968750000e+01
2.204673290252685547e+02 1.380582294464111328e+02 2.575717544555664062e+01 4.771493911743164062e+01
2.152401342391967773e+02 1.409139938354492188e+02 2.713246345520019531e+01 4.629393768310546875e+01
2.081452369689941406e+02 1.381471347808837891e+02 2.530952453613281250e+01 4.898602676391601562e+01
2.030609416961669922e+02 1.394202232360839844e+02 3.181090927124023438e+01 4.757260131835937500e+01
1.960286426544189453e+02 1.382893867492675781e+02 2.557585525512695312e+01 4.787860107421875000e+01
1.929803524017333984e+02 1.404418888092041016e+02 3.012893295288085938e+01 4.580322647094726562e+01
1.850660581588745117e+02 1.398443050384521484e+02 2.547627449035644531e+01 4.636507797241210938e+01
1.806375665664672852e+02 1.391729164123535156e+02 2.840776634216308594e+01 4.649284362792968750e+01
1.753685197830200195e+02 1.394495601654052734e+02 2.960900688171386719e+01 4.579319381713867188e+01
1.682609024047851562e+02 1.390375480651855469e+02 2.344509124755859375e+01 4.678752136230468750e+01
1.627685308456420898e+02 1.380399932861328125e+02 2.138247871398925781e+01 4.873628997802734375e+01
1.586044607162475586e+02 1.384943122863769531e+02 2.038521003723144531e+01 4.768904113769531250e+01
1.507898626327514648e+02 1.371440620422363281e+02 2.043580055236816406e+01 4.831578063964843750e+01
1.474567985534667969e+02 1.388438758850097656e+02 2.516799163818359375e+01 4.568822479248046875e+01
1.391018991470336914e+02 1.386316757202148438e+02 2.198985862731933594e+01 4.676327514648437500e+01
1.331157350540161133e+02 1.390149879455566406e+02 2.140123558044433594e+01 4.562697601318359375e+01
1.228262119293212891e+02 1.400851650238037109e+02 2.161083602905273438e+01 4.412176132202148438e+01
1.105130319595336914e+02 1.403583145141601562e+02 2.504024314880371094e+01 4.439164733886718750e+01
1.071399021148681641e+02 1.403516464233398438e+02 2.490621566772460938e+01 4.409237670898437500e+01
8.906660366058349609e+01 1.405459632873535156e+02 3.023699378967285156e+01 4.550423431396484375e+01
8.149035644531250000e+01 1.404274139404296875e+02 3.016526031494140625e+01 4.719345092773437500e+01
7.978942012786865234e+01 1.387071228027343750e+02 2.337824440002441406e+01 5.016171264648437500e+01
6.640773582458496094e+01 1.389938812255859375e+02 2.449023056030273438e+01 4.999212646484375000e+01
5.463866329193115234e+01 1.379549407958984375e+02 2.378012275695800781e+01 5.205609130859375000e+01
4.466896057128906250e+01 1.387561779022216797e+02 2.215951538085937500e+01 5.092383193969726562e+01
3.408385276794433594e+01 1.377997436523437500e+02 2.189200210571289062e+01 4.978974914550781250e+01
2.248220157623291016e+01 1.388503894805908203e+02 2.373467826843261719e+01 4.802437973022460938e+01
1.989423942565917969e+01 1.395992946624755859e+02 2.504039382934570312e+01 4.763426589965820312e+01
1.853689384460449219e+01 1.550201911926269531e+02 2.880797195434570312e+01 3.635283660888671875e+01
1.049135112762451172e+01 1.487155399322509766e+02 2.796406745910644531e+01 4.174022293090820312e+01
1.223193168640136719e+00 1.418068561553955078e+02 3.082948493957519531e+01 4.651027297973632812e+01
0.000000000000000000e+00 1.459378643035888672e+02 3.037919616699218750e+01 4.599612045288085938e+01
0.000000000000000000e+00 1.438197669982910156e+02 2.417157840728759766e+01 4.866015625000000000e+01
0.000000000000000000e+00 1.489382553100585938e+02 2.158842992782592773e+01 4.196790313720703125e+01
0.000000000000000000e+00 1.495032539367675781e+02 1.763303732872009277e+01 4.105752563476562500e+01
0.000000000000000000e+00 1.491517562866210938e+02 1.439338290691375732e+01 4.116444396972656250e+01
0.000000000000000000e+00 1.502497482299804688e+02 1.472301763296126609e+01 3.824508666992187500e+01
2.073464152216911316e+01 1.504914789199829102e+02 2.648138046264648438e+01 2.607861137390136719e+01
1.566345545649528503e+01 1.490509090423583984e+02 3.305698013305664062e+01 3.209262466430664062e+01
6.032964199781417847e+00 1.524534492492675781e+02 4.042177581787109375e+01 3.691150665283203125e+01
1.277921435236930847e+01 1.472111854553222656e+02 3.635643005371093750e+01 4.200319671630859375e+01
5.942981213331222534e+00 1.461807842254638672e+02 3.784490585327148438e+01 4.301189041137695312e+01
2.413941830396652222e+00 1.452033157348632812e+02 2.921173095703125000e+01 4.266700744628906250e+01
5.049242466688156128e+00 1.478322162628173828e+02 2.449885368347167969e+01 4.240383529663085938e+01
2.460731953382492065e+00 1.450099620819091797e+02 2.099553871154785156e+01 4.351131057739257812e+01
2.784018009901046753e+00 1.479712314605712891e+02 3.172935295104980469e+01 4.339844894409179688e+01
1.757018992304801941e+01 1.514051189422607422e+02 3.477779769897460938e+01 3.899609756469726562e+01
1.351528498530387878e+01 1.508737545013427734e+02 4.309874343872070312e+01 4.688209915161132812e+01
9.479690045118331909e+00 1.527906150817871094e+02 3.553466415405273438e+01 3.916121673583984375e+01
2.817269772291183472e+00 1.523327484130859375e+02 3.537093353271484375e+01 3.651945495605468750e+01
2.244471997022628784e+00 1.470548248291015625e+02 3.955163955688476562e+01 5.268363952636718750e+01
7.617354094982147217e-01 1.524116744995117188e+02 2.815996551513671875e+01 4.628437805175781250e+01
0.000000000000000000e+00 1.488695716857910156e+02 2.142893931269645691e+01 4.414340972900390625e+01
1.902355894446372986e+00 1.565285320281982422e+02 2.207750511169433594e+01 4.177179336547851562e+01
3.475932821631431580e+00 1.607302303314208984e+02 2.684056854248046875e+01 4.964339065551757812e+01
3.663722394406795502e+01 1.615061550140380859e+02 3.791299057006835938e+01 5.782730484008789062e+01
2.714782308042049408e+01 1.576942367553710938e+02 5.564864349365234375e+01 5.979486083984375000e+01
2.742858479917049408e+01 1.543446655273437500e+02 6.394020843505859375e+01 5.857592773437500000e+01
2.546620915830136767e+01 1.534086265563964844e+02 8.227853393554687500e+01 6.086946868896484375e+01
7.606549809873104095e+01 1.513698959350585938e+02 1.286932983398437500e+02 5.879760742187500000e+01
7.203431294858455658e+01 1.489190444946289062e+02 1.219398117065429688e+02 6.572628784179687500e+01
6.202293370664119720e+01 1.495463714599609375e+02 1.244093170166015625e+02 6.507600402832031250e+01
1.977076566070318222e+02 1.257267265319824219e+02 5.306904602050781250e+01 8.392485809326171875e+01
2.074570538848638535e+02 1.244327163696289062e+02 3.927154541015625000e+01 7.175674438476562500e+01
2.024415356963872910e+02 1.322795639038085938e+02 3.633192443847656250e+01 6.548805236816406250e+01
2.036694333404302597e+02 1.329787998199462891e+02 2.824005126953125000e+01 5.626632308959960938e+01
2.030753543227910995e+02 1.337969360351562500e+02 2.845173835754394531e+01 5.523799133300781250e+01
1.967590195983648300e+02 1.298598060607910156e+02 2.630143356323242188e+01 5.883762359619140625e+01
2.066083514541387558e+02 1.342174339294433594e+02 2.712326240539550781e+01 5.612068939208984375e+01
2.062357327789068222e+02 1.319294185638427734e+02 3.566865539550781250e+01 5.933171463012695312e+01
2.045131451934576035e+02 1.295018863677978516e+02 4.520568847656250000e+01 5.738158798217773438e+01
1.993950383514165878e+02 1.306032524108886719e+02 4.063365936279296875e+01 6.116213226318359375e+01
2.002438771575689316e+02 1.323492507934570312e+02 3.413816070556640625e+01 5.788990783691406250e+01
2.023080155700445175e+02 1.331545810699462891e+02 3.367989730834960938e+01 5.574981307983398438e+01
2.033304765075445175e+02 1.350796012878417969e+02 3.396491622924804688e+01 5.410488128662109375e+01
2.015410649627447128e+02 1.351090316772460938e+02 3.373818206787109375e+01 5.182971191406250000e+01
2.019689538329839706e+02 1.323622894287109375e+02 3.309399795532226562e+01 5.346803283691406250e+01
1.991336743682622910e+02 1.329138317108154297e+02 3.278105163574218750e+01 5.470335769653320312e+01
1.988074929565191269e+02 1.327469539642333984e+02 3.240443801879882812e+01 5.471808242797851562e+01
2.038979031890630722e+02 1.312148418426513672e+02 2.812878417968750000e+01 5.390134048461914062e+01
2.072209384292364120e+02 1.315076446533203125e+02 2.631344795227050781e+01 5.352223205566406250e+01
2.022678391784429550e+02 1.317889919281005859e+02 2.589939498901367188e+01 5.176643753051757812e+01
2.001432463973760605e+02 1.319289169311523438e+02 2.602170372009277344e+01 5.234362792968750000e+01
1.976304967254400253e+02 1.320157604217529297e+02 2.607216644287109375e+01 5.251985549926757812e+01
1.937626778930425644e+02 1.343621616363525391e+02 2.772482681274414062e+01 4.913067245483398438e+01
1.922220809310674667e+02 1.350481910705566406e+02 2.844365501403808594e+01 4.843666839599609375e+01
1.898126027435064316e+02 1.365183982849121094e+02 2.918126678466796875e+01 4.544712066650390625e+01
1.869146363586187363e+02 1.348612174987792969e+02 2.955770492553710938e+01 4.960361480712890625e+01
1.894407546371221542e+02 1.318820323944091797e+02 2.925470542907714844e+01 5.420418167114257812e+01
1.926949422210454941e+02 1.285850028991699219e+02 3.186246490478515625e+01 5.850379180908203125e+01
1.894297463744878769e+02 1.295095157623291016e+02 3.590109634399414062e+01 6.009186935424804688e+01
1.864229047149419785e+02 1.305959033966064453e+02 3.519558715820312500e+01 6.258935165405273438e+01
1.839589116424322128e+02 1.316345939636230469e+02 4.073278045654296875e+01 6.131710052490234375e+01
1.726270234435796738e+02 1.306781120300292969e+02 3.976758956909179688e+01 5.915567779541015625e+01
1.719170644134283066e+02 1.274044227600097656e+02 4.046974945068359375e+01 6.660694122314453125e+01
1.758962914794683456e+02 1.257040252685546875e+02 4.407239151000976562e+01 7.030464172363281250e+01
1.614643781036138535e+02 1.255609703063964844e+02 9.049639892578125000e+01 7.266362762451171875e+01
1.622940518707036972e+02 1.175117149353027344e+02 9.141175842285156250e+01 8.941027069091796875e+01
1.545597531646490097e+02 1.258990821838378906e+02 9.934986877441406250e+01 7.828394317626953125e+01
1.524457433074712753e+02 1.251415328979492188e+02 9.466178131103515625e+01 7.852722167968750000e+01
1.405597874969244003e+02 1.254176521301269531e+02 9.325992584228515625e+01 7.495734405517578125e+01
1.465093343108892441e+02 1.136789855957031250e+02 8.997216033935546875e+01 8.113346862792968750e+01
1.401524083465337753e+02 1.197884254455566406e+02 8.941281890869140625e+01 8.762430572509765625e+01
1.456904828399419785e+02 1.208955688476562500e+02 8.259429931640625000e+01 8.178306579589843750e+01
1.414054295867681503e+02 1.157638854980468750e+02 7.771994781494140625e+01 8.847749328613281250e+01
1.417332570403814316e+02 1.136697463989257812e+02 7.860424041748046875e+01 8.337741088867187500e+01
1.416930386871099472e+02 1.241781501770019531e+02 7.541783142089843750e+01 7.766632843017578125e+01
1.320423047393560410e+02 1.137198944091796875e+02 7.706192016601562500e+01 8.246104431152343750e+01
1.309004666656255722e+02 1.224819374084472656e+02 7.699916076660156250e+01 7.818564605712890625e+01
1.270074689239263535e+02 1.211438560485839844e+02 7.945104980468750000e+01 8.291063690185546875e+01
1.338858487457036972e+02 1.243806190490722656e+02 7.273234558105468750e+01 7.048267364501953125e+01
1.362636983245611191e+02 1.235599327087402344e+02 6.699913787841796875e+01 7.395690155029296875e+01
1.321568600982427597e+02 1.238747329711914062e+02 6.384944152832031250e+01 7.217172241210937500e+01
1.383239495605230331e+02 1.254703979492187500e+02 5.965207290649414062e+01 6.882585144042968750e+01
1.371345898956060410e+02 1.257430381774902344e+02 5.692907714843750000e+01 6.611212921142578125e+01
1.389814927428960800e+02 1.262601432800292969e+02 5.563215255737304688e+01 6.440348052978515625e+01
1.342817895263433456e+02 1.242023010253906250e+02 5.122859573364257812e+01 6.573899841308593750e+01
1.362387387603521347e+02 1.246389389038085938e+02 5.008055114746093750e+01 6.305662536621093750e+01
1.398662278503179550e+02 1.240058708190917969e+02 4.458289718627929688e+01 6.572667694091796875e+01
1.393092381805181503e+02 1.254367065429687500e+02 4.421329498291015625e+01 6.487847900390625000e+01
1.393310925811529160e+02 1.254836044311523438e+02 4.629020690917968750e+01 6.402865600585937500e+01
1.353101556152105331e+02 1.260032367706298828e+02 4.498367691040039062e+01 6.331325912475585938e+01
1.411020276397466660e+02 1.248825702667236328e+02 4.306762695312500000e+01 6.070484542846679688e+01
1.420344025939702988e+02 1.263550281524658203e+02 3.675921249389648438e+01 6.010630416870117188e+01
1.468877312988042831e+02 1.278228454589843750e+02 3.119380569458007812e+01 6.096704101562500000e+01
1.489872481673955917e+02 1.287502899169921875e+02 2.911328697204589844e+01 5.831352233886718750e+01
1.502687079757452011e+02 1.249567852020263672e+02 2.865244865417480469e+01 6.025633621215820312e+01
1.523683125823736191e+02 1.225028572082519531e+02 2.418778228759765625e+01 6.145011138916015625e+01
1.504672896713018417e+02 1.224674682617187500e+02 2.568596458435058594e+01 6.170773315429687500e+01
1.511691224426031113e+02 1.220509185791015625e+02 2.671178817749023438e+01 6.175349426269531250e+01
1.477486951202154160e+02 1.216617393493652344e+02 2.502520751953125000e+01 6.204067230224609375e+01
1.484526851028203964e+02 1.215628471374511719e+02 2.770130348205566406e+01 6.107880401611328125e+01
1.470968415588140488e+02 1.191278171539306641e+02 3.216601181030273438e+01 6.053078842163085938e+01
1.463478734344244003e+02 1.215691967010498047e+02 3.354113006591796875e+01 5.684050369262695312e+01
1.462076337188482285e+02 1.220150260925292969e+02 3.279217529296875000e+01 5.693357086181640625e+01
1.387371423095464706e+02 1.207058200836181641e+02 3.219258499145507812e+01 5.904691696166992188e+01
1.510388610213994980e+02 1.187237529754638672e+02 2.803771018981933594e+01 6.037152481079101562e+01
1.476505277007818222e+02 1.184798393249511719e+02 2.624452209472656250e+01 5.452710723876953125e+01
1.477193705886602402e+02 1.232003936767578125e+02 2.650451087951660156e+01 5.161000061035156250e+01
1.498348710387945175e+02 1.187344856262207031e+02 2.233127975463867188e+01 5.707134246826171875e+01
1.445156695693731308e+02 1.191261940002441406e+02 2.399806404113769531e+01 5.337737274169921875e+01
1.490357568114995956e+02 1.181101226806640625e+02 2.043385696411132812e+01 5.587112426757812500e+01
1.511763484328985214e+02 1.199122447967529297e+02 2.067177772521972656e+01 5.397293472290039062e+01
1.487513825744390488e+02 1.196055603027343750e+02 1.997661972045898438e+01 5.327563476562500000e+01
1.505031878799200058e+02 1.194922924041748047e+02 2.434106636047363281e+01 5.272362136840820312e+01
1.490013673156499863e+02 1.178696708679199219e+02 2.996632003784179688e+01 5.471672821044921875e+01
1.436332948058843613e+02 1.211978015899658203e+02 3.254595565795898438e+01 5.307069015502929688e+01
1.443138673156499863e+02 1.173309593200683594e+02 3.630595016479492188e+01 5.494678497314453125e+01
1.409993111938238144e+02 1.196606101989746094e+02 3.699271011352539062e+01 5.684139251708984375e+01
1.469346225112676620e+02 1.180457897186279297e+02 3.187666511535644531e+01 5.363475418090820312e+01
1.473990723937749863e+02 1.167338962554931641e+02 2.965233993530273438e+01 5.532267379760742188e+01
1.494385917037725449e+02 1.179169845581054688e+02 2.585996818542480469e+01 5.572317504882812500e+01
1.528493115752935410e+02 1.160663070678710938e+02 2.122029113769531250e+01 5.690277099609375000e+01
1.543600137084722519e+02 1.158558502197265625e+02 1.960257339477539062e+01 5.422320556640625000e+01
1.542293479293584824e+02 1.163249950408935547e+02 1.938706779479980469e+01 5.306702041625976562e+01
1.549444968551397324e+02 1.152283554077148438e+02 1.952696037292480469e+01 5.364611053466796875e+01
1.525160405486822128e+02 1.146700992584228516e+02 2.139242553710937500e+01 5.546051406860351562e+01
1.518671824783086777e+02 1.145893688201904297e+02 2.570221138000488281e+01 5.448606491088867188e+01
1.483697440475225449e+02 1.140371417999267578e+02 2.721065330505371094e+01 5.451344680786132812e+01
1.468966548293828964e+02 1.143415184020996094e+02 3.144258308410644531e+01 5.552827453613281250e+01
1.441652619689702988e+02 1.139775047302246094e+02 3.352048110961914062e+01 5.594668579101562500e+01
1.453501717895269394e+02 1.145002403259277344e+02 3.059513473510742188e+01 5.541653442382812500e+01
1.494070193618535995e+02 1.113669986724853516e+02 2.692577552795410156e+01 5.920924758911132812e+01
1.517679183334112167e+02 1.091167640686035156e+02 2.592559623718261719e+01 6.106541442871093750e+01
1.486275603622198105e+02 1.094131202697753906e+02 2.277868461608886719e+01 5.975769042968750000e+01
1.500663707107305527e+02 1.107961444854736328e+02 2.002501106262207031e+01 5.665320205688476562e+01
1.475352828353643417e+02 1.124291095733642578e+02 1.992313957214355469e+01 5.449180984497070312e+01
1.432069680541753769e+02 1.139663085937500000e+02 2.131724929809570312e+01 5.507544708251953125e+01
1.359690797179937363e+02 1.143111362457275391e+02 2.037946701049804688e+01 5.554954910278320312e+01
1.281254937499761581e+02 1.175316410064697266e+02 2.291621780395507812e+01 5.307272720336914062e+01
1.144730126708745956e+02 1.161326332092285156e+02 2.176292037963867188e+01 5.477157592773437500e+01
1.011520593017339706e+02 1.204820976257324219e+02 2.488637924194335938e+01 5.170555114746093750e+01
8.653715585172176361e+01 1.206282615661621094e+02 2.857343101501464844e+01 5.430821228027343750e+01
7.329542325437068939e+01 1.255106334686279297e+02 3.159600448608398438e+01 5.326290512084960938e+01
6.740745519101619720e+01 1.248789424896240234e+02 3.440847015380859375e+01 5.247903060913085938e+01
7.165505860745906830e+01 1.197922554016113281e+02 2.773658180236816406e+01 5.478523254394531250e+01
6.655344842374324799e+01 1.232932872772216797e+02 3.022274589538574219e+01 5.192184066772460938e+01
6.508024190366268158e+01 1.186936168670654297e+02 2.970877075195312500e+01 5.810366439819335938e+01
6.439877866208553314e+01 1.173339939117431641e+02 2.916592025756835938e+01 6.166925430297851562e+01
6.360421346127986908e+01 1.178170013427734375e+02 2.570715332031250000e+01 6.021994781494140625e+01
6.225235436856746674e+01 1.183802051544189453e+02 2.174580192565917969e+01 5.804059219360351562e+01
6.071510384976863861e+01 1.187422904968261719e+02 2.040994834899902344e+01 5.585948181152343750e+01
5.670526956021785736e+01 1.178485565185546875e+02 2.112283897399902344e+01 5.539331817626953125e+01
5.148073647916316986e+01 1.182364559173583984e+02 2.111086082458496094e+01 5.418204879760742188e+01
4.804961179196834564e+01 1.188208675384521484e+02 2.414863204956054688e+01 5.367669296264648438e+01
4.199718640744686127e+01 1.187368907928466797e+02 2.547693252563476562e+01 5.267084884643554688e+01
3.773825238645076752e+01 1.181884994506835938e+02 2.641055679321289062e+01 5.356621551513671875e+01
3.513539098203182220e+01 1.187914104461669922e+02 2.576387786865234375e+01 5.390832138061523438e+01
3.405245278775691986e+01 1.170771465301513672e+02 2.435696983337402344e+01 5.121317672729492188e+01
2.833954213559627533e+01 1.156629981994628906e+02 2.185270690917968750e+01 4.998071289062500000e+01
2.660662625730037689e+01 1.139781951904296875e+02 2.592829513549804688e+01 5.168521881103515625e+01
1.985214112699031830e+01 1.184565792083740234e+02 2.613376808166503906e+01 4.748191452026367188e+01
1.895827268064022064e+01 9.919652366638183594e+01 3.230065536499023438e+01 5.943971633911132812e+01
8.111970275640487671e-01 1.029248962402343750e+02 4.553075027465820312e+01 7.729714965820312500e+01
5.495464071631431580e+00 1.343594398498535156e+02 8.540476989746093750e+01 6.431307220458984375e+01
4.114009603857994080e+00 1.337404174804687500e+02 1.313322296142578125e+02 7.195257568359375000e+01
3.661929830908775330e+00 1.300478019714355469e+02 1.273601989746093750e+02 7.302616119384765625e+01
3.388362631201744080e+00 1.308042831420898438e+02 1.259613800048828125e+02 7.337269592285156250e+01
5.123153433203697205e+00 1.339488334655761719e+02 1.213502883911132812e+02 6.081421661376953125e+01
1.194171652197837830e+00 1.330102996826171875e+02 1.138844299316406250e+02 6.045623779296875000e+01
2.050475820899009705e+00 1.317467689514160156e+02 1.114842300415039062e+02 6.392092132568359375e+01
3.080318197607994080e+00 1.335426559448242188e+02 1.090755462646484375e+02 5.423997497558593750e+01
7.566983550786972046e-01 1.321093215942382812e+02 1.021827468872070312e+02 5.753010559082031250e+01
3.405711874365806580e+00 1.324021072387695312e+02 1.031244049072265625e+02 5.747908020019531250e+01
0.000000000000000000e+00 1.322363300323486328e+02 1.014153897613286972e+02 5.665020370483398438e+01
2.675998561084270477e+00 1.320976467132568359e+02 9.610120391845703125e+01 5.637569046020507812e+01
1.466541163623332977e+00 1.324776706695556641e+02 9.496576690673828125e+01 5.627845382690429688e+01
5.141600295901298523e-01 1.330051174163818359e+02 9.257872009277343750e+01 5.602904129028320312e+01
0.000000000000000000e+00 1.331177043914794922e+02 9.109529482573270798e+01 5.579898452758789062e+01
0.000000000000000000e+00 1.333986988067626953e+02 9.169706147536635399e+01 5.505132675170898438e+01
0.000000000000000000e+00 1.350205478668212891e+02 9.512903305701911449e+01 5.541749191284179688e+01
1.589754565618932247e+00 1.332260932922363281e+02 9.063839721679687500e+01 5.616072845458984375e+01
0.000000000000000000e+00 1.341706447601318359e+02 8.990086220111697912e+01 5.535518264770507812e+01
0.000000000000000000e+00 1.356459293365478516e+02 9.034723209543153644e+01 5.439936447143554688e+01
0.000000000000000000e+00 1.346084480285644531e+02 9.113997041783295572e+01 5.575093841552734375e+01
6.008194069145247340e-01 1.354250679016113281e+02 9.019309234619140625e+01 5.486150360107421875e+01
1.058605966973118484e+00 1.345877780914306641e+02 8.627333831787109375e+01 5.460697555541992188e+01
0.000000000000000000e+00 1.349814872741699219e+02 8.925254517595749348e+01 5.478443145751953125e+01
0.000000000000000000e+00 1.348809528350830078e+02 9.110214081307640299e+01 5.524804306030273438e+01
0.000000000000000000e+00 1.318825645446777344e+02 9.032405395756359212e+01 5.782822418212890625e+01
0.000000000000000000e+00 1.323272399902343750e+02 9.212876663332281169e+01 5.735696411132812500e+01
0.000000000000000000e+00 1.323283691406250000e+02 9.940222053589968709e+01 5.702398681640625000e+01
2.087027931524062296e+00 1.272909431457519531e+02 1.024698638916015625e+02 6.475997161865234375e+01
2.686042213750624796e+00 1.313811397552490234e+02 9.292039489746093750e+01 5.640608596801757812e+01
0.000000000000000000e+00 1.326921176910400391e+02 9.446490421326234355e+01 5.760502243041992188e+01
2.023551654971015523e+00 1.351330776214599609e+02 9.830839538574218750e+01 5.513985061645507812e+01
8.658504200137031148e+00 1.225173225402832031e+02 9.634705352783203125e+01 7.103157806396484375e+01
3.696540546572578023e+00 1.325260047912597656e+02 9.677928161621093750e+01 5.324367523193359375e+01
5.368674945986640523e+00 1.258071403503417969e+02 9.866990661621093750e+01 6.428787994384765625e+01
6.023620319521796773e+00 1.305841751098632812e+02 9.594863891601562500e+01 5.767610168457031250e+01
2.275741291201484273e+00 1.330332279205322266e+02 8.444937133789062500e+01 5.522016525268554688e+01
0.000000000000000000e+00 1.345209674835205078e+02 8.918185014740265615e+01 5.463759994506835938e+01
9.410379887403905741e-01 1.345794353485107422e+02 8.590356445312500000e+01 5.467587661743164062e+01
0.000000000000000000e+00 1.345744514465332031e+02 9.068035302169937495e+01 5.516909027099609375e+01
0.000000000000000000e+00 1.330696773529052734e+02 9.127216808799812497e+01 5.569365310668945312e+01
6.150345444873437373e-01 1.334416236877441406e+02 9.296717834472656250e+01 5.486565399169921875e+01
2.916155302543984362e+00 1.319189052581787109e+02 1.001445999145507812e+02 5.635182571411132812e+01
1.660763784648929686e+01 1.147166633605957031e+02 9.168543243408203125e+01 7.493758392333984375e+01
5.437704527397499987e+00 1.262026519775390625e+02 9.054394531250000000e+01 6.495422363281250000e+01
5.609900518657718749e+01 1.061652641296386719e+02 5.764385986328125000e+01 9.769596099853515625e+01
4.944056745769535155e+01 1.041427230834960938e+02 6.198740768432617188e+01 7.740434265136718750e+01
4.915980764629398436e+01 1.088159027099609375e+02 6.864267730712890625e+01 7.070120239257812500e+01
0.000000000000000000e+00 1.323097915649414062e+02 9.620047613384281249e+01 5.680076599121093750e+01
0.000000000000000000e+00 1.305230827331542969e+02 1.034449837029077344e+02 5.667380523681640625e+01
3.665027251844492184e+00 1.244409484863281250e+02 1.058038024902343750e+02 6.563662719726562500e+01
8.069717040662851559e+00 1.280397548675537109e+02 9.818473052978515625e+01 5.822316360473632812e+01
6.032857286036500000e+01 1.030422172546386719e+02 5.667300033569335938e+01 9.339301300048828125e+01
0.000000000000000000e+00 1.361595630645751953e+02 1.007575374752331641e+02 5.157491683959960938e+01
3.624103362860722655e+00 1.337420501708984375e+02 9.516301727294921875e+01 5.594833374023437500e+01
3.764667327704472655e+00 1.326970653533935547e+02 9.729729461669921875e+01 5.648370742797851562e+01
1.048972900214238280e+00 1.329813919067382812e+02 9.860450744628906250e+01 5.652098083496093750e+01
0.000000000000000000e+00 1.311565723419189453e+02 1.028671110227728320e+02 5.876372909545898438e+01
1.006163634371972648e-01 1.309904232025146484e+02 1.034417877197265625e+02 5.752336502075195312e+01
4.315696624667666015e+00 1.343168258666992188e+02 9.690716552734375000e+01 5.570191955566406250e+01
3.117938903720400390e+00 1.329182376861572266e+02 9.647104644775390625e+01 5.695335006713867188e+01
2.496013549716494140e+00 1.327862606048583984e+02 1.009761581420898438e+02 5.699959182739257812e+01
2.594558624179384765e+00 1.323190479278564453e+02 9.965504455566406250e+01 5.664559555053710938e+01
4.822688964755556640e+00 1.337711467742919922e+02 1.006229476928710938e+02 5.518729019165039062e+01
2.331455139071962890e+00 1.278957862854003906e+02 1.073883132934570312e+02 5.973274993896484375e+01
2.315963653476259765e+00 1.286711654663085938e+02 1.025848541259765625e+02 5.883064270019531250e+01
5.474427404776336914e+01 1.185487174987792969e+02 6.986550140380859375e+01 6.709149932861328125e+01
5.642951574698211914e+01 1.193990631103515625e+02 6.890139007568359375e+01 6.530395507812500000e+01
5.842479696646454101e+01 1.226829319000244141e+02 6.503533935546875000e+01 6.166764450073242188e+01
