2.800000000000000000e+01 3.200000000000000000e+01 1.500000000000000000e+01 1.400000000000000000e+01
2.954339504241943359e+01 3.097021961212158203e+01 1.336644554138183594e+01 1.484478187561035156e+01
2.863139533996582031e+01 3.092627334594726562e+01 1.410549163818359375e+01 1.468495559692382812e+01
2.778867864608764648e+01 3.132807254791259766e+01 1.476418399810791016e+01 1.501338005065917969e+01
2.884237623214721680e+01 3.073634672164916992e+01 1.385181140899658203e+01 1.479213809967041016e+01
2.832050848007202148e+01 3.107312059402465820e+01 1.399958515167236328e+01 1.504148769378662109e+01
2.883934450149536133e+01 3.103057432174682617e+01 1.396050930023193359e+01 1.486441516876220703e+01
2.853621816635131836e+01 3.154474163055419922e+01 1.438277530670166016e+01 1.482108879089355469e+01
2.869466495513916016e+01 3.112629508972167969e+01 1.420010566711425781e+01 1.527238082885742188e+01
2.938310384750366211e+01 3.124411964416503906e+01 1.403944873809814453e+01 1.468283462524414062e+01
2.950059938430786133e+01 3.073692560195922852e+01 1.338342571258544922e+01 1.478914928436279297e+01
2.867173957824707031e+01 3.051027488708496094e+01 1.358113098144531250e+01 1.490472030639648438e+01
2.907982778549194336e+01 3.153356218338012695e+01 1.380627918243408203e+01 1.489382457733154297e+01
2.883813905715942383e+01 3.092915010452270508e+01 1.405490016937255859e+01 1.469298076629638672e+01
2.840371274948120117e+01 3.107375526428222656e+01 1.434684848785400391e+01 1.538636016845703125e+01
2.845423412322998047e+01 3.075604248046875000e+01 1.432757759094238281e+01 1.470774459838867188e+01
2.925133037567138672e+01 3.032750320434570312e+01 1.370874977111816406e+01 1.512287139892578125e+01
2.875937938690185547e+01 3.074986410140991211e+01 1.405182456970214844e+01 1.513931369781494141e+01
2.887855052947998047e+01 3.089362955093383789e+01 1.427526283264160156e+01 1.467852687835693359e+01
2.925690698623657227e+01 3.112850856781005859e+01 1.361743068695068359e+01 1.498218345642089844e+01
2.922868728637695312e+01 3.071357440948486328e+01 1.386169433593750000e+01 1.452435874938964844e+01
2.818269062042236328e+01 3.132241296768188477e+01 1.435382652282714844e+01 1.538684749603271484e+01
2.904262685775756836e+01 3.102520942687988281e+01 1.399250507354736328e+01 1.498625183105468750e+01
2.845472145080566406e+01 3.046426582336425781e+01 1.421462631225585938e+01 1.486513519287109375e+01
2.918676185607910156e+01 3.153108453750610352e+01 1.362993240356445312e+01 1.489227581024169922e+01
2.848132467269897461e+01 3.120496082305908203e+01 1.390302753448486328e+01 1.518942832946777344e+01
2.845419502258300781e+01 3.132330417633056641e+01 1.430852508544921875e+01 1.478761100769042969e+01
2.860255765914916992e+01 3.118048667907714844e+01 1.427592945098876953e+01 1.488062667846679688e+01
2.908192634582519531e+01 3.095639801025390625e+01 1.414431381225585938e+01 1.510378646850585938e+01
2.835339593887329102e+01 3.079871225357055664e+01 1.423466777801513672e+01 1.481982326507568359e+01
2.868468952178955078e+01 3.071216917037963867e+01 1.420683860778808594e+01 1.457150363922119141e+01
2.840133333206176758e+01 3.090322065353393555e+01 1.439277553558349609e+01 1.501275730133056641e+01
2.851057815551757812e+01 3.061015319824218750e+01 1.418087005615234375e+01 1.523081588745117188e+01
2.893953752517700195e+01 3.054768276214599609e+01 1.427052593231201172e+01 1.491560173034667969e+01
2.841663551330566406e+01 3.024634599685668945e+01 1.453681182861328125e+01 1.496757793426513672e+01
2.803838729858398438e+01 3.074696111679077148e+01 1.436249923706054688e+01 1.457046222686767578e+01
2.925325632095336914e+01 3.100925636291503906e+01 1.361477184295654297e+01 1.476996231079101562e+01
2.827401399612426758e+01 3.063266515731811523e+01 1.416940212249755859e+01 1.523140048980712891e+01
2.851212453842163086e+01 3.067169332504272461e+01 1.433918857574462891e+01 1.490294361114501953e+01
2.887314891815185547e+01 3.040245676040649414e+01 1.425229454040527344e+01 1.540439128875732422e+01
2.849440193176269531e+01 3.116875123977661133e+01 1.438636779785156250e+01 1.490560054779052734e+01
2.890567159652709961e+01 3.103466224670410156e+01 1.393097782135009766e+01 1.479082870483398438e+01
2.869531869888305664e+01 3.127878093719482422e+01 1.385965633392333984e+01 1.503594779968261719e+01
2.863862180709838867e+01 3.065946340560913086e+01 1.384443378448486328e+01 1.485065937042236328e+01
2.824956512451171875e+01 3.096816492080688477e+01 1.423122406005859375e+01 1.495068264007568359e+01
2.864354372024536133e+01 3.077005434036254883e+01 1.383547496795654297e+01 1.497455883026123047e+01
2.807061576843261719e+01 3.125972986221313477e+01 1.410223770141601562e+01 1.511304378509521484e+01
2.788694906234741211e+01 3.125189495086669922e+01 1.444988346099853516e+01 1.521723365783691406e+01
2.893113183975219727e+01 3.082977247238159180e+01 1.387598323822021484e+01 1.503252506256103516e+01
2.852626085281372070e+01 3.132779026031494141e+01 1.407715892791748047e+01 1.550776863098144531e+01
2.793900346755981445e+01 3.120699930191040039e+01 1.506247615814208984e+01 1.512145519256591797e+01
2.873992872238159180e+01 3.133680343627929688e+01 1.480097675323486328e+01 1.787835693359375000e+01
2.937215614318847656e+01 3.238104057312011719e+01 1.632217407226562500e+01 2.081456375122070312e+01
2.888915729522705078e+01 3.078072643280029297e+01 1.743477821350097656e+01 2.043201637268066406e+01
2.971116065979003906e+01 3.106464672088623047e+01 1.807791137695312500e+01 1.795489692687988281e+01
2.894025993347167969e+01 2.948260402679443359e+01 2.227590942382812500e+01 1.756582832336425781e+01
4.285468578338623047e+01 3.089061832427978516e+01 1.551653861999511719e+01 1.615871238708496094e+01
3.100334835052490234e+01 3.088282823562622070e+01 1.406553840637207031e+01 1.546079158782958984e+01
3.241962718963623047e+01 3.184224700927734375e+01 1.484189033508300781e+01 1.599644470214843750e+01
3.502039384841918945e+01 3.110373020172119141e+01 1.506817531585693359e+01 1.752581977844238281e+01
3.660554981231689453e+01 3.216357421875000000e+01 1.574048423767089844e+01 1.741120529174804688e+01
4.002500724792480469e+01 3.395069503784179688e+01 1.526263809204101562e+01 1.722605514526367188e+01
4.274892139434814453e+01 3.503016567230224609e+01 1.600760459899902344e+01 1.725571250915527344e+01
4.557932329177856445e+01 3.635844898223876953e+01 1.585086727142333984e+01 1.698742866516113281e+01
4.756073331832885742e+01 3.744484043121337891e+01 1.568736362457275391e+01 1.650808143615722656e+01
5.049970197677612305e+01 3.936421108245849609e+01 1.555350589752197266e+01 1.652348899841308594e+01
5.297827720642089844e+01 3.931544208526611328e+01 1.580945205688476562e+01 1.700274085998535156e+01
5.602549457550048828e+01 4.057602691650390625e+01 1.582851219177246094e+01 1.661497879028320312e+01
5.941353702545166016e+01 4.290061855316162109e+01 1.555374717712402344e+01 1.605514335632324219e+01
6.193421125411987305e+01 4.296919918060302734e+01 1.579856967926025391e+01 1.621243095397949219e+01
6.463194561004638672e+01 4.322457408905029297e+01 1.597712898254394531e+01 1.681126213073730469e+01
6.668849039077758789e+01 4.478077125549316406e+01 1.595607280731201172e+01 1.636495971679687500e+01
6.990262031555175781e+01 4.662287330627441406e+01 1.613824081420898438e+01 1.644439697265625000e+01
7.269764041900634766e+01 4.709438323974609375e+01 1.621685600280761719e+01 1.642154312133789062e+01
7.517762517929077148e+01 4.816005611419677734e+01 1.596046924591064453e+01 1.663840293884277344e+01
6.262116813659667969e+01 4.463846492767333984e+01 3.628115844726562500e+01 2.988862419128417969e+01
4.003213691711425781e+01 3.453180694580078125e+01 6.946646118164062500e+01 5.904787826538085938e+01
6.091883277893066406e+01 6.269858741760253906e+01 9.795054626464843750e+01 1.072695541381835938e+02
2.263879585266113281e+01 5.056855583190917969e+01 2.205695495605468750e+02 1.770941619873046875e+02
1.561531696319580647e+02 2.246423912048345528e+01 2.361592102050781250e+02 2.495357608795165447e+02
1.575277423858643715e+02 2.746191692352306291e+01 2.911401672363281250e+02 2.445380830764769371e+02
6.431443977355968400e+01 0.000000000000000000e+00 4.476855602264403160e+02 2.720000000000000000e+02
5.233245182037359200e+01 0.000000000000000000e+00 4.596675481796264080e+02 2.720000000000000000e+02
2.908767366409301758e+01 0.000000000000000000e+00 4.454603271484375000e+02 2.720000000000000000e+02
1.350964322090148926e+02 0.000000000000000000e+00 3.769035677909851074e+02 2.720000000000000000e+02
0.000000000000000000e+00 0.000000000000000000e+00 5.120000000000000000e+02 2.720000000000000000e+02
0.000000000000000000e+00 0.000000000000000000e+00 5.120000000000000000e+02 2.720000000000000000e+02
0.000000000000000000e+00 0.000000000000000000e+00 5.120000000000000000e+02 2.720000000000000000e+02
2.185424804687500000e+00 0.000000000000000000e+00 5.098145751953125000e+02 2.720000000000000000e+02
0.000000000000000000e+00 0.000000000000000000e+00 5.120000000000000000e+02 2.720000000000000000e+02
0.000000000000000000e+00 0.000000000000000000e+00 5.120000000000000000e+02 2.720000000000000000e+02
0.000000000000000000e+00 0.000000000000000000e+00 5.120000000000000000e+02 2.720000000000000000e+02
0.000000000000000000e+00 0.000000000000000000e+00 5.120000000000000000e+02 2.720000000000000000e+02
0.000000000000000000e+00 0.000000000000000000e+00 5.120000000000000000e+02 2.720000000000000000e+02
1.060377197265625000e+02 0.000000000000000000e+00 4.059622802734375000e+02 2.720000000000000000e+02
0.000000000000000000e+00 0.000000000000000000e+00 5.120000000000000000e+02 2.720000000000000000e+02
9.596252441406250000e-01 0.000000000000000000e+00 5.110403747558593750e+02 2.720000000000000000e+02
4.324476623535156250e+01 1.114465332031250000e+01 4.613535156250000000e+02 2.608553466796875000e+02
0.000000000000000000e+00 3.831419372558593750e+01 4.873062591552734375e+02 2.332661437988281250e+02
1.452441482543945312e+02 1.295907592773437500e+01 3.612337341308593750e+02 2.590409240722656250e+02
1.065413665771484375e+01 5.036026763916015625e+01 3.635550537109375000e+02 2.216397323608398438e+02
2.307389068603515625e+01 2.082920455932617188e+01 3.156429138183593750e+02 2.511707954406738281e+02
1.933203887939453125e+01 1.623106002807617188e+00 3.189140930175781250e+02 2.527184906005859375e+02
3.631401824951171875e+01 8.331741905212402344e+01 3.228630981445312500e+02 1.831428527832031250e+02
8.602085113525390625e+01 2.231270408630371094e+01 2.915868835449218750e+02 2.282282714843750000e+02
1.918727874755859375e+01 2.777156829833984375e-01 2.628632812500000000e+02 2.488760070800781250e+02
6.964521026611328125e+01 3.440342521667480469e+01 2.851081848144531250e+02 2.317782745361328125e+02
8.383712768554687500e-01 1.138895225524902344e+01 2.727639770507812500e+02 2.470381164550781250e+02
6.867700958251953125e+01 6.412624931335449219e+01 2.808635559082031250e+02 1.989137420654296875e+02
1.393511581420898438e+02 2.048351097106933594e+01 2.442086181640625000e+02 2.249378051757812500e+02
1.340581588745117188e+02 0.000000000000000000e+00 1.377166748046875000e+02 1.685166072845458984e+02
1.312871780395507812e+02 5.236521720886230469e+00 1.237889709472656250e+02 1.295610809326171875e+02
1.546122055053710938e+02 1.270870113372802734e+01 9.215509033203125000e+01 8.982991790771484375e+01
1.669962768554687500e+02 0.000000000000000000e+00 7.718568420410156250e+01 7.128370189666748047e+01
1.643905296325683594e+02 7.057897090911865234e+00 6.602690887451171875e+01 6.756881713867187500e+01
1.743846473693847656e+02 1.098116827011108398e+01 6.457633209228515625e+01 6.699580383300781250e+01
1.893655605316162109e+02 1.923871517181396484e+00 6.127045059204101562e+01 7.171731567382812500e+01
1.604091224670410156e+02 0.000000000000000000e+00 7.478983306884765625e+01 6.752676153182983398e+01
1.725844650268554688e+02 0.000000000000000000e+00 7.013055419921875000e+01 5.156671404838562012e+01
2.062453289031982422e+02 4.285136580467224121e+00 3.840639114379882812e+01 3.675033187866210938e+01
2.160291891098022461e+02 1.312108647823333740e+01 2.287707710266113281e+01 2.404886054992675781e+01
2.180809984207153320e+02 2.396938407421112061e+01 1.637234306335449219e+01 1.496494388580322266e+01
2.168410363197326660e+02 2.408568274974822998e+01 1.410638332366943359e+01 1.478256320953369141e+01
2.157638549804687500e+02 2.516890990734100342e+01 1.389735412597656250e+01 1.478133487701416016e+01
2.143519430160522461e+02 2.473147046566009521e+01 1.350910758972167969e+01 1.451869392395019531e+01
2.127995433807373047e+02 2.537993037700653076e+01 1.392798614501953125e+01 1.505995082855224609e+01
2.117186207771301270e+02 2.502235162258148193e+01 1.380608654022216797e+01 1.483611679077148438e+01
2.100811624526977539e+02 2.538978040218353271e+01 1.401213645935058594e+01 1.526682472229003906e+01
2.088600311279296875e+02 2.512453067302703857e+01 1.405039215087890625e+01 1.552205562591552734e+01
2.072888445854187012e+02 2.533768594264984131e+01 1.460967350006103516e+01 1.565778350830078125e+01
2.062256979942321777e+02 2.611314380168914795e+01 1.462180042266845703e+01 1.521590328216552734e+01
2.044997720718383789e+02 2.596420180797576904e+01 1.443525123596191406e+01 1.549716281890869141e+01
2.033282351493835449e+02 2.588022840023040771e+01 1.456665134429931641e+01 1.566456413269042969e+01
2.022573704719543457e+02 2.735748660564422607e+01 1.482144069671630859e+01 1.528808116912841797e+01
2.013194651603698730e+02 2.708010470867156982e+01 1.434678363800048828e+01 1.497698879241943359e+01
2.001498551368713379e+02 2.827732360363006592e+01 1.415980052947998047e+01 1.495300006866455078e+01
1.986350712776184082e+02 2.843749701976776123e+01 1.384921550750732422e+01 1.484022235870361328e+01
1.974984660148620605e+02 2.812427508831024170e+01 1.403142642974853516e+01 1.468569850921630859e+01
1.959227404594421387e+02 2.909020459651947021e+01 1.424406147003173828e+01 1.530294227600097656e+01
1.924690275192260742e+02 1.721006047725677490e+01 1.593636512756347656e+01 2.113804817199707031e+01
1.931308279037475586e+02 1.775707852840423584e+01 1.547925758361816406e+01 2.323498344421386719e+01
1.915097141265869141e+02 1.775358235836029053e+01 1.569422531127929688e+01 2.397957801818847656e+01
1.913713426589965820e+02 1.664959847927093506e+01 1.614166831970214844e+01 2.584992980957031250e+01
1.907285261154174805e+02 1.668867814540863037e+01 1.649569129943847656e+01 2.593915176391601562e+01
1.894282865524291992e+02 1.730558049678802490e+01 1.763408088684082031e+01 2.575478553771972656e+01
1.878492412567138672e+02 1.708563554286956787e+01 1.932859420776367188e+01 2.669244766235351562e+01
1.861754627227783203e+02 1.928598153591156006e+01 1.933079147338867188e+01 2.487014007568359375e+01
1.847723736763000488e+02 3.027128446102142334e+01 1.558968257904052734e+01 1.552313804626464844e+01
1.736785526275634766e+02 2.625344407558441162e+01 3.704494857788085938e+01 2.793099594116210938e+01
1.488444442749023438e+02 6.127231001853942871e+00 6.455450439453125000e+01 5.353305435180664062e+01
9.467980194091796875e+01 2.433911645412445068e+01 1.157537841796875000e+02 1.015858154296875000e+02
9.667182922363281250e+01 4.464325463771820068e+01 2.119615631103515625e+02 1.834445190429687500e+02
1.768150100708007812e+02 4.941830956935882568e+01 2.359315490722656250e+02 2.225816904306411743e+02
1.228173904418945312e+02 4.265596264600753784e+01 3.262475280761718750e+02 2.293440373539924622e+02
9.576113128662109375e+01 0.000000000000000000e+00 3.716411743164062500e+02 2.720000000000000000e+02
8.039100646972656250e+00 0.000000000000000000e+00 4.651867980957031250e+02 2.720000000000000000e+02
5.384025573730468750e+00 0.000000000000000000e+00 5.066159744262695312e+02 2.720000000000000000e+02
0.000000000000000000e+00 0.000000000000000000e+00 5.120000000000000000e+02 2.720000000000000000e+02
0.000000000000000000e+00 0.000000000000000000e+00 5.120000000000000000e+02 2.720000000000000000e+02
0.000000000000000000e+00 0.000000000000000000e+00 5.120000000000000000e+02 2.720000000000000000e+02
0.000000000000000000e+00 0.000000000000000000e+00 5.120000000000000000e+02 2.720000000000000000e+02
0.000000000000000000e+00 0.000000000000000000e+00 5.120000000000000000e+02 2.720000000000000000e+02
0.000000000000000000e+00 0.000000000000000000e+00 5.120000000000000000e+02 2.720000000000000000e+02
0.000000000000000000e+00 0.000000000000000000e+00 5.120000000000000000e+02 2.720000000000000000e+02
0.000000000000000000e+00 0.000000000000000000e+00 5.120000000000000000e+02 2.720000000000000000e+02
0.000000000000000000e+00 0.000000000000000000e+00 5.120000000000000000e+02 2.720000000000000000e+02
3.306900024414062500e+01 0.000000000000000000e+00 4.789309997558593750e+02 2.720000000000000000e+02
0.000000000000000000e+00 0.000000000000000000e+00 5.120000000000000000e+02 2.720000000000000000e+02
0.000000000000000000e+00 0.000000000000000000e+00 5.120000000000000000e+02 2.720000000000000000e+02
0.000000000000000000e+00 0.000000000000000000e+00 5.120000000000000000e+02 2.720000000000000000e+02
6.750183105468750000e+01 0.000000000000000000e+00 4.444981689453125000e+02 2.720000000000000000e+02
5.291656494140625000e+00 0.000000000000000000e+00 5.067083435058593750e+02 2.720000000000000000e+02
0.000000000000000000e+00 0.000000000000000000e+00 4.932948150634765625e+02 2.720000000000000000e+02
0.000000000000000000e+00 0.000000000000000000e+00 5.120000000000000000e+02 2.720000000000000000e+02
0.000000000000000000e+00 0.000000000000000000e+00 5.120000000000000000e+02 2.720000000000000000e+02
0.000000000000000000e+00 0.000000000000000000e+00 5.120000000000000000e+02 2.720000000000000000e+02
3.987301635742187500e+01 6.255249023437500000e+00 4.335026245117187500e+02 2.619183349609375000e+02
1.607918243408203125e+02 3.199033355712890625e+01 3.440125427246093750e+02 2.400096664428710938e+02
1.968992309570312500e+02 1.700777816772460938e+01 2.759832763671875000e+02 2.546692352294921875e+02
1.257400360107421875e+02 2.529966354370117188e+01 2.959402770996093750e+02 2.459021148681640625e+02
1.718913726806640625e+02 6.879665374755859375e+00 2.671485900878906250e+02 2.536962127685546875e+02
1.244217529296875000e+02 1.804104995727539062e+01 2.569148559570312500e+02 2.539589500427246094e+02
6.720014190673828125e+01 7.197359085083007812e+00 2.209100799560546875e+02 1.963858337402343750e+02
4.151666259765619316e+01 2.431171607971185722e+01 2.827252197265625000e+02 2.334422760009765625e+02
7.117897033691400566e+01 9.137132644653263469e+00 2.846424255371093750e+02 2.523297119140625000e+02
1.510414657592772869e+02 1.730330085754388847e+01 2.355624542236328125e+02 2.546966991424561115e+02
5.035415649414062500e+01 5.042501163482666016e+01 2.932788085937500000e+02 2.196900329589843750e+02
1.951851806640625000e+02 4.187127017974853516e+01 2.573064575195312500e+02 2.218210144042968750e+02
7.595747375488275566e+01 9.110980319976800956e+01 2.826093444824218750e+02 1.736739044189453125e+02
8.107875823974603691e+01 1.555841159820550956e+01 2.484881744384765625e+02 2.349527740478515625e+02
1.300160751342773438e+02 2.383711338043212891e+01 1.482649078369140625e+02 1.639777679443359375e+02
1.399718475341796875e+02 0.000000000000000000e+00 1.595920715332031250e+02 1.308809595108032227e+02
1.466198730468750000e+02 3.188385486602783203e+00 1.115022583007812500e+02 1.174772720336914062e+02
1.358858032226562500e+02 0.000000000000000000e+00 1.230506896972656250e+02 8.570944643020629883e+01
1.600046310424804688e+02 2.207212662696838379e+01 8.924015808105468750e+01 8.068708038330078125e+01
1.451064262390136719e+02 1.347238373756408691e+01 7.473291778564453125e+01 6.649661254882812500e+01
1.209783210754394531e+02 0.000000000000000000e+00 5.167133331298828125e+01 6.838253998756408691e+01
1.286886253356933594e+02 3.671127617359161377e+01 3.852210235595703125e+01 3.661886215209960938e+01
1.377269029617309570e+02 3.872436344623565674e+01 2.551125144958496094e+01 2.510519981384277344e+01
1.425989961624145508e+02 4.027994549274444580e+01 1.707822227478027344e+01 1.768119239807128906e+01
1.419210138320922852e+02 4.055011904239654541e+01 1.538868522644042969e+01 1.583527278900146484e+01
1.414350543022155762e+02 4.096171772480010986e+01 1.537811756134033203e+01 1.568158149719238281e+01
1.405533514022827148e+02 4.140133249759674072e+01 1.504510688781738281e+01 1.586617183685302734e+01
1.405609374046325684e+02 4.174412453174591064e+01 1.511963367462158203e+01 1.577718734741210938e+01
1.401561808586120605e+02 4.120067465305328369e+01 1.487131595611572266e+01 1.546358966827392578e+01
1.395868306159973145e+02 4.191923058032989502e+01 1.525635433197021484e+01 1.592515563964843750e+01
1.387453804016113281e+02 4.223209965229034424e+01 1.504003143310546875e+01 1.545835304260253906e+01
1.383461823463439941e+02 4.250878441333770752e+01 1.541592311859130859e+01 1.540254974365234375e+01
1.382395029067993164e+02 4.204290258884429932e+01 1.543633460998535156e+01 1.571554279327392578e+01
1.378234958648681641e+02 4.220132791996002197e+01 1.557762145996093750e+01 1.566970729827880859e+01
1.374090461730957031e+02 4.097748768329620361e+01 1.524192428588867188e+01 1.585373115539550781e+01
1.364730110168457031e+02 4.206213390827178955e+01 1.533554840087890625e+01 1.614668846130371094e+01
1.362779865264892578e+02 4.184200441837310791e+01 1.520118331909179688e+01 1.560943126678466797e+01
1.357778859138488770e+02 4.177155029773712158e+01 1.588637447357177734e+01 1.617676925659179688e+01
1.357233319282531738e+02 4.236050808429718018e+01 1.589434719085693359e+01 1.625488090515136719e+01
1.354418106079101562e+02 4.223487293720245361e+01 1.542081451416015625e+01 1.580094337463378906e+01
1.346069183349609375e+02 4.212901699542999268e+01 1.556320953369140625e+01 1.571965980529785156e+01
1.342189140319824219e+02 4.270257198810577393e+01 1.623226928710937500e+01 1.619135475158691406e+01
1.341703591346740723e+02 4.279852306842803955e+01 1.561084270477294922e+01 1.564763832092285156e+01
1.347959938049316406e+02 4.258730041980743408e+01 1.524364471435546875e+01 1.580738449096679688e+01
1.336922497749328613e+02 4.245557415485382080e+01 1.594151973724365234e+01 1.605354881286621094e+01
1.335436635017395020e+02 4.271960461139678955e+01 1.532219219207763672e+01 1.577390098571777344e+01
1.335516214370727539e+02 4.276464045047760010e+01 1.540997123718261719e+01 1.557184886932373047e+01
1.338056740760803223e+02 4.235788357257843018e+01 1.535267162322998047e+01 1.553658485412597656e+01
1.337548828125000000e+02 4.268853008747100830e+01 1.564126968383789062e+01 1.590650367736816406e+01
1.329320049285888672e+02 4.236012566089630127e+01 1.507454299926757812e+01 1.563043975830078125e+01
1.329021468162536621e+02 4.278505957126617432e+01 1.587276554107666016e+01 1.547596073150634766e+01
1.331401205062866211e+02 4.262702572345733643e+01 1.554121208190917969e+01 1.567722511291503906e+01
1.330350623130798340e+02 4.264326584339141846e+01 1.548234272003173828e+01 1.557989120483398438e+01
1.328609080314636230e+02 4.253456127643585205e+01 1.544483661651611328e+01 1.606276512145996094e+01
1.323226532936096191e+02 4.223064625263214111e+01 1.523418712615966797e+01 1.592381858825683594e+01
1.328084945678710938e+02 4.238064444065093994e+01 1.552679443359375000e+01 1.579206943511962891e+01
1.323555221557617188e+02 4.279573118686676025e+01 1.587647628784179688e+01 1.578591632843017578e+01
1.326019687652587891e+02 4.296642506122589111e+01 1.565364837646484375e+01 1.544953346252441406e+01
1.326022086143493652e+02 4.288653528690338135e+01 1.517348957061767578e+01 1.594945430755615234e+01
1.321024293899536133e+02 4.341298782825469971e+01 1.579725837707519531e+01 1.539483261108398438e+01
1.320460100173950195e+02 4.269091808795928955e+01 1.550493049621582031e+01 1.600652885437011719e+01
1.324720487594604492e+02 4.262367355823516846e+01 1.534445762634277344e+01 1.587501144409179688e+01
1.323879127502441406e+02 4.292616569995880127e+01 1.528791427612304688e+01 1.536171340942382812e+01
1.323584914207458496e+02 4.291033852100372314e+01 1.569313526153564453e+01 1.514326858520507812e+01
1.325478754043579102e+02 4.330304729938507080e+01 1.593855094909667969e+01 1.610399818420410156e+01
1.320461821556091309e+02 4.282810223102569580e+01 1.589659595489501953e+01 1.612038612365722656e+01
1.326407146453857422e+02 4.339829170703887939e+01 1.591157150268554688e+01 1.603634262084960938e+01
1.322186703681945801e+02 4.328935968875885010e+01 1.526170253753662109e+01 1.564934825897216797e+01
1.324184703826904297e+02 4.340379965305328369e+01 1.545634460449218750e+01 1.526677417755126953e+01
1.325221877098083496e+02 4.302962362766265869e+01 1.560894489288330078e+01 1.574860477447509766e+01
1.323515219688415527e+02 4.313109791278839111e+01 1.564295673370361328e+01 1.594301795959472656e+01
1.327854261398315430e+02 4.310030758380889893e+01 1.538094520568847656e+01 1.572993278503417969e+01
1.325312156677246094e+02 4.320847523212432861e+01 1.555058288574218750e+01 1.574605751037597656e+01
1.318490967750549316e+02 4.295642626285552979e+01 1.575384807586669922e+01 1.547106075286865234e+01
