3.440000000000000000e+02 1.380000000000000000e+02 4.900000000000000000e+01 4.000000000000000000e+01
3.484042739868164062e+02 1.405688514709472656e+02 5.030456542968750000e+01 4.940258026123046875e+01
3.627166213989257812e+02 1.563163642883300781e+02 6.609741210937500000e+01 5.005773162841796875e+01
3.738732337951660156e+02 1.570300712585449219e+02 6.668509674072265625e+01 5.125096893310546875e+01
3.663308601379394531e+02 1.515153427124023438e+02 7.698413848876953125e+01 5.737709045410156250e+01
3.596889457702636719e+02 1.485951824188232422e+02 8.845503997802734375e+01 6.022864151000976562e+01
3.663178253173828125e+02 1.538637447357177734e+02 8.001603698730468750e+01 6.016112136840820312e+01
3.659753360748291016e+02 1.408800086975097656e+02 6.176531600952148438e+01 6.779268646240234375e+01
3.859053153991699219e+02 1.661198368072509766e+02 5.661083221435546875e+01 4.869034957885742188e+01
3.805092334747314453e+02 1.714049587249755859e+02 5.679613876342773438e+01 4.836343765258789062e+01
3.842224979400634766e+02 1.709137439727783203e+02 5.631567001342773438e+01 4.727669906616210938e+01
3.819358596801757812e+02 1.768763027191162109e+02 5.044496154785156250e+01 4.602695083618164062e+01
3.806456909179687500e+02 1.804697895050048828e+02 4.709765625000000000e+01 4.063712692260742188e+01
3.806726741790771484e+02 1.840554485321044922e+02 4.485654067993164062e+01 3.512651443481445312e+01
3.784233150482177734e+02 1.836565113067626953e+02 4.929619216918945312e+01 4.039666366577148438e+01
3.767309818267822266e+02 1.898336982727050781e+02 4.634612655639648438e+01 3.949788665771484375e+01
3.604922466278076172e+02 1.956769046783447266e+02 5.133461380004882812e+01 4.290386581420898438e+01
3.551957912445068359e+02 2.005456409454345703e+02 5.941931533813476562e+01 4.423661422729492188e+01
3.270596599578857422e+02 1.987472534179687500e+02 5.543007278442382812e+01 4.909317016601562500e+01
3.283451156616210938e+02 2.063206596374511719e+02 5.153234863281250000e+01 4.352915191650390625e+01
3.359283695220947266e+02 2.132320652008056641e+02 5.039033126831054688e+01 4.890038681030273438e+01
3.048394432067871094e+02 2.216039390563964844e+02 9.153656768798828125e+01 5.039606094360351562e+01
2.747771434783935547e+02 2.085455360412597656e+02 5.787613296508789062e+01 6.297545242309570312e+01
2.473171844482421875e+02 1.519789428710937500e+02 8.220719909667968750e+01 5.353761672973632812e+01
2.216301879882812500e+02 1.595524139404296875e+02 1.028716888427734375e+02 5.260149002075195312e+01
2.266818428039550781e+02 1.519328250885009766e+02 8.701770782470703125e+01 6.583441162109375000e+01
2.362392196655273438e+02 1.694377689361572266e+02 7.973648071289062500e+01 6.555371093750000000e+01
2.380064315795898438e+02 1.783150882720947266e+02 7.493411254882812500e+01 6.679550170898437500e+01
2.401158180236816406e+02 1.838678550720214844e+02 7.262305450439453125e+01 5.791494369506835938e+01
2.751092338562011719e+02 2.080462551116943359e+02 7.413646697998046875e+01 6.129019927978515625e+01
3.259811134338378906e+02 1.414658756256103516e+02 6.154300689697265625e+01 6.512359619140625000e+01
3.390197925567626953e+02 1.493236122131347656e+02 5.964576339721679688e+01 6.184318161010742188e+01
3.274319648742675781e+02 1.433237323760986328e+02 5.151863861083984375e+01 5.436347961425781250e+01
3.168456993103027344e+02 1.503727340698242188e+02 5.829259490966796875e+01 5.877914810180664062e+01
2.607892131805419922e+02 1.899734077453613281e+02 5.739268112182617188e+01 5.875712203979492188e+01
2.282692871093750000e+02 1.855536270141601562e+02 7.212273406982421875e+01 5.392567825317382812e+01
2.254309539794921875e+02 1.565488033294677734e+02 7.894275665283203125e+01 6.826343536376953125e+01
2.192546768188476562e+02 1.458139476776123047e+02 8.927434539794921875e+01 6.572072601318359375e+01
2.066495132446289062e+02 4.390590858459472656e+01 8.185265350341796875e+01 5.465950012207031250e+01
2.114859428405761719e+02 3.616931915283203125e+01 7.774833679199218750e+01 5.606456375122070312e+01
2.157249794006347656e+02 3.760799598693847656e+01 7.376617431640625000e+01 5.120985412597656250e+01
2.184006271362304688e+02 4.284522819519044390e+01 7.281851959228515625e+01 4.956952667236328125e+01
2.111234016418457031e+02 7.325337791442872515e+01 5.334951782226562500e+01 4.819634246826171875e+01
2.119734706878662109e+02 8.031927490234376421e+01 5.003208541870117188e+01 4.612779617309570312e+01
2.121667747497558594e+02 8.034200477600099077e+01 4.773359680175781250e+01 4.674296569824218750e+01
2.169962100982666016e+02 7.442153739929200640e+01 6.160815811157226562e+01 5.281609344482421875e+01
2.173211174011230469e+02 7.933410263061524859e+01 6.442921447753906250e+01 4.784324264526367188e+01
2.199656219482421875e+02 8.116696357727052202e+01 6.709615325927734375e+01 5.820039367675779829e+01
2.145031776428222656e+02 7.907555580139160156e+01 8.787251281738281250e+01 7.129660034179687500e+01
2.290946235656738281e+02 1.284978675842285156e+01 5.963191223144531250e+01 6.188682556152343750e+01
2.360787143707275391e+02 2.203820991516114702e+01 5.094931411743164062e+01 5.310066223144531250e+01
2.377982387542724609e+02 1.896508407592774859e+01 4.884186935424804688e+01 5.331162643432617188e+01
2.390388545989990234e+02 2.664868545532227984e+01 4.360201644897460938e+01 5.007574081420898438e+01
2.339846858978271484e+02 3.771534919738770952e+01 5.458532333374023438e+01 4.716810607910156250e+01
2.252688827514648438e+02 4.274154853820802202e+01 6.398827362060546875e+01 3.798556518554687500e+01
2.312926349639892578e+02 6.392120742797854405e+01 5.707364273071289062e+01 4.160796737670898438e+01
2.289795246124267578e+02 6.054412269592287998e+01 6.089239883422851562e+01 4.275186157226562500e+01
2.281920261383056641e+02 6.210514259338381748e+01 6.214271926879882812e+01 4.145442199707031250e+01
2.297931957244873047e+02 5.696459007263186436e+01 6.159359359741210938e+01 4.468299102783203125e+01
2.323905906677246094e+02 6.295490074157719107e+01 5.836282348632812500e+01 3.797428131103515625e+01
2.341230640411376953e+02 7.015444946289066763e+01 4.773678970336914062e+01 3.526198196411132812e+01
2.452165508270263672e+02 2.888017463684086295e+01 3.419320297241210938e+01 3.209502410888671875e+01
2.450465202331542969e+02 3.200130271911625357e+01 3.341098022460937500e+01 2.945822143554687500e+01
2.438377246856689453e+02 7.180826377868656607e+01 3.815713882446289062e+01 2.889045715332031250e+01
2.428489704132080078e+02 7.022590637207035513e+01 5.070399856567382812e+01 3.368163681030273438e+01
2.400467643737792969e+02 7.106302452087406607e+01 5.748948669433593750e+01 3.597753906250000000e+01
2.376085891723632812e+02 7.210830116271976920e+01 5.888272857666015625e+01 3.619126129150390625e+01
2.429280261993408203e+02 7.117045974731449576e+01 4.687591934204101562e+01 3.389758682250976562e+01
2.433511905670166016e+02 7.090940475463871451e+01 4.647920608520507812e+01 3.308720779418945312e+01
2.455606231689453125e+02 5.475883293151859732e+01 4.611144256591796875e+01 4.387065124511718750e+01
2.445187568664550781e+02 5.548651504516605826e+01 4.477067565917968750e+01 4.227920913696289062e+01
2.493606338500976562e+02 5.859826850891117545e+01 4.588898468017578125e+01 3.955655670166015625e+01
2.510761737823486328e+02 5.728232574462894888e+01 4.164670181274414062e+01 3.748719406127929688e+01
2.522555160522460938e+02 5.698271942138676138e+01 3.933567047119140625e+01 3.682548141479492188e+01
2.519159164428710938e+02 5.755522918701176138e+01 3.977785491943359375e+01 3.699447250366210938e+01
2.403055629730224609e+02 5.555191230773930045e+01 4.956235885620117188e+01 4.301007843017578125e+01
2.347221031188964844e+02 5.959473609924320670e+01 6.848846435546875000e+01 6.555660247802734375e+01
2.091444282531738281e+02 5.401634025573734732e+01 8.551454162597656250e+01 7.172071838378906250e+01
2.351535186767578125e+02 1.406131935119633170e+01 7.655907440185546875e+01 8.081290435791015625e+01
2.266144104003906250e+02 1.040010643005375357e+01 8.648320770263671875e+01 8.269676208496093750e+01
2.040169982910156250e+02 1.634147834777836295e+01 1.056255416870117188e+02 1.006266098022460938e+02
2.176891899108886719e+02 4.782686233520564656e+00 9.103210449218750000e+01 8.850145721435546875e+01
2.258025932312011719e+02 1.094883918762212716e+01 6.889852905273437500e+01 8.195345306396484375e+01
2.149319648742675781e+02 2.183049583435064278e+01 9.520152282714843750e+01 9.136344909667968750e+01
1.669719200134277344e+02 8.114567375183111153e+01 8.236169433593750000e+01 1.071213684082031250e+02
1.676533279418945312e+02 1.609471187591553303e+02 6.680356597900390625e+01 7.188285827636718750e+01
1.645779190063476562e+02 1.641004428863525959e+02 7.296759796142578125e+01 6.722910308837890625e+01
1.800514602661132812e+02 1.754300212860107990e+02 7.544965362548828125e+01 5.443182373046875000e+01
1.880502586364746094e+02 1.772061538696289631e+02 7.355581665039062500e+01 5.414088058471679688e+01
1.853830909729003906e+02 1.719392356872559162e+02 8.642414855957031250e+01 6.387874221801757812e+01
2.177612380981445312e+02 1.712857341766357990e+02 7.891889190673828125e+01 6.165159606933593750e+01
2.702569770812988281e+02 1.911281604766846272e+02 7.110673522949218750e+01 6.200894927978515625e+01
2.261295890808105469e+02 1.712331562042236897e+02 7.076098632812500000e+01 6.548279571533203125e+01
2.177625579833984375e+02 1.647483692169190022e+02 8.102388763427734375e+01 7.827179718017578125e+01
2.009002761840820312e+02 1.459657649993897053e+02 8.765927886962890625e+01 7.805041503906250000e+01
1.975996398925781250e+02 1.508074283599854084e+02 1.118974533081054688e+02 9.173085784912109375e+01
2.083687782287597656e+02 1.806912593841553303e+02 1.041227874755859375e+02 7.094625854492187500e+01
1.939098892211914062e+02 1.812056140899658772e+02 1.034207839965820312e+02 7.268387603759765625e+01
1.875930099487304688e+02 1.843916187286377522e+02 1.078160781860351562e+02 6.842908477783203125e+01
1.850831794738769531e+02 1.905959663391113850e+02 8.383308410644531250e+01 6.399045181274414062e+01
1.799792785644531250e+02 1.955783348083496662e+02 8.530745697021484375e+01 5.556731033325195312e+01
1.820667152404785156e+02 1.893832702636719318e+02 7.638682556152343750e+01 6.234049606323242188e+01
1.752672691345214844e+02 1.931263675689697834e+02 8.384829711914062500e+01 5.312548065185546875e+01
1.708418846130371094e+02 1.924599819183350178e+02 7.973147583007812500e+01 5.095993041992187500e+01
1.799055023193359375e+02 1.987850360870361897e+02 7.309243011474609375e+01 5.144174957275390625e+01
1.665017051696777344e+02 1.868951148986816975e+02 8.290034484863281250e+01 5.949834060668945312e+01
1.864090728759765625e+02 1.695257053375244709e+02 1.118479995727539062e+02 6.750748443603515625e+01
1.834665451049804688e+02 1.570639858245850178e+02 1.221685409545898438e+02 8.753019714355468750e+01
1.829445610046386719e+02 1.541222858428955647e+02 1.149398345947265625e+02 9.306285858154296875e+01
2.103840179443359375e+02 1.321718425750732990e+02 1.058034744262695312e+02 1.077420959472656250e+02
1.997401542663574219e+02 1.486784763336181925e+02 1.342296905517578125e+02 9.788278961181640625e+01
2.000930938720703125e+02 1.566704616546631428e+02 1.202364273071289062e+02 9.357380676269531250e+01
2.026546936035156250e+02 1.559466342926025675e+02 1.168538589477539062e+02 8.483679962158203125e+01
2.177459564208984375e+02 1.356452312469482706e+02 1.224896011352539062e+02 9.483703613281250000e+01
2.187032203674316406e+02 1.311625194549560831e+02 1.321740112304687500e+02 1.058171691894531250e+02
2.214430046081542969e+02 1.354064426422119141e+02 1.313083343505859375e+02 9.876654815673828125e+01
2.190516929626464844e+02 1.402095355987548828e+02 1.321468963623046875e+02 9.494371795654296875e+01
2.279951667785644531e+02 1.491084232330322266e+02 1.221519470214843750e+02 9.030612945556640625e+01
2.040436859130859375e+02 1.277348995208740234e+02 1.262786941528320312e+02 1.077230987548828125e+02
2.153709182739257812e+02 7.935587501525878906e+01 1.194247665405273438e+02 1.133740005493164062e+02
2.363387489318847656e+02 1.002833080291748047e+02 1.036517028808593750e+02 8.348004150390625000e+01
2.317794303894042969e+02 9.376706886291503906e+01 9.889271545410156250e+01 8.205133819580078125e+01
2.485459289550781250e+02 1.201642017364501953e+02 1.049124221801757812e+02 7.160234832763671875e+01
2.333668403625488281e+02 1.161420726776123047e+02 1.157012329101562500e+02 8.937615966796875000e+01
2.100228157043457031e+02 1.508449001312255859e+02 9.987442016601562500e+01 8.603901672363281250e+01
2.088554534912109375e+02 1.583977146148681641e+02 9.171970367431640625e+01 6.595102691650390625e+01
2.084126319885253906e+02 1.548338680267333984e+02 8.878045654296875000e+01 6.631715393066406250e+01
1.978808021545410156e+02 1.472718601226806641e+02 9.530325317382812500e+01 6.953787994384765625e+01
1.857707595825195312e+02 1.412332744598388672e+02 7.695873260498046875e+01 6.739208984375000000e+01
2.197531356811523438e+02 1.428555259704589844e+02 7.209004974365234375e+01 6.046048355102539062e+01
2.246144828796386719e+02 1.382864990234375000e+02 7.613774108886718750e+01 6.176089096069335938e+01
2.206486434936523438e+02 1.486187953948974609e+02 9.538167572021484375e+01 7.224894714355468750e+01
2.206748161315917969e+02 1.480776462554931641e+02 1.037235870361328125e+02 8.130231475830078125e+01
2.118647804260253906e+02 1.369232540130615234e+02 1.137319335937500000e+02 9.244392395019531250e+01
2.162935409545898438e+02 1.558607501983642578e+02 1.096773910522460938e+02 7.660582733154296875e+01
1.943897094726562500e+02 1.451359615325927734e+02 1.212445449829101562e+02 8.335139465332031250e+01
1.778377494812011719e+02 1.225660800933837891e+02 1.358013763427734375e+02 1.077040176391601562e+02
2.283961448669433594e+02 1.540639553070068359e+02 1.027309112548828125e+02 7.868330383300781250e+01
1.462653236389160156e+02 9.007492828369140625e+01 6.870426940917968750e+01 6.392084884643554688e+01
1.754143486022949219e+02 8.014179801940917969e+01 7.484033203125000000e+01 7.770037841796875000e+01
1.535709323883056641e+02 8.583687973022460938e+01 5.791769790649414062e+01 5.842764663696289062e+01
1.536368217468261719e+02 8.538179588317871094e+01 5.660913085937500000e+01 6.562155151367187500e+01
1.429898223876953125e+02 8.113504981994628906e+01 7.248209381103515625e+01 6.982218170166015625e+01
1.506376686096191406e+02 6.719189643859863281e+01 6.867123413085937500e+01 8.076580047607421875e+01
1.507378311157226562e+02 8.609507942199707031e+01 6.607088470458984375e+01 6.450099945068359375e+01
1.431950073242187500e+02 7.505632209777832031e+01 7.348236846923828125e+01 7.617746734619140625e+01
1.407834205627441406e+02 8.596569252014160156e+01 8.750622558593750000e+01 8.566493988037109375e+01
1.397866744995117188e+02 8.144241905212402344e+01 8.942144012451171875e+01 9.335501098632812500e+01
1.360610618591308594e+02 8.104316139221191406e+01 9.376637268066406250e+01 9.057866668701171875e+01
1.376757125854492188e+02 8.186422920227050781e+01 9.240636444091796875e+01 9.101444244384765625e+01
1.310520744323730469e+02 8.149862861633300781e+01 9.829725646972656250e+01 1.022266006469726562e+02
1.281438789367675781e+02 1.070328311920166016e+02 9.243862915039062500e+01 8.913213348388671875e+01
1.328853492736816406e+02 1.271709613800048828e+02 7.929888916015625000e+01 6.900086212158203125e+01
1.414784564971923828e+02 1.471125068664550781e+02 5.949567031860351562e+01 5.265686416625976562e+01
1.655966739654541016e+02 1.061883754730224609e+02 6.244441604614257812e+01 5.865049743652343750e+01
1.715588455200195312e+02 1.059195861816406250e+02 5.415406036376953125e+01 5.075434494018554688e+01
1.732466678619384766e+02 9.999338722229003906e+01 5.298720169067382812e+01 5.980153656005859375e+01
1.711645050048828125e+02 9.952026557922363281e+01 6.468811798095703125e+01 6.816304779052734375e+01
1.434703369140625000e+02 1.220293102264404297e+02 8.149059295654296875e+01 8.624847412109375000e+01
1.281977615356445312e+02 1.103766765594482422e+02 8.594083404541015625e+01 8.807254028320312500e+01
1.377867393493652344e+02 8.281566047668457031e+01 1.006400451660156250e+02 1.044316024780273438e+02
1.460854454040527344e+02 8.255860710144042969e+01 9.407342529296875000e+01 9.590081787109375000e+01
1.658850326538085938e+02 9.891092491149902344e+01 7.468103790283203125e+01 8.198512268066406250e+01
1.702018241882324219e+02 1.098406429290771484e+02 6.654275512695312500e+01 7.774354553222656250e+01
1.426669559478759766e+02 4.165960502624511719e+01 5.255377578735351562e+01 6.455447387695312500e+01
1.426393966674804688e+02 5.341391181945800781e+01 6.863506317138671875e+01 6.920650482177734375e+01
1.670777683258056641e+02 9.938027763366699219e+01 6.031660842895507812e+01 7.714773559570312500e+01
1.693427772521972656e+02 9.600794792175292969e+01 7.847940063476562500e+01 7.877719116210937500e+01
1.708947143554687500e+02 9.679484748840332031e+01 7.893039703369140625e+01 7.738652801513671875e+01
1.796923255920410156e+02 9.794346427917480469e+01 6.670053100585937500e+01 6.721243286132812500e+01
1.803592796325683594e+02 1.066560535430908203e+02 6.914659118652343750e+01 6.184987640380859375e+01
1.918440589904785156e+02 1.155034427642822266e+02 4.931848144531250000e+01 4.391889190673828125e+01
1.920734596252441406e+02 1.181011238098144531e+02 5.446987915039062500e+01 4.664136123657226562e+01
1.688524475097656250e+02 1.069643993377685547e+02 8.348920440673828125e+01 6.597090148925781250e+01
1.726654129028320312e+02 1.027643032073974609e+02 8.735128021240234375e+01 7.173312377929687500e+01
1.839020843505859375e+02 1.077704410552978516e+02 7.271530914306640625e+01 6.047573089599609375e+01
1.824562416076660156e+02 1.063155994415283203e+02 7.616522216796875000e+01 6.424445343017578125e+01
1.941887683868408203e+02 1.121695842742919922e+02 5.853201675415039062e+01 4.891282653808593750e+01
1.938207607269287109e+02 1.150940666198730469e+02 6.384191513061523438e+01 4.969670486450195312e+01
1.836352310180664062e+02 1.086559085845947266e+02 7.719722747802734375e+01 6.111690521240234375e+01
1.366940708160400391e+02 3.403138160705566406e+01 5.674039077758789062e+01 6.965734100341796875e+01
1.386950073242187500e+02 4.775701904296875000e+01 5.876430511474609375e+01 5.967231369018554688e+01
1.587353973388671875e+02 3.470126914978025923e+01 8.523052215576171875e+01 6.450239562988281250e+01
2.508034591674804688e+02 3.438589668273924360e+01 5.944385528564453125e+01 6.514659881591796875e+01
2.518038349151611328e+02 4.107762718200680752e+01 5.980711746215820312e+01 6.492893981933593750e+01
2.069369888305664062e+02 1.149566917419433310e+02 5.694736480712890625e+01 5.231244277954101562e+01
1.961433639526367188e+02 1.132470359802245810e+02 7.057669830322265625e+01 5.761589431762695312e+01
1.936127243041992188e+02 1.130233516693114950e+02 7.655551910400390625e+01 5.937969970703125000e+01
2.100280590057373047e+02 1.204230251312255575e+02 5.449377059936523438e+01 4.343176269531250000e+01
2.026973495483398438e+02 1.170178337097167685e+02 6.824875640869140625e+01 5.307681655883789062e+01
2.005546836853027344e+02 1.151091003417968466e+02 7.165106201171875000e+01 5.095054244995117188e+01
2.049458808898925781e+02 1.145479984283446981e+02 7.428929138183593750e+01 5.711466217041015625e+01
2.109282665252685547e+02 1.202258529663085653e+02 5.776345443725585938e+01 4.577747726440429688e+01
2.101751136779785156e+02 1.200101833343505291e+02 6.055119323730468750e+01 4.403175354003906250e+01
2.141181125640869141e+02 1.200932521820067791e+02 5.550314712524414062e+01 4.281674194335937500e+01
2.201772365570068359e+02 1.222389812469481853e+02 4.813030624389648438e+01 3.960342407226562500e+01
2.496458644866943359e+02 1.051559791564940838e+02 5.501227951049804688e+01 5.365829849243164062e+01
2.739298400878906250e+02 7.949076843261713066e+01 4.800307464599609375e+01 4.666140365600585938e+01
2.764253845214843750e+02 7.551829528808588066e+01 4.054621124267578125e+01 4.673550033569335938e+01
2.731062068939208984e+02 7.390472984313959159e+01 4.197054672241210938e+01 4.771049499511718750e+01
2.718187789916992188e+02 7.130361175537103691e+01 4.203192901611328125e+01 4.901636886596679688e+01
2.728633270263671875e+02 7.468771362304681816e+01 4.755861663818359375e+01 4.885029220581054688e+01
2.684650993347167969e+02 7.843690681457513847e+01 5.004000854492187500e+01 5.692092132568359375e+01
2.275818862915039062e+02 1.166353683471679119e+02 5.036112213134765625e+01 4.763135910034179688e+01
2.364611740112304688e+02 1.021418819427489666e+02 6.469040679931640625e+01 6.595643615722656250e+01
2.482760944366455078e+02 7.536535072326654472e+01 6.159822463989257812e+01 6.322063446044921875e+01
2.671700649261474609e+02 8.155102729797357597e+01 6.158039474487304688e+01 4.947261810302734375e+01
2.765080890655517578e+02 8.175926399230952768e+01 5.944693374633789062e+01 4.995413970947264204e+01
2.850289154052734375e+02 8.952070808410638847e+01 6.995149993896484375e+01 6.163051605224609375e+01
2.568152236938476562e+02 7.572798538208002128e+01 5.826044464111328125e+01 6.056097793579101562e+01
2.329401187896728516e+02 1.181075325012206463e+02 5.343957901000976562e+01 4.521298599243164062e+01
2.310903491973876953e+02 1.169011363983153728e+02 6.273337173461914062e+01 4.824920654296875000e+01
2.312756633758544922e+02 1.156082000732421307e+02 6.189956283569335938e+01 4.938354110717773438e+01
2.363614044189453125e+02 1.179159832000731853e+02 5.434383392333984375e+01 4.462863159179687500e+01
2.547798728942871094e+02 6.781469726562492895e+01 5.802882385253906250e+01 5.456752395629882812e+01
2.468183193206787109e+02 3.915222930908196020e+01 4.569892501831054688e+01 5.020616531372070312e+01
2.520791187286376953e+02 4.606948280334465551e+01 4.330624771118164062e+01 4.131059265136718750e+01
2.530167198181152344e+02 4.623792648315422582e+01 4.748612976074218750e+01 4.496409225463867188e+01
2.488044376373291016e+02 7.241553497314446020e+01 5.887852859497070312e+01 5.310538101196289062e+01
2.477951259613037109e+02 8.177302932739250707e+01 6.245150375366210938e+01 6.184093856811524859e+01
2.375958518981933594e+02 9.381870079040521659e+01 7.125265502929687500e+01 7.422060394287109375e+01
2.422773551940917969e+02 5.889285469055170097e+01 7.125585937500000000e+01 6.251782226562500000e+01
2.469626159667968750e+02 6.613464164733881034e+01 7.006591033935546875e+01 6.534354400634765625e+01
2.291775016784667969e+02 7.423690605163568534e+01 8.481498718261718750e+01 6.533945465087890625e+01
2.530802612304687500e+02 7.117841720581049003e+01 6.563339996337890625e+01 5.735053634643554688e+01
2.541495361328125000e+02 8.877754020690913705e+01 5.687134552001953125e+01 6.397766876220701704e+01
2.475403957366943359e+02 1.147286548614501385e+02 5.990232467651367188e+01 5.244705200195312500e+01
2.695995216369628906e+02 7.991322326660150566e+01 4.976432800292968750e+01 4.994054031372070312e+01
2.661272811889648438e+02 8.321817970275873222e+01 5.385254669189453125e+01 5.427058410644531250e+01
2.639065551757812500e+02 8.088100242614740409e+01 5.131925201416015625e+01 5.300107574462890625e+01
2.424654731750488281e+02 8.652638053894037284e+01 7.745046997070312500e+01 6.056554412841796875e+01
2.569266414642333984e+02 1.029469013214110760e+02 5.532708358764648438e+01 5.557597351074218750e+01
2.515961418151855469e+02 1.018842144012450603e+02 7.343196105957031250e+01 6.427942657470703125e+01
2.553175735473632812e+02 1.043033218383788494e+02 5.896617889404296875e+01 5.802278518676757812e+01
2.603594741821289062e+02 1.039226570129393963e+02 5.042908477783203125e+01 4.942963790893554688e+01
2.512940082550048828e+02 6.740434455871576347e+01 4.764232254028320312e+01 4.621334838867187500e+01
2.500764045715332031e+02 6.656957626342767753e+01 4.793942260742187500e+01 5.220380783081054688e+01
2.599432697296142578e+02 1.014533100128173260e+02 6.361989212036132812e+01 6.493502807617187500e+01
2.559710044860839844e+02 9.890194129943841972e+01 8.198269653320312500e+01 6.952885437011718750e+01
2.258441772460937500e+02 1.405380821228021659e+01 7.535007476806640625e+01 8.102036285400390625e+01
2.193580474853515625e+02 1.791687965393060722e+01 8.399271392822265625e+01 8.676791381835937500e+01
1.873437652587890625e+02 9.539848899841302909e+01 1.030071487426757812e+02 7.813950347900390625e+01
1.778575096130371094e+02 9.670767021179193534e+01 7.049739074707031250e+01 8.112319183349609375e+01
1.693001060485839844e+02 1.036306285858153728e+02 6.594654846191406250e+01 8.274971771240234375e+01
1.601504306793212891e+02 1.062770175933837322e+02 6.209511184692382812e+01 9.307202148437500000e+01
1.724895210266113281e+02 1.065602779388427166e+02 6.257147216796875000e+01 7.944638824462890625e+01
1.625328788757324219e+02 1.081898479461669353e+02 7.623023986816406250e+01 8.370903778076171875e+01
1.756259460449218750e+02 1.033348674774169353e+02 6.899124908447265625e+01 8.445461273193359375e+01
1.523450126647949219e+02 1.091913127899169353e+02 9.433009338378906250e+01 8.747060394287109375e+01
2.588336944580078125e+01 1.249082088470458416e+02 9.285749816894531250e+01 7.570856475830078125e+01
