1.020000000000000000e+02 1.400000000000000000e+01 1.900000000000000000e+02 1.140000000000000000e+02
1.229360961914062500e+02 1.201197433471679688e+01 1.951507568359375000e+02 1.182934951782226562e+02
1.458728790283203125e+02 1.675780487060546875e+01 1.917099304199218750e+02 1.178521270751953125e+02
1.734524612426757812e+02 1.258651733398437500e+01 1.920099945068359375e+02 1.261543579101562500e+02
1.887499465942382812e+02 2.230921936035156250e+01 1.844844818115234375e+02 1.336258239746093750e+02
2.090123519897460938e+02 1.748553466796875000e+01 1.764989776611328125e+02 1.369616699218750000e+02
2.196894302368164062e+02 2.361016845703125000e+01 1.721562957763671875e+02 1.283294067382812500e+02
2.198372116088867188e+02 1.927987670898437500e+01 1.713354034423828125e+02 1.344935913085937500e+02
2.125946807861328125e+02 1.267882537841796875e+01 1.787409973144531250e+02 1.384389801025390625e+02
2.078566665649414062e+02 3.107068634033203125e+01 1.921230926513671875e+02 1.470502166748046875e+02
2.216498870849609375e+02 3.461693572998046875e+01 1.731559143066406250e+02 1.694575958251953125e+02
2.004901123046875000e+02 9.618087768554687500e+00 1.944860229492187500e+02 1.209441223144531250e+02
2.287298660278320312e+02 1.304670715332031250e+01 1.676515350341796875e+02 1.363818664550781250e+02
2.381807174682617188e+02 1.031736755371093750e+01 1.721475982666015625e+02 1.400433044433593750e+02
2.442400512695312500e+02 9.169120788574218750e+00 1.659757690429687500e+02 1.438217315673828125e+02
2.323236694335937500e+02 3.270622253417968750e+00 1.762869873046875000e+02 1.528485870361328125e+02
1.118460845947265625e+01 4.292053985595703125e+01 2.251325225830078125e+02 1.399469451904296875e+02
0.000000000000000000e+00 3.324861907958984375e+01 2.397414932250976562e+02 1.557743682861328125e+02
0.000000000000000000e+00 2.863722229003906250e+01 2.400220146179199219e+02 1.572090759277343750e+02
0.000000000000000000e+00 2.708059692382812500e+01 2.500774440765380859e+02 1.638413696289062500e+02
0.000000000000000000e+00 3.236510467529296875e+01 2.570895338058471680e+02 1.796125640869140625e+02
0.000000000000000000e+00 3.007605743408203125e+01 2.455000662803649902e+02 1.716166839599609375e+02
0.000000000000000000e+00 2.384764862060546875e+01 2.523550288677215576e+02 1.732058258056640625e+02
0.000000000000000000e+00 2.435671234130859375e+01 2.488715451955795288e+02 1.577551422119140625e+02
0.000000000000000000e+00 3.449099731445312500e+01 2.533192870020866394e+02 1.701370239257812500e+02
0.000000000000000000e+00 3.033187103271484375e+01 2.488221038281917572e+02 1.608824615478515625e+02
0.000000000000000000e+00 2.497888946533203125e+01 2.536786605566740036e+02 1.652557220458984375e+02
0.000000000000000000e+00 2.482830047607421875e+01 2.606581779345870018e+02 1.662202911376953125e+02
0.000000000000000000e+00 2.645793151855463066e+01 2.491880367211996941e+02 1.604575500488281250e+02
0.000000000000000000e+00 3.001493072509759941e+01 2.549116300549358130e+02 1.724921112060546875e+02
0.000000000000000000e+00 2.911616516113275566e+01 2.436346175177022815e+02 1.641369323730468750e+02
0.000000000000000000e+00 3.061716461181634941e+01 2.496404441348277032e+02 1.743576507568359375e+02
0.000000000000000000e+00 2.848751831054681816e+01 2.440407573457341641e+02 1.678861083984375000e+02
0.000000000000000000e+00 3.370323181152338066e+01 2.461228872177889571e+02 1.634405212402343750e+02
0.000000000000000000e+00 3.361852264404291191e+01 2.364117625175858848e+02 1.557028350830078125e+02
0.000000000000000000e+00 3.837345123291009941e+01 2.386545964687538799e+02 1.498773040771484375e+02
0.000000000000000000e+00 4.184822082519525566e+01 2.421487475141620962e+02 1.667999572753906250e+02
0.000000000000000000e+00 2.340945434570306816e+01 2.403667931906747981e+02 1.556478881835937500e+02
0.000000000000000000e+00 3.181421661376947441e+01 2.407052395518803678e+02 1.545498504638671875e+02
0.000000000000000000e+00 3.618107604980463066e+01 2.460138212529909651e+02 1.630628356933593750e+02
0.000000000000000000e+00 2.407771301269525566e+01 2.395012267275697013e+02 1.643730163574218750e+02
5.681182465973506623e-01 4.010967254638666191e+01 2.438249511718750000e+02 1.681505279541015625e+02
0.000000000000000000e+00 2.235763549804681816e+01 2.377958785615387569e+02 1.496521606445312500e+02
6.282401840896909562e-01 2.535398101806634941e+01 2.316181945800781250e+02 1.645840911865234375e+02
2.591611460945159706e+00 3.435569763183588066e+01 2.335704803466796875e+02 1.593324279785156250e+02
0.000000000000000000e+00 2.996778869628900566e+01 2.311395622055740660e+02 1.591584777832031250e+02
0.000000000000000000e+00 3.509716796874994316e+01 2.313263423820839080e+02 1.546331176757812500e+02
0.000000000000000000e+00 2.960791778564447441e+01 2.284093183468036727e+02 1.469795989990234375e+02
4.749649712952617620e+00 2.605131530761713066e+01 2.183525238037109375e+02 1.444870910644531250e+02
5.375076959046367620e+00 2.191636657714838066e+01 2.137376556396484375e+02 1.399879455566406250e+02
8.984917352112773870e+00 2.168807983398431816e+01 2.194542541503906250e+02 1.422614135742187500e+02
8.753533074769023870e+00 1.973463439941400566e+01 2.107862854003906250e+02 1.488860168457031250e+02
7.411118218811992620e+00 2.096239471435541191e+01 2.073496551513671875e+02 1.354418487548828125e+02
1.226708287945652387e+01 1.722677612304681816e+01 2.069467468261718750e+02 1.430892333984375000e+02
1.841680974713230512e+01 1.976709747314447441e+01 2.017087554931640625e+02 1.336299896240234375e+02
1.517380590191746137e+01 2.203993988037103691e+01 1.991786499023437500e+02 1.323755035400390625e+02
2.554232854596043012e+01 1.674256896972650566e+01 1.931757965087890625e+02 1.331091613769531250e+02
1.556070775738621137e+01 2.100897979736322441e+01 1.988334350585937500e+02 1.348008270263671875e+02
2.125158757916355512e+01 1.833604431152338066e+01 2.000453033447265625e+02 1.377689514160156250e+02
1.928820104351902387e+01 1.812643432617181816e+01 1.994094543457031250e+02 1.325417480468750000e+02
2.236537236920261762e+01 2.343093872070306816e+01 1.960306854248046875e+02 1.310687255859375000e+02
1.372052831402683637e+01 2.395099639892572441e+01 1.993255004882812500e+02 1.374764862060546875e+02
1.585743016949558637e+01 1.190199661254877128e+01 1.992759399414062500e+02 1.211295394897460938e+02
1.582321233502293012e+01 2.888976669311517753e+01 1.972890167236328125e+02 1.159796829223632812e+02
1.854501409283543012e+01 2.709420394897455253e+01 1.978423614501953125e+02 1.251758499145507812e+02
1.551799077740574262e+01 2.215594482421869316e+01 1.954931488037109375e+02 1.329851684570312500e+02
2.259993047467136762e+01 2.146421813964838066e+01 1.947372894287109375e+02 1.324739685058593750e+02
1.599950475445652387e+01 2.536584472656244316e+01 1.993070373535156250e+02 1.313934326171875000e+02
1.489897222271824262e+01 2.416046142578119316e+01 2.050856170654296875e+02 1.336317138671875000e+02
1.608705205670261762e+01 2.292201232910150566e+01 1.993375091552734375e+02 1.313146057128906250e+02
1.815586156597996137e+01 2.428757476806634941e+01 1.984387207031250000e+02 1.293661346435546875e+02
1.871205205670261762e+01 2.810375595092767753e+01 2.009405364990234375e+02 1.246948318481445312e+02
8.613403985413555120e+00 3.674375152587884941e+01 2.096991729736328125e+02 1.274919281005859375e+02
1.308850927105808637e+01 3.278540420532220878e+01 2.059230957031250000e+02 1.229841232299804688e+02
5.544144341858867620e+00 3.353839874267572441e+01 2.083867034912109375e+02 1.171545257568359375e+02
4.918434808167461370e+00 3.673387145996088066e+01 2.148227539062500000e+02 1.296429748535156250e+02
2.232147881897930120e+00 3.808790588378900566e+01 2.196194000244140625e+02 1.293968200683593750e+02
0.000000000000000000e+00 4.293792724609369316e+01 2.276059882139291801e+02 1.325421752929687500e+02
1.584882387991382302e+01 2.916989135742181816e+01 2.233231964111328125e+02 1.439415283203125000e+02
2.498259433257146043e+02 2.413444519042963066e+01 1.619381713867187500e+02 1.461780090332031250e+02
2.389989093291325730e+02 2.349056243896478691e+01 1.759596710205078125e+02 1.423784332275390625e+02
2.527847064482731980e+02 3.859124755859369316e+01 1.631847076416015625e+02 1.296066284179687500e+02
2.572807849394841355e+02 5.252953720092767753e+01 1.582447967529296875e+02 1.138482131958007812e+02
2.628396457182927293e+02 5.728662109374994316e+01 1.562659301757812500e+02 1.490681152343750000e+02
2.678704379546208543e+02 7.505919647216791191e+01 1.741300659179687500e+02 1.586349029541015625e+02
2.620079196440739793e+02 2.997011184692377128e+01 1.655850219726562500e+02 1.133053817749023438e+02
2.556366351592106980e+02 7.702089691162103691e+01 1.908415679931640625e+02 1.446645050048828125e+02
2.270294574248356980e+02 6.159585571289056816e+01 2.156324615478515625e+02 1.462606201171875000e+02
2.303420032012028855e+02 6.752832031249994316e+01 2.097706146240234375e+02 1.412201538085937500e+02
2.220913241850896043e+02 5.844408416748041191e+01 2.086697387695312500e+02 1.430736846923828125e+02
2.188939212309880418e+02 4.593728637695306816e+01 2.141384582519531250e+02 1.453259277343750000e+02
2.208385470854802293e+02 6.432936859130853691e+01 2.091776733398437500e+02 1.399271392822265625e+02
2.322658694731755418e+02 4.811690521240228691e+01 1.946117858886718750e+02 1.718977813720703125e+02
1.300560992705388230e+02 2.075335693359369316e+01 2.115652008056640625e+02 1.186262817382812500e+02
1.400887530791325730e+02 1.764156723022455253e+01 2.022685089111328125e+02 1.212010574340820312e+02
1.467204516875310105e+02 9.749580383300724407e+00 1.977062835693359375e+02 1.265149993896484375e+02
1.596159060942692918e+02 1.960542678833002128e+01 1.794946594238281250e+02 1.159527816772460938e+02
1.757105182158513230e+02 3.691394042968744316e+01 1.597157745361328125e+02 1.111591186523437500e+02
1.911729205596013230e+02 4.619566726684564628e+01 1.426855010986328125e+02 1.162354354858398438e+02
2.074783557402653855e+02 7.183496475219720878e+01 1.274059295654296875e+02 1.202491989135742188e+02
2.212100261199040574e+02 9.662949371337884941e+01 1.134999008178710938e+02 1.287063446044921875e+02
2.233710635649724168e+02 1.006173324584960369e+02 1.135030212402343750e+02 1.473280487060546875e+02
2.232851832854314011e+02 7.976480102539056816e+01 1.191152114868164062e+02 1.598504333496093750e+02
1.807163547026677293e+02 1.309558868408197441e+01 1.550224914550781250e+02 1.305933074951171875e+02
1.699346698271794480e+02 2.769073486328068157e+00 1.608954315185546875e+02 1.116683349609375000e+02
1.699450915801091355e+02 1.237426757812494316e+01 1.710874786376953125e+02 1.031535034179687500e+02
1.445682834136052293e+02 1.007123947143549003e+01 1.956918640136718750e+02 9.930271148681640625e+01
8.972480807180835427e+01 5.048621749877924003e+01 1.390892944335937500e+02 9.391477203369140625e+01
2.480008204924626511e+02 3.326342391967767753e+01 1.137814712524414062e+02 1.142840347290039062e+02
2.568980868804021043e+02 3.867222213745111503e+01 1.113675537109375000e+02 1.056047134399414062e+02
2.616700557219548386e+02 4.797275924682611503e+01 1.123869400024414062e+02 9.298239898681640625e+01
2.548182300078435105e+02 3.742513275146478691e+01 1.274479522705078125e+02 9.861604309082031250e+01
2.601674693572087449e+02 3.095409393310541191e+01 1.086446762084960938e+02 1.008964385986328125e+02
2.593456386076970261e+02 2.908952331542963066e+01 1.084744644165039062e+02 9.538580322265625000e+01
2.580198710906071824e+02 2.132937622070306816e+01 1.068085556030273438e+02 1.151390686035156250e+02
2.585504458891911668e+02 2.295284271240228691e+01 1.162417907714843750e+02 1.002799530029296875e+02
2.577975314604802293e+02 1.020118331909174003e+01 1.163128356933593750e+02 1.230058364868164062e+02
2.555409472929997037e+02 1.201007461547843036e+01 1.858869781494140625e+02 1.015739059448242188e+02
2.561551516997379849e+02 2.059621429443350848e+01 1.994149169921875000e+02 1.001926422119140625e+02
2.510566256987614224e+02 1.418304061889639911e+01 1.947008361816406250e+02 9.378803253173828125e+01
2.496897052275700162e+02 2.145409011840811786e+01 2.001832122802734375e+02 9.691121673583984375e+01
2.441090396391911099e+02 1.240465164184561786e+01 2.017351074218750000e+02 9.977242279052734375e+01
2.516062930571598599e+02 2.353092956542960223e+01 1.998538208007812500e+02 9.767391967773437500e+01
2.362610476958317349e+02 2.670521163940421161e+01 2.051211547851562500e+02 8.048764801025390625e+01
2.503358081328434537e+02 1.011756515502921161e+01 1.848933258056640625e+02 1.025690689086914062e+02
2.444816668974918912e+02 2.822389602661124286e+01 2.051613616943359375e+02 8.937191009521484375e+01
2.301185153471989224e+02 2.984188079833975848e+01 2.116073303222656250e+02 8.427693176269531250e+01
2.305344470488590787e+02 2.273882293701163348e+01 2.015660552978515625e+02 9.480036926269531250e+01
2.439544299590153287e+02 1.818202590942374286e+01 1.856051788330078125e+02 9.966939544677734375e+01
2.427125400054020474e+02 1.083696746826163348e+01 1.809897766113281250e+02 9.843421936035156250e+01
2.464549411284489224e+02 2.017226028442374286e+01 1.824897766113281250e+02 9.578261566162109375e+01
2.361443561064762662e+02 1.305911254882803973e+01 2.030058441162109375e+02 8.965283203125000000e+01
2.414295657622379849e+02 2.781387710571280536e+01 2.022714233398437500e+02 8.169951629638671875e+01
2.434933627593082974e+02 1.663422775268546161e+01 1.963069763183593750e+02 1.070099258422851562e+02
2.523025897490543912e+02 1.631763839721671161e+01 1.942098846435546875e+02 1.011446304321289062e+02
2.468471759306950162e+02 2.707854080200186786e+01 1.979956512451171875e+02 1.034568710327148438e+02
2.424471515166325162e+02 3.652432632446280536e+01 1.951495819091796875e+02 1.019977340698242188e+02
2.432022937285465787e+02 1.654667663574210223e+01 1.980993194580078125e+02 9.964505004882812500e+01
2.390614627348942349e+02 1.816585540771475848e+01 1.997674560546875000e+02 1.037811431884765625e+02
2.421237872588200162e+02 2.114196014404288348e+01 1.903879852294921875e+02 1.043015289306640625e+02
2.443600085722965787e+02 1.923303604125968036e+01 1.834871368408203125e+02 1.046733932495117188e+02
2.459203952300114224e+02 2.340444946289053973e+01 1.775981750488281250e+02 1.008421630859375000e+02
2.315646975981754849e+02 1.812855148315421161e+01 1.124445190429687500e+02 1.060625991821289062e+02
2.414421084868473599e+02 5.047901153564444598e+01 1.101920166015625000e+02 8.833857727050781250e+01
2.382477382170719693e+02 4.222955703735343036e+01 1.102344436645507812e+02 1.060430831909179688e+02
2.412318042265934537e+02 7.092623138427725848e+01 2.040358428955078125e+02 9.140946960449218750e+01
2.335669482695622037e+02 9.092323303222647723e+01 2.102470245361328125e+02 1.634821777343750000e+02
2.360916141020817349e+02 9.036857604980460223e+01 2.027648925781250000e+02 1.490731811523437500e+02
2.400289386260075162e+02 8.940676116943350848e+01 1.878821258544921875e+02 1.369425506591796875e+02
2.372952960478825162e+02 9.049768447875968036e+01 2.016124725341796875e+02 1.233321151733398438e+02
2.377388995635075162e+02 9.152292633056632098e+01 1.975230560302734375e+02 1.605857086181640625e+02
2.374936221587223599e+02 9.610928344726553973e+01 2.051579589843750000e+02 1.475956726074218750e+02
2.347710116850895474e+02 9.867508697509757098e+01 2.088012390136718750e+02 1.426466827392578125e+02
2.329358523833317349e+02 9.726610565185538348e+01 2.033434448242187500e+02 1.365897674560546875e+02
2.328950808989567349e+02 9.881933593749991473e+01 2.045457153320312500e+02 1.471614685058593750e+02
2.346743472563786099e+02 9.845230865478507098e+01 1.880466308593750000e+02 1.480780181884765625e+02
2.362180942046207974e+02 9.914334106445303973e+01 1.923149108886718750e+02 1.474393005371093750e+02
2.266238101470036099e+02 9.617141723632803973e+01 2.063860473632812500e+02 1.513841247558593750e+02
2.299661105620426724e+02 9.739169311523428973e+01 1.875059509277343750e+02 1.460378723144531250e+02
2.269924548613590787e+02 9.527124023437491473e+01 2.106406402587890625e+02 1.557259216308593750e+02
2.155499042021793912e+02 8.314615631103507098e+01 2.008809661865234375e+02 1.615342559814453125e+02
2.211895144927067349e+02 7.245364379882803973e+01 2.155736694335937500e+02 1.668538513183593750e+02
2.346324847685856412e+02 8.351387023925772723e+01 1.932604827880859375e+02 1.546306152343750000e+02
2.155871203887028287e+02 8.003810119628897723e+01 2.133971710205078125e+02 1.438896484375000000e+02
1.420028460967106412e+02 3.728221893310461610e+00 1.896893768310546875e+02 1.079645462036132812e+02
1.593745120513004849e+02 1.469234085082999286e+01 1.652116699218750000e+02 1.210781784057617188e+02
2.309085391509098599e+02 7.865746307373038348e+01 2.040437622070312500e+02 1.823835296630859091e+02
2.318729327666325162e+02 8.817372894287098006e+01 2.026408538818359375e+02 1.561777191162109375e+02
2.269972003447575162e+02 7.306836700439441756e+01 2.026620330810546875e+02 1.683545074462890625e+02
2.400520328032536099e+02 7.390438842773426131e+01 1.950065307617187500e+02 1.516791687011718750e+02
2.441831210600895474e+02 8.824945068359363631e+01 2.008706970214843750e+02 1.672876892089843750e+02
2.428765643584293912e+02 8.750703430175769881e+01 1.960469207763671875e+02 1.598276977539062500e+02
2.423721011626286099e+02 1.385475158691394881e+01 1.632811279296875000e+02 1.321453247070312500e+02
2.568086551177067349e+02 1.106063232421873863e+02 1.813510131835937500e+02 1.465658874511718750e+02
2.542468875395817349e+02 5.130699157714730063e+00 1.922802124023437500e+02 1.225494232177734375e+02
2.514069674956364224e+02 6.252265930175667563e+00 1.889748229980468750e+02 1.325618438720703125e+02
4.865278658743329743e+01 1.188591003417855063e+00 2.170143432617187500e+02 1.187062225341796875e+02
8.858196291799970368e+01 4.182762145995980063e+00 1.706675262451171875e+02 1.078242645263671875e+02
9.303196749563642243e+01 1.500582885742176131e+01 1.737054443359375000e+02 1.116526184082031250e+02
9.865949282522626618e+01 0.000000000000000000e+00 1.711371612548828125e+02 1.037739753723143394e+02
1.024620364653629849e+02 1.565147972106927909e+01 1.672178649902343750e+02 9.996906280517578125e+01
1.003775332915348599e+02 0.000000000000000000e+00 1.755262756347656250e+02 1.170320568084716228e+02
9.042422518606610993e+01 1.408061885833737392e+01 1.700329895019531250e+02 1.134067687988281250e+02
6.349134096975751618e+01 8.610102653503389547e+00 1.738325042724609375e+02 1.265888290405273438e+02
8.263606295462079743e+01 1.749403953552217672e+00 1.555379943847656250e+02 1.297864227294921875e+02
7.380554232473798493e+01 1.354526424407956142e+01 1.735520019531250000e+02 1.361825561523437500e+02
8.810598025198407868e+01 2.914996147155733297e+00 1.597282867431640625e+02 1.136678237915039062e+02
8.089159426565595368e+01 1.817276287078854580e+01 1.583236236572265625e+02 1.096653518676757812e+02
8.699616274710126618e+01 8.325041770935030172e+00 1.736740570068359375e+02 1.275326080322265625e+02
8.483534273977704743e+01 1.718002223968503017e+01 1.732294616699218750e+02 1.414796905517578125e+02
9.084346041555829743e+01 1.005681896209713955e+01 1.696914367675781250e+02 1.207118759155273438e+02
9.482286105032392243e+01 6.971671104431123922e+00 1.772367248535156250e+02 1.317567443847656250e+02
9.837572512503095368e+01 3.219898128509518642e+01 1.671540069580078125e+02 1.323657226562500000e+02
1.008057712065739224e+02 6.217154502868623922e+00 1.591830139160156250e+02 1.016555480957031250e+02
1.029240420805973315e+02 1.157393550872797050e+01 1.631510009765625284e+02 9.822250366210937500e+01
1.242381595122379849e+02 1.664052867889398613e+01 1.515903930664062500e+02 9.713851165771484375e+01
1.292628711211247321e+02 1.438468837738034267e+01 1.356733245849609091e+02 9.892750549316406250e+01
1.003113940703434537e+02 8.416361808776827047e+00 1.637574920654296875e+02 1.048774642944335938e+02
3.830017886038251618e+01 2.344719219207760830e+01 1.927131500244140625e+02 9.891797637939453125e+01
5.338174471731610993e+01 1.713361263275143642e+01 1.937649230957031250e+02 1.161127624511718750e+02
1.130017123098798493e+01 1.229178524017331142e+01 2.224026794433593750e+02 1.340237121582031250e+02
1.768186220999189118e+01 2.280129146575927734e+01 2.274372711181640625e+02 1.312442016601562500e+02
0.000000000000000000e+00 1.273360252380371094e+00 2.406111606108707974e+02 1.619016265869140625e+02
2.446661393580649246e+01 2.462740993499755859e+01 2.219278106689453125e+02 1.907739715576171875e+02
1.580944291823884669e+02 0.000000000000000000e+00 1.980723266601562500e+02 1.131543798446654705e+02
1.344458925002595606e+02 7.147609233856172750e+00 1.859893951416015625e+02 1.014706115722656250e+02
1.506642305129548731e+02 1.135884428024289150e+01 1.819295501708984375e+02 1.152794647216796875e+02
1.545247270339509669e+02 2.046065092086789150e+01 1.846460571289062500e+02 1.086071624755859375e+02
2.348024675124665919e+02 7.548220396041867275e+01 1.772080688476562500e+02 1.343023376464843750e+02
2.220435487502595606e+02 6.402175474166867275e+01 1.978030548095703125e+02 1.364447937011718750e+02
2.147122956985017481e+02 5.143318510055539150e+01 1.919216766357421875e+02 1.388157196044921875e+02
2.282214891189119044e+02 7.163012266159054775e+01 1.857384338378906250e+02 1.448286437988281250e+02
1.450580598586579981e+02 1.867898511886593838e+01 1.938170013427734375e+02 1.019327316284179688e+02
1.544082795852204981e+02 1.203155851364132900e+01 1.714905853271484375e+02 1.172362518310546875e+02
1.625216829055329981e+02 1.285273313522336025e+01 1.631030120849609375e+02 1.227369079589843750e+02
1.615328447097322169e+02 7.764567852020235250e+00 1.692327880859375000e+02 1.402566223144531250e+02
1.743197938674470606e+02 1.373612546920773525e+01 1.642185211181640625e+02 1.392829284667968750e+02
1.622344896071931544e+02 4.147578716278047750e+00 1.790508117675781250e+02 1.284811401367187500e+02
2.376504899734040919e+02 7.160525083541867275e+01 1.790126342773437500e+02 1.293954467773437500e+02
2.255615541213533106e+02 6.309966230392453213e+01 1.918960723876953125e+02 1.202062454223632812e+02
1.469931260818025294e+02 1.078574657440157125e+00 2.110770568847656250e+02 1.200556716918945312e+02
1.310850831740876856e+02 8.364390850067138672e+00 2.037939605712890625e+02 1.139258117675781250e+02
1.449730149978181544e+02 1.397917127609252930e+01 2.113959045410156250e+02 1.195580673217773438e+02
2.095285646194001856e+02 6.775720548629760742e+01 1.843695831298828125e+02 1.442123870849609375e+02
1.250506211989900294e+02 5.121055126190185547e+00 2.224250793457031250e+02 1.100635757446289062e+02
1.107619706862947169e+02 2.248559904098510742e+01 2.719141845703125000e+02 9.789039611816406250e+01
2.079845124953767481e+02 6.863378477096557617e+01 1.900296478271484375e+02 1.298999938964843750e+02
2.159642488235017481e+02 3.923092222213745117e+01 1.771398773193359375e+02 1.486887512207031250e+02
2.030705339187165919e+02 3.568271970748901367e+01 1.944896240234375000e+02 1.344429321289062500e+02
1.374561692946931544e+02 9.862197399139404297e+00 2.099718933105468750e+02 1.158192672729492188e+02
1.504139177077790919e+02 1.062097501754760742e+01 2.006406860351562500e+02 1.188533477783203125e+02
1.427508699172517481e+02 1.522322034835815430e+01 2.182900848388671875e+02 1.060676803588867188e+02
1.569123079055329981e+02 1.785572385787963867e+01 1.943342132568359375e+02 1.121062011718750000e+02
1.502324373000642481e+02 1.349217557907104492e+01 1.704385833740234375e+02 1.290988006591796875e+02
2.218450624221345606e+02 8.128479337692260742e+01 1.728394317626953125e+02 1.401175689697265625e+02
2.046666337722322169e+02 5.286079740524291992e+01 1.961530151367187500e+02 1.716296234130859375e+02
2.188605577224275294e+02 4.026263761520385742e+01 2.174845275878906250e+02 1.741601104736328125e+02
2.019238740676423731e+02 1.164822721481323242e+01 2.011503753662109375e+02 1.951148223876953125e+02
2.307390367263337794e+02 4.230964994430541992e+01 2.013435974121093750e+02 1.891132659912109375e+02
2.349136277907869044e+02 4.263883543014526367e+01 1.942509460449218750e+02 1.818870849609375000e+02
1.166235353225251856e+02 0.000000000000000000e+00 2.482008209228515625e+02 9.861067914962768555e+01
2.501341325515290919e+02 2.144930624961853027e+01 1.683632812500000000e+02 1.303456726074218750e+02
2.407008516067048731e+02 1.170151114463806152e+01 1.965388031005859375e+02 1.306848297119140625e+02
2.382172776931306544e+02 2.434139013290405273e+00 2.016009216308593750e+02 1.320585021972656250e+02
2.235146867507478419e+02 5.773708105087280273e+00 2.101594848632812500e+02 1.207525939941406250e+02
7.487094895777909187e+01 6.798976659774780273e+00 1.656623840332031250e+02 1.296842346191406250e+02
8.294551103053299812e+01 3.610992193222045898e+00 1.669471588134765625e+02 1.219207382202148438e+02
7.313752000270096687e+01 1.800733160972595215e+01 1.808261413574218750e+02 1.257775344848632812e+02
8.143049638209549812e+01 1.067826437950134277e+01 1.564954376220703125e+02 1.211187744140625000e+02
8.109480302272049812e+01 1.340299582481384277e+01 1.633585357666015625e+02 1.335809936523437500e+02
8.689720933375565437e+01 9.302612066268920898e+00 1.481736450195312500e+02 9.766732025146484375e+01
4.749378983912674812e+01 3.342728018760681152e+01 1.825587310791015625e+02 1.136290435791015625e+02
9.689344041285721687e+01 1.790463232994079590e+01 1.520516662597656250e+02 1.006700057983398438e+02
9.214311997828690437e+01 1.060229468345642090e+01 1.437023620605468750e+02 1.113605575561523438e+02
8.689429490504471687e+01 1.893029761314392090e+01 1.468536376953125000e+02 1.085075912475585938e+02
8.087564103541581062e+01 1.796070837974548340e+01 1.447088470458984375e+02 1.199093551635742188e+02
8.859787003932206062e+01 7.078243017196655273e+00 1.452076873779296875e+02 9.463983154296875000e+01
8.976789109645096687e+01 1.493011069297790527e+01 1.452199707031250000e+02 1.077539062500000000e+02
8.631622331080640720e+01 1.542409110069272060e+01 1.435512542724609375e+02 1.180846099853515625e+02
8.999401872096265720e+01 1.617422080039975185e+01 1.448958587646484375e+02 1.100101928710937500e+02
8.884416978297434753e+01 2.022412085533136406e+01 1.425557861328125000e+02 1.131399459838867188e+02
9.080471055445872253e+01 1.046396994590753593e+01 1.434155883789062500e+02 9.880953979492187500e+01
8.150929276881419128e+01 1.399488425254816093e+01 1.581478424072265625e+02 1.223355712890625000e+02
8.724715440211497253e+01 1.117275595664972343e+01 1.555187988281250000e+02 9.390786743164062500e+01
5.515388505397044128e+01 2.185223364830011406e+01 1.755507659912109375e+02 1.152784042358398438e+02
7.900824754176341003e+01 1.324226355552667656e+01 1.552396850585937500e+02 1.193549728393554688e+02
8.575669877467356628e+01 1.104445242881769218e+01 1.479550018310546875e+02 1.155164642333984375e+02
7.593176286158762878e+01 1.426575064659112968e+01 1.567357330322265625e+02 1.260180816650390625e+02
8.482691209254466003e+01 1.134160971641534843e+01 1.513317871093750000e+02 9.322079467773437500e+01
5.333376328883372253e+01 2.856291937828058281e+01 1.726749572753906250e+02 1.129620132446289062e+02
6.274878709254466003e+01 1.717387747764581718e+01 1.603102416992187500e+02 1.249805145263671875e+02
9.360297410426341003e+01 0.000000000000000000e+00 1.646735229492187500e+02 1.173742520809173016e+02
9.045244615016184753e+01 1.169981372356411953e+01 1.677482604980468750e+02 1.230939483642578125e+02
9.131668107447825378e+01 0.000000000000000000e+00 1.702252960205078125e+02 1.342906874418258383e+02
9.548154466090403503e+01 4.473422944545745850e+00 1.588399658203125000e+02 1.409591979980468750e+02
9.015737168727122253e+01 1.862316071987152100e+00 1.841116638183593750e+02 1.434164581298828125e+02
2.518157884353180975e+02 2.731830537319183350e+00 2.057124328613281250e+02 1.281038208007812500e+02
2.487737123244782538e+02 1.595901101827621460e+01 1.985581207275390625e+02 1.302388153076171875e+02
2.382910234206696600e+02 2.821836465597152710e+01 2.123574218750000000e+02 1.693653717041015625e+02
2.303214723342438788e+02 4.144697183370590210e+01 2.139116973876953125e+02 1.760424346923828125e+02
2.468662950271149725e+02 3.732345956563949585e+01 1.990857238769531250e+02 1.760329895019531250e+02
2.432494661086579413e+02 2.730942910909652710e+01 2.087491302490234375e+02 1.884658355712890625e+02
2.217333451980134100e+02 2.898894113302230835e+01 2.366639404296875000e+02 1.802028198242187500e+02
2.395503999465485663e+02 7.070923990011215210e+01 2.209234466552734375e+02 1.844598541259765625e+02
2.305563356154938788e+02 5.686824411153793335e+01 2.095680694580078125e+02 1.782945556640625000e+02
2.475795976394196600e+02 5.033301156759262085e+01 1.821504516601562500e+02 1.555906066894531250e+02
1.282677232497712225e+02 0.000000000000000000e+00 1.711909484863281250e+02 1.140816993117332458e+02
1.442115403884430975e+02 1.864258763194084167e+01 1.542074279785156250e+02 1.480559234619140625e+02
1.403342134231110663e+02 1.373491257429122925e+00 1.472549896240234375e+02 1.420133056640625000e+02
1.415599748366852850e+02 4.941476792097091675e+00 1.508718872070312500e+02 1.475923004150390625e+02
1.994782678359528632e+02 9.242525070905685425e+00 1.134654159545898438e+02 1.536954650878906250e+02
2.063246843093415350e+02 1.655239292979240417e+01 1.004013671875000000e+02 1.525117034912109375e+02
2.596118623488923163e+02 3.900343510508537292e+01 1.527181243896484375e+02 1.056365966796875000e+02
2.533851396316071032e+02 3.777598378062245388e+01 1.688392333984375000e+02 1.094897842407226562e+02
2.487348329299469469e+02 4.573201939463612575e+01 1.912359161376953125e+02 1.302462310791015625e+02
2.260055543654938219e+02 3.985672184824940700e+01 1.958824615478515625e+02 1.647653808593750000e+02
1.488250352614899157e+02 3.547792404890032003e+00 1.492045593261718750e+02 1.384229736328125000e+02
1.156757890456696032e+02 1.358682602643938253e+00 1.724675903320312500e+02 1.368767547607421875e+02
1.331561357253571032e+02 8.032937973737688253e+00 1.587019042968750000e+02 1.307942352294921875e+02
1.197719423049469469e+02 1.242770850658132531e-01 1.607556915283203125e+02 1.342504119873046875e+02
1.322411119216461657e+02 4.756639450788469503e+00 1.519841613769531250e+02 1.428548889160156250e+02
2.243100969069977282e+02 4.976591679453846950e+01 2.020541992187500000e+02 1.592597961425781250e+02
2.365126191848297594e+02 3.520593449473378200e+01 1.851069793701171875e+02 1.440968627929687500e+02
2.355083925002594469e+02 4.876729008555409450e+01 1.871083526611328125e+02 1.578360290527343750e+02
2.376190873855133532e+02 3.962227818369862575e+01 1.897049560546875000e+02 1.889990997314453125e+02
2.414241868728180407e+02 4.217238041758534450e+01 1.788325500488281250e+02 1.639983215332031250e+02
2.268379670852203844e+02 4.207819554209706325e+01 2.008024139404296875e+02 1.769433441162109375e+02
2.320712892287750719e+02 4.346085545420643825e+01 1.995779571533203125e+02 1.863774261474609375e+02
2.368456193679352282e+02 3.731131932139393825e+01 1.902828369140625000e+02 1.672734222412109375e+02
2.315949022048492907e+02 4.951765629649159450e+01 2.004928283691406250e+02 1.915865173339843750e+02
2.233807603591461088e+02 4.466395756602278766e+01 1.922546691894531250e+02 1.822122497558593750e+02
2.099388505691070463e+02 5.835249516367903766e+01 2.004785156250000000e+02 1.871655578613281250e+02
2.027510682815093901e+02 3.267833134531966266e+01 2.257447052001953125e+02 1.949689636230468750e+02
2.058657991164703844e+02 2.691893193125724792e+01 2.222413787841796875e+02 1.873253479003906250e+02
2.168636338648985884e+01 7.575475662946644206e+00 2.095739135742187500e+02 1.179627609252929688e+02
6.618438886978140090e+00 2.224449345469469108e+01 2.155654144287109375e+02 1.137807922363281250e+02
1.748165910182189009e+01 5.196161240339222331e+00 2.107192840576171875e+02 1.330977935791015625e+02
1.661338059840392134e+01 1.598309513926500358e+01 2.263400573730468750e+02 1.251148071289062500e+02
1.171919267115782759e+01 1.123335453867906608e+01 2.201016387939453125e+02 1.237942810058593750e+02
1.820505540309142134e+01 8.598093003034534831e+00 2.306949768066406250e+02 1.183959197998046875e+02
2.642169969020079634e+01 5.963163346052112956e+00 2.247605895996093750e+02 1.247047805786132812e+02
2.720047776637267134e+01 5.554830521345081706e+00 2.243694763183593750e+02 1.221816024780273438e+02
2.029373185572814009e+01 9.120988816022816081e+00 2.303602142333984375e+02 1.216465759277343750e+02
1.679222886500548384e+01 1.718912094831409831e+00 2.460573120117187500e+02 1.204338226318359375e+02
1.263155381617735884e+01 1.307884785532945671e+01 2.252852783203125000e+02 1.027607650756835938e+02
1.995393388209532759e+01 1.817230412364000358e+01 2.194763946533203125e+02 1.056010742187500000e+02
1.296959702906798384e+01 2.116697499155992546e+01 2.197637329101562500e+02 1.123343276977539062e+02
1.555348985133360884e+01 1.413968083262437858e+01 2.078461914062500000e+02 1.443842773437500000e+02
1.751567094264220259e+01 7.632045447825817064e-01 2.224412384033203125e+02 1.165784530639648438e+02
2.138790147242735884e+01 1.187574574351305046e+01 2.165627441406250000e+02 1.161156387329101562e+02
4.473526167251577590e+00 1.329764744639390983e+01 2.323073272705078125e+02 1.212980194091796875e+02
1.625183122096251509e+01 1.609407231211656608e+01 2.142372894287109375e+02 1.220253601074218750e+02
1.314195268092345259e+01 1.145881077647203483e+01 2.155070343017578125e+02 1.427981414794921875e+02
2.494310014186095259e+01 1.409142872691148796e+01 2.092563018798828125e+02 1.203185501098632812e+02
1.375323502955626509e+01 1.330117604136461296e+01 2.155161590576171875e+02 1.259325637817382812e+02
3.288567368922423384e+01 8.952573746442737956e+00 2.009127807617187500e+02 1.239044265747070312e+02
2.492314927516173384e+01 6.823652237653675456e+00 2.127125244140625000e+02 1.218412246704101562e+02
2.645638291773985884e+01 1.201395985484117546e+01 2.077203979492187500e+02 1.196434707641601562e+02
2.928598039088439009e+01 1.199249073863023796e+01 2.012715911865234375e+02 1.276847610473632812e+02
2.821713273463439009e+01 9.047121018171253581e+00 1.984485931396484375e+02 1.302839355468750000e+02
1.747218339381407759e+01 1.172590062022203483e+01 2.084278717041015625e+02 1.401935272216796875e+02
4.270134751734923384e+01 1.465409275889390983e+01 1.849875488281250000e+02 1.250133514404296875e+02
6.677602403102110884e+01 6.081048935651722331e+00 1.684294433593750000e+02 9.954426574707031250e+01
7.451933305201720259e+01 1.221077916026109733e+01 1.503967437744140625e+02 1.018904571533203125e+02
7.599488084254454634e+01 1.401833912730211296e+01 1.612129211425781250e+02 9.853574371337890625e+01
8.069802110133360884e+01 1.341422078013414421e+01 1.524824218750000000e+02 9.007228851318359375e+01
7.644213883815001509e+01 9.504571884870472331e+00 1.473972320556640625e+02 1.160986175537109375e+02
7.281926743922423384e+01 8.935285538434925456e+00 1.554093322753906250e+02 1.160014724731445312e+02
7.406371324000548384e+01 1.173953053355211296e+01 1.544568786621093750e+02 1.169005508422851562e+02
7.597763078150939009e+01 9.406057327985706706e+00 1.503547515869140625e+02 1.232260055541992188e+02
7.892075364527892134e+01 9.400316208600941081e+00 1.510359497070312500e+02 1.205589599609375000e+02
8.019155137477110884e+01 1.584388920664781608e+01 1.507334289550781250e+02 1.044670410156250000e+02
8.422058885035704634e+01 1.279010197520250358e+01 1.444637145996093750e+02 1.009649658203125000e+02
8.219015519557189009e+01 2.125475880503648796e+01 1.444284210205078125e+02 8.999628448486328125e+01
8.931759660182189009e+01 1.294061467051500358e+01 1.494013824462890625e+02 9.902328491210937500e+01
9.441970078883360884e+01 1.085849949717515983e+01 1.310623168945312500e+02 9.744941711425781250e+01
9.014649217066954634e+01 4.128362625837269206e+00 1.330242004394531250e+02 1.150109176635742188e+02
9.226905839381407759e+01 1.558547398447984733e+01 1.408494720458984375e+02 8.242863464355468750e+01
8.835691850123595259e+01 7.812265366315784831e+00 1.334503631591796875e+02 9.788795471191406250e+01
8.343582932887267134e+01 1.800591084361070671e+01 1.533949584960937500e+02 8.898683929443359375e+01
9.381886308131410601e+01 7.956048935651750753e+00 1.315087738037109375e+02 1.055294036865234375e+02
8.528285996852113726e+01 9.340280503034563253e+00 1.405136413574218750e+02 1.030811614990234375e+02
8.629423539576723101e+01 9.921709030866594503e+00 1.432252960205078125e+02 8.839147949218750000e+01
8.627606980738832476e+01 1.792006871104237575e+01 1.381755065917968750e+02 9.815327453613281250e+01
8.801793687281801226e+01 1.466668125987050075e+01 1.436852416992187500e+02 9.490675354003906250e+01
8.244023911891179068e+01 1.344230458140373230e+01 1.382979736328125000e+02 9.853766632080078125e+01
8.128609483180241568e+01 1.614062306284904480e+01 1.534676513671875000e+02 8.433884429931640625e+01
8.854920594630436881e+01 1.237945362925529480e+01 1.264986495971679688e+02 1.228701553344726562e+02
7.202947251734926226e+01 4.674055069684953878e+00 1.406416015625000000e+02 1.024520339965820312e+02
3.659003465113832476e+01 2.100168034434315700e+01 1.709315795898437500e+02 9.625512695312500000e+01
2.474429337916566851e+01 2.088944432139393825e+01 1.817610931396484375e+02 1.058248748779296875e+02
2.482608811793519976e+01 1.848962971568104763e+01 1.746473693847656250e+02 1.160462570190429688e+02
8.282226728775043512e+00 1.010721012949940700e+01 1.902555389404296875e+02 1.117777709960937500e+02
6.046005415298481012e+00 1.380521962046620388e+01 1.901571197509765625e+02 9.656388092041015625e+01
0.000000000000000000e+00 1.450420948863026638e+01 1.943863450759430123e+02 9.538941192626953125e+01
