3.800000000000000000e+01 2.500000000000000000e+01 3.600000000000000000e+01 6.800000000000000000e+01
3.737525939941407671e+01 2.753097152709962359e+01 3.731884765625000000e+01 6.462848663330078125e+01
3.703018188476562500e+01 2.818757629394531250e+01 3.729663085937500000e+01 6.498284912109375000e+01
3.764535903930662641e+01 2.864525604248045454e+01 3.751076507568359375e+01 6.438586425781250000e+01
3.726918601989743252e+01 2.966646957397458095e+01 3.683351516723632812e+01 6.454874420166015625e+01
3.630485534667964487e+01 3.067283248901362924e+01 3.731932067871093750e+01 6.413912200927734375e+01
3.644628715515131034e+01 3.149465942382806816e+01 3.690564346313476562e+01 6.377708435058593750e+01
3.631056213378900566e+01 3.242754554748529472e+01 3.724136352539062500e+01 6.309957504272460938e+01
3.548049163818353691e+01 3.336477661132806816e+01 3.738116455078125000e+01 6.314878845214843750e+01
3.544053268432611503e+01 3.407899093627924003e+01 3.635634613037109375e+01 6.183325958251953125e+01
3.477150344848627128e+01 3.391684341430658378e+01 3.541747283935546875e+01 6.188201141357421875e+01
3.522222900390619316e+01 3.362841415405267753e+01 3.432931518554687500e+01 6.205576324462890625e+01
3.476052665710443534e+01 3.412548446655267753e+01 3.434787368774414062e+01 6.174401092529296875e+01
3.625942611694330253e+01 3.422402191162103691e+01 3.493021392822265625e+01 6.248320007324218750e+01
3.558563041687006034e+01 3.411014366149896659e+01 3.552684402465820312e+01 6.261951065063476562e+01
3.491646385192865409e+01 3.416446685791009941e+01 3.575632095336914062e+01 6.291981506347656250e+01
3.454057693481439628e+01 3.400051879882806816e+01 3.590586090087890625e+01 6.294602966308593750e+01
3.468298339843744316e+01 3.491057395935052909e+01 3.521936035156250000e+01 6.234517288208007812e+01
3.413515853881830253e+01 3.541256523132318534e+01 3.572325897216796875e+01 6.194766616821289062e+01
3.388448143005365409e+01 3.565563011169427909e+01 3.612958145141601562e+01 6.184671401977539062e+01
3.353532409667963066e+01 3.532712364196771659e+01 3.631420898437500000e+01 6.207381057739257812e+01
3.374513816833490409e+01 3.570407104492181816e+01 3.630432510375976562e+01 6.225782775878906250e+01
3.551258468627924003e+01 3.567327690124506034e+01 3.643531036376953125e+01 6.186537551879882812e+01
3.538760375976556816e+01 3.437727928161615409e+01 3.576325988769531250e+01 6.232680130004882812e+01
3.619048118591302909e+01 3.498992919921869316e+01 3.567921829223632812e+01 6.237344360351562500e+01
3.584255218505853691e+01 3.471273612976068534e+01 3.548143005371093750e+01 6.281155776977539062e+01
3.670652580261224784e+01 3.533130073547357597e+01 3.548065567016601562e+01 6.240424728393554688e+01
3.678297996520990409e+01 3.563255119323724784e+01 3.505563735961914062e+01 6.263393020629882812e+01
3.741984558105463066e+01 3.609090042114252128e+01 3.547186279296875000e+01 6.206270599365234375e+01
3.797350883483881034e+01 3.560939025878900566e+01 3.506482315063476562e+01 6.239236450195312500e+01
3.790772438049310722e+01 3.537687492370599784e+01 3.488164901733398438e+01 6.216450881958007812e+01
3.854356956481927909e+01 3.517313575744623222e+01 3.503679275512695312e+01 6.243868637084960938e+01
3.890879821777338066e+01 3.560586929321283378e+01 3.584851074218750000e+01 6.242549896240234375e+01
3.964098358154291191e+01 3.529729652404779472e+01 3.497956848144531250e+01 6.185293197631835938e+01
3.968823051452631034e+01 3.569825935363763847e+01 3.505046463012695312e+01 6.233362960815429688e+01
4.018686103820795097e+01 3.622894096374506034e+01 3.542550277709960938e+01 6.233330154418945312e+01
4.085691833496088066e+01 3.628481674194330253e+01 3.566395568847656250e+01 6.197832489013671875e+01
4.124339485168451347e+01 3.541010665893549003e+01 3.646429061889648438e+01 6.185063934326171875e+01
4.216595077514642753e+01 3.572578430175775566e+01 3.658013153076171875e+01 6.285243225097656250e+01
4.280431556701654472e+01 3.566615676879877128e+01 3.682378768920898438e+01 6.247373199462890625e+01
4.326051902770990409e+01 3.566730499267572441e+01 3.708777236938476562e+01 6.281443786621093750e+01
4.379575157165521659e+01 3.577261352539056816e+01 3.670425796508789062e+01 6.343275451660156250e+01
4.429040145874017753e+01 3.652662467956537284e+01 3.743390655517578125e+01 6.287474441528320312e+01
4.469188880920404472e+01 3.654132461547845878e+01 3.722385787963867188e+01 6.287439727783203125e+01
4.557535934448236503e+01 3.584699630737299003e+01 3.708853912353515625e+01 6.304349517822265625e+01
4.618754005432123222e+01 3.691023254394525566e+01 3.721558761596679688e+01 6.257136535644531250e+01
4.698912048339838066e+01 3.644929313659662284e+01 3.640640258789062500e+01 6.306911087036132812e+01
4.794845199584955253e+01 3.637449645996088066e+01 3.638831329345703125e+01 6.281619262695312500e+01
4.880932044982904472e+01 3.631447219848627128e+01 3.634002304077148438e+01 6.318993377685546875e+01
4.939757347106927909e+01 3.684791564941400566e+01 3.669116592407226562e+01 6.300683593750000000e+01
5.069132423400873222e+01 3.683780288696283378e+01 3.623751449584960938e+01 6.331635284423828125e+01
5.129971694946283378e+01 3.856158828735345878e+01 3.682874298095703125e+01 6.275540924072265625e+01
5.203789520263666191e+01 3.881650733947748222e+01 3.640283203125000000e+01 6.207091903686523438e+01
5.265909957885736503e+01 3.864636421203607597e+01 3.684491729736328125e+01 6.243400192260742188e+01
5.390441131591791191e+01 3.784104919433588066e+01 3.718247985839843750e+01 6.310214233398437500e+01
5.541244125366205253e+01 3.859650611877435722e+01 3.669094085693359375e+01 6.307653427124023438e+01
5.619110870361322441e+01 3.762189483642572441e+01 3.602633666992187500e+01 6.358930969238281250e+01
5.609402847290033378e+01 3.920900726318353691e+01 3.668735504150390625e+01 6.293013000488281250e+01
5.622368621826166191e+01 3.871492195129388847e+01 3.621154785156250000e+01 6.316080856323242188e+01
5.700775909423822441e+01 3.930076217651361503e+01 3.641799926757812500e+01 6.336457061767578125e+01
5.688514328002924003e+01 4.052191352844232597e+01 3.635288238525390625e+01 6.203722763061523438e+01
5.778813362121576347e+01 3.920718002319330253e+01 3.538129806518554688e+01 6.306031036376953125e+01
5.863100624084466972e+01 3.901305389404291191e+01 3.571348190307617188e+01 6.427809143066406250e+01
6.032551193237299003e+01 3.895032501220697441e+01 3.627693939208984375e+01 6.489720153808593750e+01
6.070708465576166191e+01 3.906732940673822441e+01 3.683517456054687500e+01 6.427482604980468750e+01
6.136385917663568534e+01 3.888119888305658378e+01 3.725316238403320312e+01 6.481958770751953125e+01
6.312819862365715551e+01 3.871902847290031957e+01 3.801711654663085938e+01 6.536209869384765625e+01
6.298751258850090551e+01 3.991530227661125707e+01 3.905923080444335938e+01 6.482590484619140625e+01
6.338685798645012426e+01 3.977256393432610082e+01 3.854555892944335938e+01 6.584030914306640625e+01
6.454654312133781957e+01 3.959479522705071020e+01 3.802664947509765625e+01 6.559141540527343750e+01
6.497523498535149145e+01 4.061635589599602270e+01 3.800007629394531250e+01 6.515950012207031250e+01
6.632333755493156957e+01 3.992504882812492895e+01 3.757247161865234375e+01 6.576416015625000000e+01
6.668192291259758520e+01 4.091436386108391332e+01 3.711216735839843750e+01 6.457126617431640625e+01
6.804127883911124286e+01 3.962541961669913348e+01 3.763883209228515625e+01 6.597492980957031250e+01
6.848757362365714130e+01 3.906723022460928973e+01 3.761933517456054688e+01 6.606623840332031250e+01
6.952105140686026630e+01 3.987166976928702411e+01 3.739500045776367188e+01 6.599430084228515625e+01
6.958069992065421161e+01 4.004536056518546161e+01 3.747914886474609375e+01 6.580614471435546875e+01
7.012135887145987567e+01 4.022426605224600848e+01 3.821477127075195312e+01 6.570852661132812500e+01
7.018210601806632098e+01 3.958857345581046161e+01 3.984655761718750000e+01 6.541371917724609375e+01
7.047841262817374286e+01 3.969485092163077411e+01 4.001212310791015625e+01 6.573424530029296875e+01
7.123252296447743959e+01 3.926182174682607240e+01 4.101771163940429688e+01 6.592108917236328125e+01
7.188681411743154115e+01 4.027253723144521302e+01 4.032741546630859375e+01 6.640057373046875000e+01
7.232398033142079896e+01 3.933712005615224427e+01 4.114178848266601562e+01 6.737043762207031250e+01
7.375452232360831317e+01 3.923316192626944598e+01 4.175539016723632812e+01 6.699383544921875000e+01
7.448109626770011005e+01 3.967591094970694598e+01 4.171783065795898438e+01 6.608647155761718750e+01
7.555876731872551488e+01 4.028350448608391332e+01 4.149672317504882812e+01 6.536914825439453125e+01
7.638584709167473363e+01 4.045721817016594457e+01 4.182559585571289062e+01 6.609412384033203125e+01
7.702528762817377128e+01 3.965657806396478691e+01 4.241196441650390625e+01 6.669491577148437500e+01
7.911807823181146659e+01 3.888180160522455253e+01 4.071097183227539062e+01 6.689667510986328125e+01
8.089507675170892753e+01 3.983386611938470878e+01 4.056871795654296875e+01 6.487577056884765625e+01
8.292060661315910863e+01 4.048871231079094457e+01 3.932371902465820312e+01 6.365003204345703125e+01
8.544989395141594457e+01 3.942971420288078832e+01 3.817177581787109375e+01 6.445253753662109375e+01
8.678970527648918676e+01 4.014811706542961645e+01 3.725806808471679688e+01 6.504103088378906250e+01
8.745992660522452411e+01 3.948423004150382098e+01 3.769382476806640625e+01 6.631742858886718750e+01
8.965080451965323505e+01 3.877729797363272723e+01 3.683129501342773438e+01 6.584931945800781250e+01
8.963965606689443177e+01 3.894417572021474427e+01 3.744142150878906250e+01 6.642904663085937500e+01
9.123874664306630677e+01 3.853084945678700990e+01 3.822624206542967329e+01 6.667180633544921875e+01
9.162657546997058944e+01 3.886034393310536927e+01 3.851996612548828125e+01 6.468193054199218750e+01
9.154537963867176131e+01 3.939126968383779115e+01 3.949964904785156250e+01 6.464153289794921875e+01
9.308031082153308944e+01 3.915680313110341615e+01 3.823644256591796875e+01 6.450006866455078125e+01
9.468331336975086288e+01 3.815607833862294740e+01 3.728898239135742188e+01 6.552007293701171875e+01
9.624878311157216615e+01 3.798967361450186786e+01 3.826558685302732954e+01 6.533684539794921875e+01
9.727997207641590194e+01 3.851797866821280536e+01 3.826036834716796875e+01 6.596968841552734375e+01
9.840821838378894881e+01 3.773559570312491473e+01 3.832556152343750000e+01 6.717587280273437500e+01
1.007444400787352379e+02 3.789224624633780536e+01 3.719958114624023438e+01 6.648905181884765625e+01
1.021744060516356285e+02 3.742468261718741473e+01 3.712627029418945312e+01 6.742631530761718750e+01
1.039885807037352379e+02 3.716781234741202411e+01 3.699032211303710938e+01 6.631781768798828125e+01
1.049552879333494957e+02 3.721242141723624286e+01 3.758170318603515625e+01 6.552730560302734375e+01
1.059500980377196129e+02 3.684993743896475848e+01 3.782334518432617188e+01 6.613780212402343750e+01
1.077036190032957848e+02 3.639580154418936786e+01 3.756352615356445312e+01 6.516338348388671875e+01
1.092255554199217755e+02 3.608293151855461645e+01 3.748799133300779829e+01 6.504826354980468750e+01
1.100777454376219566e+02 3.471765136718744316e+01 3.744762802124023438e+01 6.434414672851562500e+01
1.109805889129637535e+02 3.453850936889641332e+01 3.720146560668945312e+01 6.434055328369140625e+01
1.115088386535643394e+02 3.366358757019034442e+01 3.726082611083984375e+01 6.354536819458007812e+01
1.124424743652342613e+02 3.219247055053702411e+01 3.701887512207031250e+01 6.505321502685546875e+01
1.134389705657957848e+02 3.187912750244130677e+01 3.730157852172851562e+01 6.518515014648437500e+01
1.148061294555662926e+02 3.136197280883780536e+01 3.638294982910156250e+01 6.528690338134765625e+01
1.163595466613768394e+02 3.033636093139639911e+01 3.568665313720703125e+01 6.485364532470703125e+01
1.154620037078856285e+02 3.060937499999991473e+01 3.724402236938476562e+01 6.559971618652343750e+01
1.159337539672850426e+02 3.215006256103508520e+01 3.695928955078125000e+01 6.410229492187500000e+01
1.167058849334715660e+02 3.129211807250969457e+01 3.587405776977539062e+01 6.459162139892578125e+01
1.164132423400877769e+02 3.170272827148430395e+01 3.620301055908203125e+01 6.472210693359375000e+01
1.157393760681151207e+02 3.151627731323235082e+01 3.600327301025390625e+01 6.514949798583984375e+01
1.161154479980467613e+02 3.199553680419914770e+01 3.588380432128906250e+01 6.289862060546875000e+01
1.163324451446532066e+02 3.197363281249992895e+01 3.483915328979492188e+01 6.318070983886718750e+01
1.168490123748778160e+02 3.136377143859856176e+01 3.398744583129882812e+01 6.296570968627929688e+01
1.160998306274412926e+02 3.289134788513177909e+01 3.440644836425781250e+01 6.150244522094726562e+01
1.161482582092284019e+02 3.423892021179193534e+01 3.419863128662109375e+01 6.088884353637695312e+01
1.159108486175535973e+02 3.426749610900873222e+01 3.481154251098632812e+01 6.065632247924804688e+01
1.182222061157225426e+02 3.411319541931146659e+01 3.398924255371093750e+01 5.941373062133789062e+01
1.172189769744871910e+02 3.434642601013177909e+01 3.617126846313476562e+01 6.011938858032226562e+01
1.180249252319334801e+02 3.417633247375482597e+01 3.584941101074218750e+01 6.098586654663085938e+01
1.189461498260496910e+02 3.392371177673334159e+01 3.654970169067382812e+01 6.050024795532226562e+01
1.201589927673338707e+02 3.341619873046869316e+01 3.647127532958984375e+01 6.053775024414062500e+01
1.222837467193602379e+02 3.278381538391107597e+01 3.676412582397460938e+01 6.046850204467773438e+01
1.226957721710203941e+02 3.217247772216791191e+01 3.760532760620117188e+01 6.081245422363281250e+01
1.242864265441893394e+02 3.223219108581537284e+01 3.714707183837890625e+01 6.016075515747070312e+01
1.253857803344725426e+02 3.243337059020990409e+01 3.619662475585937500e+01 6.060971450805664062e+01
1.263792915344237144e+02 3.125525665283197441e+01 3.709522247314453125e+01 6.080831909179687500e+01
1.276261730194090660e+02 3.110240554809564628e+01 3.679227066040039062e+01 6.066303253173828125e+01
1.285734157562254723e+02 3.170578193664545097e+01 3.677904129028320312e+01 5.960937118530273438e+01
1.292374343872069176e+02 3.100933837890619316e+01 3.713240051269531250e+01 5.946319580078125000e+01
1.307551498413084801e+02 3.297818565368646659e+01 3.615193176269531250e+01 5.775070571899414062e+01
1.317605972290037926e+02 3.331785202026361503e+01 3.588363647460937500e+01 5.899410247802734375e+01
1.319872989654539879e+02 3.274108505249017753e+01 3.623290634155273438e+01 5.938651275634765625e+01
1.328884773254393394e+02 3.445657157897944955e+01 3.579090118408203125e+01 5.772339248657226562e+01
1.332824172973631676e+02 3.300097274780269174e+01 3.599275207519531250e+01 5.940056610107421875e+01
1.339135608673094566e+02 3.557983016967769174e+01 3.590276718139648438e+01 5.691355133056640625e+01
1.355812263488768394e+02 3.340439605712886362e+01 3.564937591552734375e+01 5.917227172851562500e+01
1.377127017974852379e+02 3.448974800109859018e+01 3.437873458862304688e+01 5.823075485229492188e+01
1.388073921203612144e+02 3.459647369384761362e+01 3.414321136474609375e+01 5.865055847167968750e+01
1.399400939941405113e+02 3.660312271118159799e+01 3.475816345214843750e+01 5.758501434326171875e+01
1.402236480712889488e+02 3.704401969909663705e+01 3.449108886718750000e+01 5.793050003051757812e+01
1.410114555358885582e+02 3.743029594421382455e+01 3.401972198486328125e+01 5.837831497192382812e+01
1.411983814239500816e+02 3.884731864929194955e+01 3.407250595092773438e+01 5.944910049438476562e+01
1.413359451293944176e+02 3.883931350708003549e+01 3.459371948242187500e+01 6.019100189208984375e+01
1.423640861511229332e+02 4.107109260559077768e+01 3.462262725830078125e+01 5.961794662475585938e+01
1.420221309661864098e+02 4.016162872314448862e+01 3.560373306274414062e+01 6.080444335937500000e+01
1.439453086853026207e+02 4.115712738037105112e+01 3.581089019775390625e+01 6.070471191406250000e+01
1.445227336883543785e+02 4.128942298889155893e+01 3.611575698852539062e+01 6.053486251831054688e+01
1.448743038177489098e+02 4.045298957824702768e+01 3.642753982543945312e+01 6.176224899291992188e+01
1.464223098754881676e+02 4.125759696960444955e+01 3.707243347167968750e+01 6.207666397094726562e+01
1.481346969604491051e+02 4.032503890991206674e+01 3.638192749023437500e+01 6.320645904541015625e+01
1.499868373870848473e+02 3.984523582458491830e+01 3.629465103149414062e+01 6.213270950317382812e+01
1.510851058959959801e+02 3.960174560546870737e+01 3.612944030761718750e+01 6.167630004882812500e+01
1.516826114654539879e+02 3.965997314453120737e+01 3.615967941284179688e+01 6.126881408691406250e+01
1.527669982910155113e+02 3.895406150817866830e+01 3.655754089355468750e+01 6.144629287719726562e+01
1.536373252868651207e+02 3.857172393798823862e+01 3.619182586669921875e+01 6.152308654785156250e+01
1.537950305938719566e+02 3.946813964843745737e+01 3.633117294311523438e+01 6.047775268554687500e+01
1.536315250396727379e+02 3.777111816406245737e+01 3.547694015502929688e+01 6.202389526367187500e+01
1.541955146789549644e+02 4.002942657470698862e+01 3.534618377685546875e+01 6.056684875488281250e+01
1.540059680938719566e+02 4.038020706176754970e+01 3.458366012573242188e+01 6.062621307373046875e+01
1.540168571472166832e+02 4.070698547363278408e+01 3.466657257080078125e+01 6.096318054199218750e+01
1.544965686798094566e+02 4.129603195190426845e+01 3.478121566772460938e+01 6.075798797607421875e+01
1.545349903106688316e+02 4.074469566345212002e+01 3.451647567749023438e+01 6.177884292602539062e+01
1.549008827209471519e+02 4.131861495971676845e+01 3.505667877197265625e+01 6.174376678466796875e+01
1.546248474121092613e+02 4.005812644958493252e+01 3.488484191894531250e+01 6.208372879028320312e+01
1.542872772216795738e+02 3.922279548645016689e+01 3.462168884277343750e+01 6.189762496948242188e+01
1.544851760864256676e+02 3.937551116943357954e+01 3.479376220703125000e+01 6.126853942871093750e+01
1.549296684265135582e+02 3.738448143005369673e+01 3.479285430908203125e+01 6.260625076293945312e+01
1.542756958007811363e+02 3.858347320556639204e+01 3.536630249023437500e+01 6.151469421386718750e+01
1.544147911071776207e+02 3.727036857604979048e+01 3.584038543701171875e+01 6.312526321411132812e+01
1.535980415344237144e+02 3.881738471984861860e+01 3.483003997802734375e+01 6.329146957397460938e+01
1.533471088409422691e+02 3.954490661621092329e+01 3.570986557006835938e+01 6.366030883789062500e+01
1.534450092315672691e+02 3.864482116699217329e+01 3.580384445190429688e+01 6.529542541503906250e+01
1.544724521636961754e+02 3.961976242065428266e+01 3.624753952026367188e+01 6.472634124755859375e+01
1.545367755889891441e+02 3.842142868041990766e+01 3.673283004760742188e+01 6.601573944091796875e+01
1.565926036834715660e+02 3.840170669555661220e+01 3.636545181274414062e+01 6.592615509033203125e+01
1.568523845672606285e+02 3.857960891723628549e+01 3.698418045043945312e+01 6.539835357666015625e+01
1.577911853790282066e+02 3.899154281616205253e+01 3.651981735229492188e+01 6.484105682373046875e+01
1.573957977294920738e+02 3.931910324096674003e+01 3.698262023925781250e+01 6.452823638916015625e+01
1.579202671051024254e+02 3.909377288818352270e+01 3.743943405151367188e+01 6.522264099121093750e+01
1.578233699798582848e+02 3.979038238525384941e+01 3.529613113403320312e+01 6.466590881347656250e+01
1.592033119201659019e+02 3.973092651367181816e+01 3.872768402099609375e+01 6.511242675781250000e+01
1.580322208404539879e+02 3.950001525878900566e+01 3.782400131225585938e+01 6.544683837890625000e+01
1.580042152404784019e+02 4.085749816894525566e+01 3.589046478271484375e+01 6.505789184570312500e+01
1.585758991241453941e+02 4.154557418823236503e+01 3.549984359741210938e+01 6.476485443115234375e+01
1.589680213928221519e+02 4.150802993774408378e+01 3.634529876708984375e+01 6.526877593994140625e+01
1.571880950927733238e+02 4.298908615112299003e+01 3.443515014648437500e+01 6.466048431396484375e+01
1.576825160980223473e+02 4.366623687744134941e+01 3.401973342895507812e+01 6.494853210449218750e+01
1.580520401000975426e+02 4.414255905151361503e+01 3.445234680175781250e+01 6.506383514404296875e+01
1.577030334472655113e+02 4.410667419433588066e+01 3.216833496093750000e+01 6.489913940429687500e+01
1.573606319427489098e+02 4.540855407714838066e+01 3.351456069946289062e+01 6.463801574707031250e+01
1.564948444366453941e+02 4.541263961791986503e+01 3.252169418334960938e+01 6.513928985595703125e+01
1.569510211944578941e+02 4.628207015991205253e+01 3.296397018432617188e+01 6.486830902099609375e+01
1.568247814178465660e+02 4.629396057128900566e+01 3.227736282348632812e+01 6.468328857421875000e+01
1.569721851348875816e+02 4.617130279541009941e+01 3.344540023803710938e+01 6.464718627929687500e+01
1.553430767059325035e+02 4.632125473022456674e+01 3.277545547485351562e+01 6.460218048095703125e+01
1.553754920959471519e+02 4.705583000183101205e+01 3.445743560791015625e+01 6.356969070434570312e+01
1.545564498901366051e+02 4.651227951049800424e+01 3.269833374023437500e+01 6.459589385986328125e+01
1.538456439971922691e+02 4.716948509216304330e+01 3.404957199096679688e+01 6.385335159301757812e+01
1.542326316833494957e+02 4.675861740112300424e+01 3.431023406982421875e+01 6.411981964111328125e+01
1.538340148925780113e+02 4.691152954101558237e+01 3.404515075683593750e+01 6.393551635742187500e+01
1.531359405517576988e+02 4.847146224975581674e+01 3.403851318359375000e+01 6.312270355224609375e+01
1.525763092041014488e+02 4.782379341125485439e+01 3.506852722167968750e+01 6.366195297241210938e+01
1.516995716094969566e+02 4.748790740966794033e+01 3.480404281616210938e+01 6.477577209472656250e+01
1.512600784301756676e+02 4.798078918457028408e+01 3.545263671875000000e+01 6.378141784667968750e+01
1.513720417022703941e+02 4.875164604187008877e+01 3.532973861694335938e+01 6.334653091430664062e+01
1.502014732360838707e+02 4.836753845214840908e+01 3.533850860595703125e+01 6.428854370117187500e+01
1.503918457031248863e+02 4.805036544799801845e+01 3.455238342285156250e+01 6.400061798095703125e+01
1.500654907226561363e+02 4.827484321594235439e+01 3.378073120117187500e+01 6.338459396362304688e+01
1.497859611511229332e+02 4.903359222412107954e+01 3.445883941650390625e+01 6.280593872070312500e+01
1.492307453155516441e+02 4.878664588928221235e+01 3.375353622436523438e+01 6.300492477416992188e+01
1.493565998077391441e+02 4.984812545776365766e+01 3.413355636596679688e+01 6.156237030029296875e+01
1.502786674499510582e+02 4.944705009460447798e+01 3.391698455810546875e+01 6.210083389282226562e+01
1.501848239898680504e+02 5.150729751586912641e+01 3.461040878295898438e+01 6.126386260986328125e+01
1.495573310852049644e+02 4.924317359924314985e+01 3.406185150146484375e+01 6.269865036010742188e+01
1.500495605468748863e+02 4.964846992492674360e+01 3.404141235351562500e+01 6.216067123413085938e+01
1.495803279876707848e+02 4.915968513488768110e+01 3.348117446899414062e+01 6.322921371459960938e+01
1.490259170532225426e+02 4.919407463073729048e+01 3.404933166503906250e+01 6.302856826782226562e+01
1.489012908935545738e+02 4.926009750366210938e+01 3.451692199707031250e+01 6.271791839599609375e+01
1.486476898193358238e+02 5.014420509338378906e+01 3.406694030761718750e+01 6.219421005249023438e+01
1.485610237121580894e+02 4.938138008117675781e+01 3.425141143798828125e+01 6.297385787963867188e+01
1.480796451568602379e+02 4.883905220031739702e+01 3.410232162475585938e+01 6.364672470092773438e+01
1.482775478363035973e+02 4.863694000244142046e+01 3.403857803344726562e+01 6.354736328125000000e+01
1.483833427429198082e+02 4.784566497802735796e+01 3.474709320068359375e+01 6.372238159179687500e+01
1.487082881927489098e+02 4.785919380187989702e+01 3.493902969360351562e+01 6.303486251831054688e+01
1.494000797271727379e+02 4.695304107666017046e+01 3.487665939331054688e+01 6.383470153808593750e+01
1.494919719696043785e+02 4.630687713623048296e+01 3.540402603149414062e+01 6.390127563476562500e+01
1.483646831512450035e+02 4.544185638427735796e+01 3.547320938110351562e+01 6.397634887695312500e+01
1.479364280700682457e+02 4.541675949096681109e+01 3.596689605712890625e+01 6.385237884521484375e+01
1.473547058105467613e+02 4.583280944824220171e+01 3.635240173339843750e+01 6.405155944824218750e+01
1.469052009582518394e+02 4.508335876464845171e+01 3.598575592041015625e+01 6.444578552246093750e+01
1.468250789642332848e+02 4.529451370239259234e+01 3.532800674438476562e+01 6.479422760009765625e+01
1.457361392974852379e+02 4.521658706665040484e+01 3.571516036987304688e+01 6.549100494384765625e+01
1.436441688537596519e+02 4.557346725463868609e+01 3.638173675537109375e+01 6.589162445068359375e+01
1.438376560211180504e+02 4.536331558227539062e+01 3.524770736694335938e+01 6.597801971435546875e+01
1.425649967193602379e+02 4.578711318969726562e+01 3.562763595581054688e+01 6.512895965576171875e+01
1.415780715942381676e+02 4.554410934448242188e+01 3.488052368164062500e+01 6.560974884033203125e+01
1.410415611267088707e+02 4.614717483520507812e+01 3.434903717041015625e+01 6.581926727294921875e+01
1.400792942047118004e+02 4.585868835449218750e+01 3.478391647338867188e+01 6.517616271972656250e+01
1.393498554229735191e+02 4.623521804809570312e+01 3.479571151733398438e+01 6.487137603759765625e+01
1.388244533538817223e+02 4.586821746826171875e+01 3.514525222778320312e+01 6.497850036621093750e+01
1.386489467620848473e+02 4.679351806640625000e+01 3.519224929809570312e+01 6.335321044921875000e+01
1.375881290435789879e+02 4.845721244812011719e+01 3.557423019409179688e+01 6.072415542602539062e+01
1.369598484039305504e+02 4.605458831787110796e+01 3.616845321655273438e+01 6.341244506835937500e+01
1.352967224121092613e+02 4.473416900634767046e+01 3.604039001464843750e+01 6.401008605957031250e+01
1.334412059783934410e+02 4.674644660949708452e+01 3.590300369262695312e+01 6.271818161010742188e+01
1.306181240081785973e+02 4.772826576232911577e+01 3.759979629516601562e+01 6.229070663452148438e+01
1.288113327026366051e+02 4.599003601074220171e+01 3.768942260742187500e+01 6.546272277832031250e+01
1.279040279388426598e+02 4.425606536865235796e+01 3.548772048950195312e+01 6.689212036132812500e+01
1.287969932556151207e+02 4.702238082885743609e+01 3.405005645751953125e+01 6.334772491455078125e+01
1.294970493316649254e+02 4.569773483276370030e+01 3.277456283569335938e+01 6.498267364501953125e+01
1.286528720855711754e+02 4.457912826538088780e+01 3.457883834838867188e+01 6.584719085693359375e+01
1.273603115081785973e+02 4.491806411743166905e+01 3.576770401000976562e+01 6.514665985107421875e+01
1.277011985778807457e+02 4.593881988525393467e+01 3.504851531982421875e+01 6.429623413085937500e+01
1.263670196533201988e+02 4.447156143188479405e+01 3.630572509765625000e+01 6.574361419677734375e+01
1.279286689758299644e+02 4.423240661621095171e+01 3.388814544677734375e+01 6.587615966796875000e+01
1.275095844268797691e+02 4.512305068969727984e+01 3.527245712280273438e+01 6.333406829833984375e+01
1.275059261322020348e+02 4.037034225463868609e+01 3.497694778442382812e+01 6.836112213134765625e+01
1.279276561737059410e+02 4.316933441162109375e+01 3.433255386352539062e+01 6.539704895019531250e+01
1.287975349426268394e+02 4.215548706054687500e+01 3.268999481201171875e+01 6.601071166992187500e+01
1.302951240539549644e+02 4.260438156127931109e+01 3.196634674072265625e+01 6.592124176025390625e+01
1.299913578033446129e+02 4.282689285278321734e+01 3.178031539916992188e+01 6.328037261962890625e+01
1.301204404830931480e+02 4.471906280517579546e+01 3.136684608459472656e+01 6.562048339843750000e+01
1.297657718658446129e+02 4.616252517700196734e+01 3.206219100952148438e+01 6.066767120361328125e+01
1.304647369384764488e+02 4.551982498168946734e+01 3.217550659179687500e+01 6.190471649169921875e+01
1.285129375457762535e+02 4.673543930053712359e+01 3.451097488403320312e+01 6.009029388427734375e+01
1.288056049346922691e+02 4.696966743469239702e+01 3.557673263549804688e+01 6.088534164428710938e+01
1.310542955398558433e+02 4.640126991271974077e+01 3.172862815856933594e+01 6.155714035034179688e+01
1.307070350646971519e+02 4.526312446594239702e+01 3.268717193603515625e+01 6.182004928588867188e+01
1.308731288909910973e+02 4.495724296569825640e+01 3.198273086547851562e+01 6.091258621215820312e+01
1.315340299606322105e+02 4.444931030273438921e+01 3.093744850158691406e+01 6.193331909179687500e+01
1.319770622253416832e+02 4.520009803771974077e+01 2.953926849365234375e+01 6.131797409057617188e+01
1.333791255950926598e+02 4.440769004821778765e+01 2.790761184692382812e+01 6.181212234497070312e+01
1.297888202667235191e+02 4.522252082824708452e+01 3.071258163452148438e+01 6.032110214233398438e+01
1.286346778869627769e+02 4.431211853027345171e+01 3.156159210205078125e+01 6.072192382812500000e+01
1.269760894775389488e+02 4.232217407226563921e+01 3.466433715820312500e+01 6.220492553710937500e+01
1.334822559356688316e+02 4.607415580749514561e+01 3.342846298217773438e+01 5.960104751586914062e+01
1.240938720703123863e+02 4.126835632324221592e+01 3.656274414062500000e+01 6.512046813964843750e+01
1.298765010833739098e+02 4.555078125000001421e+01 3.460969924926757812e+01 6.178282165527343750e+01
1.214604911804198082e+02 4.046044921875001421e+01 3.700208282470703125e+01 6.634721374511718750e+01
1.273617858886717613e+02 4.624319839477540484e+01 3.400424194335937500e+01 6.101749420166015625e+01
1.238870630264281090e+02 4.851475906372071734e+01 3.195829582214355469e+01 5.889894866943359375e+01
1.252184581756590660e+02 4.425922584533692827e+01 3.413151931762695312e+01 6.283662033081054688e+01
1.270791521072386558e+02 4.966798210144045811e+01 3.033035850524902344e+01 5.826559829711914062e+01
1.265844316482542808e+02 4.864897918701174717e+01 2.857443809509277344e+01 5.830485534667968750e+01
1.289054145812987144e+02 4.625171089172366123e+01 2.826688385009765625e+01 5.901531600952148438e+01
1.269255990982054527e+02 4.626825141906741123e+01 3.130216789245605469e+01 5.929598617553710938e+01
1.292104015350340660e+02 4.553448104858401280e+01 3.166635513305664062e+01 6.202222442626953125e+01
1.264891433715819176e+02 4.148686981201174717e+01 2.968441772460937500e+01 6.533934020996093750e+01
1.293370447158812340e+02 4.116278457641604405e+01 2.910290336608886719e+01 6.324495697021484375e+01
1.270281791687010582e+02 4.331384277343752842e+01 3.065406036376953125e+01 5.849975585937500000e+01
1.278835601806639488e+02 4.087732887268069248e+01 3.346769714355468750e+01 6.217814254760742188e+01
1.281922569274901207e+02 4.114940834045412998e+01 3.227864837646484375e+01 6.346511459350585938e+01
1.274503002166746910e+02 4.111430168151858311e+01 3.154312515258789062e+01 6.117992019653320312e+01
1.280588827133177574e+02 4.813240051269534092e+01 3.161598396301269531e+01 6.094995117187500000e+01
1.280549612045286949e+02 4.490027046203616123e+01 3.083293342590332031e+01 6.190864181518554688e+01
1.266432628631590660e+02 4.324265480041506748e+01 3.248065567016601562e+01 6.294224166870117188e+01
1.284383716583250816e+02 4.727853584289553623e+01 3.254827499389648438e+01 5.989661788940429688e+01
1.278746166229246910e+02 4.439746284484866123e+01 2.908899307250976562e+01 6.347921371459960938e+01
1.291100702285765465e+02 4.501199722290041905e+01 3.067397880554199219e+01 6.215705108642578125e+01
1.261354866027830894e+02 4.398499679565432530e+01 2.942697906494140625e+01 6.354775238037109375e+01
1.282482700347899254e+02 4.478591346740725498e+01 3.265108871459960938e+01 6.335973739624023438e+01
1.241562976837157066e+02 4.389622688293459873e+01 3.201765060424804688e+01 6.249930953979492188e+01
1.253918399810789879e+02 4.366746711730959873e+01 3.605103683471679688e+01 6.260493087768554688e+01
1.241500949859618004e+02 4.575155258178713780e+01 3.347834396362304688e+01 6.000618743896484375e+01
1.285801706314085777e+02 4.337574195861819248e+01 3.146589469909667969e+01 6.065780258178710938e+01
1.281134176254271324e+02 4.546590805053713780e+01 2.976516914367675781e+01 5.983300018310546875e+01
1.293769702911375816e+02 4.541913986206057530e+01 2.964866256713867188e+01 6.091468048095703125e+01
1.272953720092772301e+02 4.888420867919924717e+01 2.945924377441406250e+01 5.767520141601562500e+01
1.264977626800535973e+02 4.813401794433596592e+01 3.143561172485351562e+01 5.859201049804687500e+01
1.252166557312010582e+02 4.570882797241213780e+01 3.135759735107421875e+01 6.078740692138671875e+01
1.245981559753416832e+02 4.448869705200198155e+01 3.256049346923828125e+01 6.224950408935546875e+01
1.216769180297850426e+02 4.128152084350588780e+01 3.464482116699218750e+01 6.539438629150390625e+01
1.218500690460203941e+02 4.194598197937014561e+01 3.454287338256835938e+01 6.395405960083007812e+01
1.203706436157225426e+02 4.086847686767580967e+01 3.314752197265625000e+01 6.855749511718750000e+01
1.206087245941160973e+02 4.213118362426760655e+01 3.530835342407226562e+01 6.467661285400390625e+01
1.191574535369871910e+02 3.979593276977541905e+01 3.484856033325195312e+01 6.820053863525390625e+01
1.157382888793944176e+02 3.886711120605470171e+01 3.717919921875000000e+01 6.867155456542968750e+01
1.186301059722899254e+02 3.533602523803712359e+01 3.634753036499023438e+01 7.172202301025390625e+01
1.197882633209227379e+02 4.910398674011231890e+01 3.470225143432617188e+01 6.126546096801757812e+01
1.199186515808104332e+02 4.639848709106446734e+01 3.305602264404296875e+01 6.505133819580078125e+01
1.212158355712889488e+02 4.814760017395022373e+01 3.331269836425781250e+01 6.167657089233398438e+01
1.201683139801024254e+02 4.915378379821780186e+01 3.259710311889648438e+01 6.020233535766601562e+01
1.210315876007078941e+02 5.073763465881350498e+01 3.256487655639648438e+01 5.930923080444335938e+01
1.201599025726317223e+02 5.287865829467776280e+01 3.298085403442382812e+01 5.667086029052734375e+01
1.195251502990721519e+02 5.216133499145510655e+01 3.433068084716796875e+01 5.708861541748046875e+01
1.196835918426512535e+02 4.780218505859377842e+01 3.245441055297851562e+01 6.356526184082031250e+01
1.187050762176512535e+02 4.657522583007815342e+01 3.432486343383789062e+01 6.500982666015625000e+01
1.189785079956053551e+02 4.504598236083987217e+01 3.372149658203125000e+01 6.686788940429687500e+01
1.182657909393309410e+02 4.523106765747073155e+01 3.379027175903320312e+01 6.591053009033203125e+01
1.179079818725584801e+02 4.405983734130862217e+01 3.284393310546875000e+01 6.668354797363281250e+01
1.179485301971434410e+02 4.481135559082034092e+01 3.388347244262695312e+01 6.720280456542968750e+01
1.177147884368895348e+02 4.497300338745120030e+01 3.380192947387695312e+01 6.766663360595703125e+01
1.172667427062987144e+02 4.478411865234377842e+01 3.262430572509765625e+01 6.936471557617187500e+01
1.173339099884032066e+02 4.556186294555666905e+01 3.311887741088867188e+01 6.788466644287109375e+01
1.164081859588621910e+02 4.544652938842776280e+01 3.311185073852539062e+01 6.794802093505859375e+01
1.161782798767088707e+02 4.607134628295901280e+01 3.349806976318359375e+01 6.781815338134765625e+01
1.159548492431639488e+02 4.656522369384768467e+01 3.328128051757812500e+01 6.870404052734375000e+01
1.142508335113524254e+02 4.608441543579104405e+01 3.367870712280273438e+01 7.250022125244140625e+01
1.139478435516356285e+02 4.616107559204105826e+01 3.396066665649414062e+01 7.559706878662109375e+01
1.130845813751219566e+02 4.660094451904301138e+01 3.478985214233398438e+01 6.902447509765625000e+01
1.117536945343016441e+02 4.595442962646487217e+01 3.413953781127929688e+01 7.125715637207031250e+01
1.102042427062987286e+02 4.687263870239262076e+01 3.460973358154295454e+01 6.959445953369140625e+01
1.096535739898680362e+02 4.797767639160159092e+01 3.550469589233399859e+01 6.680052185058593750e+01
1.089884757995604332e+02 4.842513275146487217e+01 3.391693878173828125e+01 6.694061279296875000e+01
1.085985641479491051e+02 4.924399948120120030e+01 3.442411804199218750e+01 6.664533233642578125e+01
1.065347862243651207e+02 4.863309097290041905e+01 3.433625030517578125e+01 6.737448883056640625e+01
1.064477100372313316e+02 4.973743438720705967e+01 3.416007614135742188e+01 6.666447448730468750e+01
1.051944313049315269e+02 5.000200271606448155e+01 3.388182830810546875e+01 6.680702972412109375e+01
1.048210067749022301e+02 5.056080627441409092e+01 3.290702819824218750e+01 6.705558776855468750e+01
1.045557765960692223e+02 5.159232711791995030e+01 3.265053176879882812e+01 6.636959075927734375e+01
1.050324258804320152e+02 5.321294784545901280e+01 3.101263236999511719e+01 6.548502349853515625e+01
1.029939632415770348e+02 5.537005424499514561e+01 3.077803421020507812e+01 6.393553543090820312e+01
1.018327789306639488e+02 5.395405960083010655e+01 3.331806945800781250e+01 6.581221771240234375e+01
1.020388946533201988e+02 5.439213562011721592e+01 3.316534423828125000e+01 6.578604125976562500e+01
1.016157684326170738e+02 5.399831390380862217e+01 3.257824707031250000e+01 6.620724487304687500e+01
1.018367557525633771e+02 5.506717681884769888e+01 3.230576705932615766e+01 6.543650817871093750e+01
1.028463220596312340e+02 5.419998931884769888e+01 3.126605033874511719e+01 6.617626953125000000e+01
1.024316730499266441e+02 5.524214172363285513e+01 3.222864913940429688e+01 6.466154479980468750e+01
1.017300739288328941e+02 5.504048919677738638e+01 3.173173141479492188e+01 6.483639526367187500e+01
1.008274745941160973e+02 5.695108985900883170e+01 3.200215530395507812e+01 6.383019638061523438e+01
1.010050258636473473e+02 5.508823394775394888e+01 3.201156997680664062e+01 6.566712951660156250e+01
1.007863674163817223e+02 5.658885192871098013e+01 3.139967727661132812e+01 6.430514526367187500e+01
1.006636180877684410e+02 5.542770767211918326e+01 3.269552993774414062e+01 6.547930145263671875e+01
1.009042692184447247e+02 5.732447433471685372e+01 3.119481849670408735e+01 6.429747772216796875e+01
9.884010124206531600e+01 5.737458419799810372e+01 3.227333450317382812e+01 6.439478302001953125e+01
9.794877815246570663e+01 5.623291015625005684e+01 3.440026473999023438e+01 6.608047485351562500e+01
9.774325370788562850e+01 5.830075073242193184e+01 3.288254165649414062e+01 6.389231872558593750e+01
9.793354797363269881e+01 5.746113586425786934e+01 3.280572509765625000e+01 6.529353332519531250e+01
9.718312072753896302e+01 5.930471992492682887e+01 3.293980407714842329e+01 6.302659225463867188e+01
9.596949195861805038e+01 5.838003540039069605e+01 3.404967880249023438e+01 6.469195556640625000e+01
9.719177055358875350e+01 5.821191024780280543e+01 3.194620132446289062e+01 6.423415374755859375e+01
9.771398258209217147e+01 5.897366333007819605e+01 3.017062187194824219e+01 6.379692077636718750e+01
9.414724159240711288e+01 5.837475967407233668e+01 3.149883651733398438e+01 6.405432891845703125e+01
9.610267639160144881e+01 5.919475364685065699e+01 3.128549194335937500e+01 6.351919937133789062e+01
9.564842700958240584e+01 5.991872215271003199e+01 2.898956871032714844e+01 6.253241348266601562e+01
9.449364471435535506e+01 5.907854461669928980e+01 3.087948608398437500e+01 6.275549316406250000e+01
9.358449172973621444e+01 6.031896400451667262e+01 3.112252044677734375e+01 6.217429733276367188e+01
9.204794120788562850e+01 6.133470726013190699e+01 3.321500015258789062e+01 6.129231643676757812e+01
9.264812850952137069e+01 6.068861007690436793e+01 3.342301177978515625e+01 6.330519866943359375e+01
9.288764381408680038e+01 6.031021308898932887e+01 3.335860824584960938e+01 6.350524520874023438e+01
9.519990539550769881e+01 5.975938606262214137e+01 3.205226135253906250e+01 6.373318099975585938e+01
9.407862281799305038e+01 5.922673225402839137e+01 3.090487289428710938e+01 6.386632919311523438e+01
9.369686126708973006e+01 6.118219947814948512e+01 3.240145874023437500e+01 6.117802047729492188e+01
9.494640541076648788e+01 6.050113868713386012e+01 3.289376449584960938e+01 6.221606063842773438e+01
9.502693271636951522e+01 5.979030609130866480e+01 3.116288566589355469e+01 6.310916137695312500e+01
9.405593109130848006e+01 5.925623130798346949e+01 3.266946411132812500e+01 6.318332290649414062e+01
9.442361640930164413e+01 5.801499366760261012e+01 3.306145858764648438e+01 6.352013778686523438e+01
9.208069610595691756e+01 5.642847824096686793e+01 3.209153747558593750e+01 6.484758758544921875e+01
8.840866088867176131e+01 5.721982955932624293e+01 3.600260925292968750e+01 6.420926666259765625e+01
8.753645515441883163e+01 5.701308822631843043e+01 3.697527694702148438e+01 6.448804473876953125e+01
8.786767387390123929e+01 5.802990341186529122e+01 3.621782302856445312e+01 6.292288970947265625e+01
8.766633224487291898e+01 5.563626861572271309e+01 3.537903594970703125e+01 6.507028198242187500e+01
8.675576019287096585e+01 5.668949508666997872e+01 3.557629394531250000e+01 6.355713653564453125e+01
8.630769157409655179e+01 5.446537399291997872e+01 3.610499954223632812e+01 6.542612457275390625e+01
8.654523658752428616e+01 5.390495300292974434e+01 3.484582138061523438e+01 6.552650451660156250e+01
8.514822769165026273e+01 5.352651214599615059e+01 3.572846221923828125e+01 6.646804809570312500e+01
8.383384513854967679e+01 5.544406509399419747e+01 3.512656021118164062e+01 6.530153656005859375e+01
8.376116371154772366e+01 5.414131546020513497e+01 3.523002243041992188e+01 6.633180999755859375e+01
8.291747665405260648e+01 5.346281051635747872e+01 3.553147125244140625e+01 6.630500030517578125e+01
8.234737586975084866e+01 5.239945983886724434e+01 3.417953109741210938e+01 6.614204406738281250e+01
8.136557006835924710e+01 5.217224884033208809e+01 3.450923156738281250e+01 6.671217346191406250e+01
7.993340873718248929e+01 5.085935592651372872e+01 3.412089920043945312e+01 6.577915191650390625e+01
7.959282302856432523e+01 5.123467254638677559e+01 3.523220062255859375e+01 6.542466735839843750e+01
7.845985221862780179e+01 5.098412704467779122e+01 3.528027725219726562e+01 6.576572418212890625e+01
7.691330528259264554e+01 5.078847503662115059e+01 3.548944473266601562e+01 6.551426696777343750e+01
7.610772705078112210e+01 5.015945434570318184e+01 3.463098144531250000e+01 6.503158569335937500e+01
7.558505630493151273e+01 4.947357177734380684e+01 3.510523223876953125e+01 6.477011108398437500e+01
7.304075622558580960e+01 5.008465576171880684e+01 3.371746826171875000e+01 6.451484680175781250e+01
7.171565818786608304e+01 5.058151054382329903e+01 3.439488601684570312e+01 6.393561172485351562e+01
6.978599357604967679e+01 5.380577850341802559e+01 3.691908645629882812e+01 6.124330139160156250e+01
6.662526130676256741e+01 5.785607337951665841e+01 3.710210800170898438e+01 5.646873092651367188e+01
6.660147094726549710e+01 6.137959098815923653e+01 3.419299316406250000e+01 5.468764114379882812e+01
6.558587455749498929e+01 6.427835655212408028e+01 3.317116165161132812e+01 5.214717483520507812e+01
6.323671913146959866e+01 6.223542976379400216e+01 3.268952560424804688e+01 5.394660568237304688e+01
6.293767070770250882e+01 6.088302993774419747e+01 3.186834144592285156e+01 5.509305572509765625e+01
6.338393878936754788e+01 6.096157264709478341e+01 3.069565391540527344e+01 5.302930831909179688e+01
6.369874572753893460e+01 5.826103210449224434e+01 3.243370056152343750e+01 5.570198059082031250e+01
6.595168495178209866e+01 5.493360710144048653e+01 3.102323532104492188e+01 5.796408462524414062e+01
6.726327323913561429e+01 5.380683326721197091e+01 3.289181900024414062e+01 5.994575119018554688e+01
6.499541664123522366e+01 5.704369544982915841e+01 3.176444625854492188e+01 5.555845260620117188e+01
6.678562545776354398e+01 5.332793617248540841e+01 3.364434051513671875e+01 6.000390243530273438e+01
6.486743640899645413e+01 5.783531951904302559e+01 3.101970481872558594e+01 5.439607238769531250e+01
6.551829910278307523e+01 5.562026596069341622e+01 3.188333892822265625e+01 5.659424591064453125e+01
6.637236690521227445e+01 5.708287429809575997e+01 3.133188056945800781e+01 5.482605743408203125e+01
6.502904891967760648e+01 5.490059089660650216e+01 3.247190093994140625e+01 5.867071151733398438e+01
6.542263126373278226e+01 5.577524948120122872e+01 3.193977165222167969e+01 5.741759490966796875e+01
6.555433273315416898e+01 5.580408668518072091e+01 3.352498626708984375e+01 5.563187789916992188e+01
6.412078666686998929e+01 5.498607063293462716e+01 3.383844375610351562e+01 5.580697250366210938e+01
6.420298004150377835e+01 5.252714538574224434e+01 3.548797607421875000e+01 5.904353332519531250e+01
6.457507705688463773e+01 5.269386291503911934e+01 3.244799041748046875e+01 5.738813781738281250e+01
6.452235794067370023e+01 5.313493537902837716e+01 3.284651947021484375e+01 5.478402328491210938e+01
6.365656471252428616e+01 4.972075271606450997e+01 3.190591049194335938e+01 5.944983673095703125e+01
6.374412918090807523e+01 4.986324119567876778e+01 3.245503997802734375e+01 5.935251235961914062e+01
6.316379356384264554e+01 4.796662330627447091e+01 3.309930801391601562e+01 6.001629257202148438e+01
6.269866943359362210e+01 4.697376632690435372e+01 3.255682373046875000e+01 6.217044830322265625e+01
6.118689250946032132e+01 4.851151657104497872e+01 3.193291664123535156e+01 6.096987152099609375e+01
5.955384063720690335e+01 4.921541213989263497e+01 3.154484558105468750e+01 6.124298858642578125e+01
5.883350086212145413e+01 4.914637947082525216e+01 3.172144126892089844e+01 6.248432540893554688e+01
5.773986911773668851e+01 4.885289382934575997e+01 3.143481254577636719e+01 6.182413482666015625e+01
5.645593166351305570e+01 4.896073150634771309e+01 3.124188423156738281e+01 6.205049133300781250e+01
5.493827056884752835e+01 4.858591270446783028e+01 3.073886108398437500e+01 6.225783157348632812e+01
5.415121173858629788e+01 4.787666511535650216e+01 3.081062889099121094e+01 6.330007553100585938e+01
5.313116073608385648e+01 4.654720687866216622e+01 3.140326690673828125e+01 6.359357452392578125e+01
5.242758750915514554e+01 4.711172866821294747e+01 3.140263748168945312e+01 6.217339324951171875e+01
5.054305839538561429e+01 4.704928970336919747e+01 3.093619155883789062e+01 6.151251983642578125e+01
4.914986228942858304e+01 4.732750320434575997e+01 3.153602981567382812e+01 6.174147796630859375e+01
4.884666633605944241e+01 4.541540718078618966e+01 3.226264572143554688e+01 6.299763107299804688e+01
4.797808265686022366e+01 4.580924034118658028e+01 3.283080673217773438e+01 6.298141860961914062e+01
4.791877746582018460e+01 4.546303749084478341e+01 3.249147033691406250e+01 6.250580978393554688e+01
4.716127204895006741e+01 4.520656967163091622e+01 3.250175094604492188e+01 6.303603363037109375e+01
4.698293685913073148e+01 4.454347801208501778e+01 3.299330902099609375e+01 6.288853836059570312e+01
4.531920623779284085e+01 4.525733947753911934e+01 3.375506591796875000e+01 6.382214355468750000e+01
4.432991218566883163e+01 4.534308624267585230e+01 3.489687728881835938e+01 6.360562133789062500e+01
4.335227584838855819e+01 4.550381088256843043e+01 3.547206878662109375e+01 6.465444183349609375e+01
4.196317863464344100e+01 4.580131149291999293e+01 3.616330337524414062e+01 6.398101043701171875e+01
4.043904113769519881e+01 4.711111068725593043e+01 3.523335266113281250e+01 6.357379913330078125e+01
4.118634414672840194e+01 4.682759284973151637e+01 3.513593292236328125e+01 6.371215438842773438e+01
4.070783615112293319e+01 4.599857711791999293e+01 3.530275726318359375e+01 6.405443572998046875e+01
