1.250000000000000000e+02 1.670000000000000000e+02 1.300000000000000000e+01 4.400000000000000000e+01
1.251148018836975098e+02 1.673834114074707031e+02 1.441749858856201172e+01 4.230841827392578125e+01
1.262122235298156738e+02 1.684310436248779297e+02 1.455293178558349609e+01 4.125015640258789062e+01
1.278388223648071289e+02 1.671879539489746094e+02 1.424374198913574219e+01 4.217582702636718750e+01
1.289882798194885254e+02 1.672069225311279297e+02 1.427440166473388672e+01 4.174969100952148438e+01
1.295120592117309570e+02 1.673479671478271484e+02 1.545486259460449219e+01 4.217536544799804688e+01
1.295283575057983398e+02 1.677533378601074219e+02 1.624383735656738281e+01 4.156059265136718750e+01
1.300637598037719727e+02 1.670579185485839844e+02 1.570892906188964844e+01 4.225061035156250000e+01
1.317326164245605469e+02 1.674508476257324219e+02 1.580890655517578125e+01 4.264035034179687500e+01
1.325603718757629395e+02 1.663845386505126953e+02 1.535352993011474609e+01 4.278252029418945312e+01
1.332355556488037109e+02 1.669260997772216797e+02 1.581177139282226562e+01 4.310875320434570312e+01
1.341606216430664062e+02 1.666793365478515625e+02 1.546335601806640625e+01 4.336907958984375000e+01
1.351146764755249023e+02 1.670698032379150391e+02 1.570124244689941406e+01 4.228284072875976562e+01
1.359758262634277344e+02 1.655690002441406250e+02 1.668900299072265625e+01 4.377709960937500000e+01
1.357011156082153320e+02 1.647511863708496094e+02 1.759382438659667969e+01 4.611254119873046875e+01
1.364360599517822266e+02 1.618603668212890625e+02 1.871899795532226562e+01 4.660704040527343750e+01
1.382624368667602539e+02 1.636402282714843750e+02 1.782900047302246094e+01 4.730493927001953125e+01
1.392006850242614746e+02 1.670102214813232422e+02 1.587134265899658203e+01 4.397128677368164062e+01
1.404746012687683105e+02 1.677334213256835938e+02 1.574086093902587891e+01 4.316808319091796875e+01
1.409130501747131348e+02 1.682400493621826172e+02 1.477187633514404297e+01 4.244692611694335938e+01
1.414101452827453613e+02 1.690710163116455078e+02 1.473587703704833984e+01 4.198743820190429688e+01
1.416881961822509766e+02 1.696354598999023438e+02 1.458741378784179688e+01 4.089239501953125000e+01
1.425006637573242188e+02 1.698988723754882812e+02 1.464808654785156250e+01 4.128394317626953125e+01
1.434110488891601562e+02 1.698057041168212891e+02 1.543248748779296875e+01 4.165411758422851562e+01
1.441233258247375488e+02 1.683682365417480469e+02 1.487894344329833984e+01 4.316254425048828125e+01
1.444223284721374512e+02 1.698968696594238281e+02 1.449570560455322266e+01 4.213169097900390625e+01
1.457068672180175781e+02 1.709781799316406250e+02 1.498671722412109375e+01 4.174795532226562500e+01
1.458379344940185547e+02 1.704627590179443359e+02 1.571919631958007812e+01 4.145385360717773438e+01
1.475460958480834961e+02 1.694654655456542969e+02 1.580858802795410156e+01 4.154867553710937500e+01
1.482455759048461914e+02 1.700693492889404297e+02 1.496752738952636719e+01 4.159265518188476562e+01
1.486861038208007812e+02 1.702133426666259766e+02 1.430287170410156250e+01 4.191975021362304688e+01
1.493260507583618164e+02 1.712879199981689453e+02 1.496673393249511719e+01 4.136098098754882812e+01
1.504283876419067383e+02 1.704638900756835938e+02 1.591258049011230469e+01 4.119734954833984375e+01
1.507559843063354492e+02 1.699882717132568359e+02 1.612349128723144531e+01 4.145517349243164062e+01
1.515443377494812012e+02 1.687195949554443359e+02 1.587451267242431641e+01 4.305647659301757812e+01
1.523930768966674805e+02 1.688990612030029297e+02 1.659953498840332031e+01 4.333620071411132812e+01
1.525804767608642578e+02 1.693002052307128906e+02 1.725161361694335938e+01 4.234454345703125000e+01
1.543195171356201172e+02 1.696950225830078125e+02 1.603889846801757812e+01 4.256742095947265625e+01
1.557267303466796875e+02 1.705475406646728516e+02 1.575450897216796875e+01 4.238525772094726562e+01
1.566992068290710449e+02 1.708339977264404297e+02 1.469405460357666016e+01 4.074615859985351562e+01
1.584313235282897949e+02 1.712194213867187500e+02 1.441978549957275391e+01 4.064650726318359375e+01
1.588770279884338379e+02 1.699882659912109375e+02 1.494292736053466797e+01 4.152400970458984375e+01
1.597802610397338867e+02 1.697223129272460938e+02 1.504336738586425781e+01 4.296421813964843750e+01
1.605082826614379883e+02 1.705001506805419922e+02 1.518512535095214844e+01 4.277153396606445312e+01
1.608418207168579102e+02 1.702153911590576172e+02 1.486708641052246094e+01 4.183552932739257812e+01
1.620357923507690430e+02 1.702816276550292969e+02 1.507464027404785156e+01 4.221311950683593750e+01
1.613394632339477539e+02 1.693160591125488281e+02 1.625522422790527344e+01 4.278300476074218750e+01
1.615896091461181641e+02 1.688439273834228516e+02 1.699452590942382812e+01 4.263054275512695312e+01
1.619529972076416016e+02 1.706418952941894531e+02 1.646828079223632812e+01 4.278653717041015625e+01
1.620041465759277344e+02 1.693640308380126953e+02 1.628749847412109375e+01 4.212051773071289062e+01
1.625993251800537109e+02 1.680601425170898438e+02 1.599437332153320312e+01 4.473336791992187500e+01
1.628333921432495117e+02 1.674811496734619141e+02 1.635549354553222656e+01 4.401794052124023438e+01
1.628464956283569336e+02 1.699363098144531250e+02 1.626734352111816406e+01 4.371102142333984375e+01
1.635939030647277832e+02 1.703395023345947266e+02 1.557907772064208984e+01 4.237108230590820312e+01
1.628503246307373047e+02 1.709495010375976562e+02 1.566593551635742188e+01 4.104013824462890625e+01
1.627259206771850586e+02 1.708892841339111328e+02 1.613974952697753906e+01 4.219063949584960938e+01
1.631055660247802734e+02 1.710143241882324219e+02 1.634408187866210938e+01 4.201562500000000000e+01
1.631578283309936523e+02 1.698656463623046875e+02 1.582507514953613281e+01 4.213817596435546875e+01
1.635913472175598145e+02 1.696093673706054688e+02 1.576440334320068359e+01 4.327981567382812500e+01
1.631117959022521973e+02 1.693756809234619141e+02 1.599027538299560547e+01 4.252549362182617188e+01
1.627963771820068359e+02 1.689205741882324219e+02 1.648939895629882812e+01 4.374028778076171875e+01
1.634722995758056641e+02 1.694791698455810547e+02 1.632508468627929688e+01 4.255047988891601562e+01
1.633257551193237305e+02 1.695182247161865234e+02 1.611455726623535156e+01 4.237820053100585938e+01
1.639726634025573730e+02 1.703732891082763672e+02 1.554129886627197266e+01 4.326111984252929688e+01
1.635962743759155273e+02 1.707524909973144531e+02 1.600933265686035156e+01 4.217132568359375000e+01
1.641587243080139160e+02 1.707000102996826172e+02 1.513761425018310547e+01 4.119765853881835938e+01
1.644397659301757812e+02 1.710235137939453125e+02 1.530343627929687500e+01 4.226667785644531250e+01
1.646353220939636230e+02 1.709758892059326172e+02 1.536128330230712891e+01 4.167603683471679688e+01
1.648347525596618652e+02 1.704799232482910156e+02 1.583503437042236328e+01 4.243485260009765625e+01
1.641859302520751953e+02 1.706087837219238281e+02 1.540707015991210938e+01 4.198773956298828125e+01
1.643301172256469727e+02 1.702791423797607422e+02 1.620305442810058594e+01 4.168037033081054688e+01
1.649541368484497070e+02 1.702827701568603516e+02 1.666235160827636719e+01 4.225881576538085938e+01
1.657379040718078613e+02 1.705462722778320312e+02 1.506346797943115234e+01 4.250268554687500000e+01
1.669388957023620605e+02 1.712401962280273438e+02 1.480107975006103516e+01 4.184659576416015625e+01
1.672291946411132812e+02 1.713245697021484375e+02 1.514499664306640625e+01 4.198518371582031250e+01
1.678396501541137695e+02 1.711279888153076172e+02 1.596621513366699219e+01 4.138849258422851562e+01
1.685615739822387695e+02 1.716280078887939453e+02 1.622847557067871094e+01 4.146794509887695312e+01
1.685140056610107422e+02 1.718255367279052734e+02 1.593551254272460938e+01 4.067028427124023438e+01
1.699831886291503906e+02 1.717648754119873047e+02 1.521215057373046875e+01 4.114859390258789062e+01
1.704035525321960449e+02 1.717312507629394531e+02 1.542023563385009766e+01 4.050173950195312500e+01
1.710372505187988281e+02 1.715854187011718750e+02 1.557646942138671875e+01 4.057772064208984375e+01
1.719171028137207031e+02 1.716635894775390625e+02 1.552278900146484375e+01 4.109775543212890625e+01
1.716554026603698730e+02 1.717321052551269531e+02 1.493645572662353516e+01 4.097190856933593750e+01
1.722100214958190918e+02 1.713856449127197266e+02 1.501581668853759766e+01 4.077112960815429688e+01
1.737766389846801758e+02 1.712462406158447266e+02 1.518810081481933594e+01 4.122574996948242188e+01
1.737793068885803223e+02 1.706616840362548828e+02 1.517351055145263672e+01 4.113284683227539062e+01
1.746175937652587891e+02 1.703360843658447266e+02 1.543326187133789062e+01 4.293841934204101562e+01
1.749638895988464355e+02 1.708791351318359375e+02 1.502993869781494141e+01 4.264966583251953125e+01
1.764716010093688965e+02 1.715719757080078125e+02 1.435701465606689453e+01 4.158466339111328125e+01
1.762227616310119629e+02 1.718484954833984375e+02 1.431172466278076172e+01 4.012165832519531250e+01
1.766861572265625000e+02 1.708289585113525391e+02 1.487042236328125000e+01 4.132332229614257812e+01
1.763894844055175781e+02 1.717930183410644531e+02 1.557731628417968750e+01 4.190279388427734375e+01
1.755374536514282227e+02 1.715092792510986328e+02 1.574109458923339844e+01 4.081785964965820312e+01
1.765854387283325195e+02 1.707908458709716797e+02 1.607246208190917969e+01 4.095449447631835938e+01
1.762341089248657227e+02 1.708600120544433594e+02 1.618521690368652344e+01 4.088220977783203125e+01
1.760804214477539062e+02 1.713602809906005859e+02 1.645910644531250000e+01 4.068960189819335938e+01
1.768206071853637695e+02 1.711258029937744141e+02 1.628311729431152344e+01 4.096522903442382812e+01
1.763788452148437500e+02 1.709153385162353516e+02 1.566362762451171875e+01 4.095306015014648438e+01
1.765319671630859375e+02 1.719227142333984375e+02 1.626326751708984375e+01 4.154019927978515625e+01
1.760821838378906250e+02 1.705272979736328125e+02 1.558269500732421875e+01 4.133498382568359375e+01
1.759871702194213867e+02 1.709799594879150391e+02 1.632284736633300781e+01 4.182427597045898438e+01
1.749770946502685547e+02 1.712011451721191406e+02 1.670049667358398438e+01 4.188456726074218750e+01
1.763844680786132812e+02 1.709438533782958984e+02 1.617370605468750000e+01 4.161508560180664062e+01
1.767980079650878906e+02 1.706471881866455078e+02 1.554267883300781250e+01 4.117148971557617188e+01
1.752415156364440918e+02 1.710087108612060547e+02 1.597339725494384766e+01 4.156370162963867188e+01
1.761707992553710938e+02 1.708501338958740234e+02 1.623749542236328125e+01 4.175381088256835938e+01
1.755146961212158203e+02 1.709519042968750000e+02 1.637105178833007812e+01 4.193001556396484375e+01
1.763060159683227539e+02 1.716650905609130859e+02 1.603577232360839844e+01 4.143159103393554688e+01
1.769216246604919434e+02 1.716853103637695312e+02 1.573125171661376953e+01 4.110256958007812500e+01
1.767409238815307617e+02 1.717671527862548828e+02 1.465191078186035156e+01 4.073941421508789062e+01
1.774658164978027344e+02 1.716893043518066406e+02 1.532149505615234375e+01 4.096017456054687500e+01
1.773760747909545898e+02 1.714324035644531250e+02 1.457716560363769531e+01 4.072679901123046875e+01
1.778763489723205566e+02 1.713638496398925781e+02 1.447152996063232422e+01 4.124817657470703125e+01
1.786696038246154785e+02 1.710960216522216797e+02 1.462375164031982422e+01 4.133585739135742188e+01
1.793219823837280273e+02 1.717909049987792969e+02 1.470343208312988281e+01 4.104742431640625000e+01
1.797365083694458008e+02 1.716275463104248047e+02 1.447801780700683594e+01 4.079684066772460938e+01
1.799181532859802246e+02 1.715695285797119141e+02 1.440485095977783203e+01 4.071683883666992188e+01
1.803175473213195801e+02 1.719244308471679688e+02 1.429338741302490234e+01 4.004293823242187500e+01
1.814426240921020508e+02 1.713584766387939453e+02 1.513326072692871094e+01 4.102539443969726562e+01
1.817711486816406250e+02 1.715014820098876953e+02 1.454232788085937500e+01 4.042578506469726562e+01
1.818150014877319336e+02 1.710721759796142578e+02 1.476862525939941406e+01 4.167667007446289062e+01
1.832875266075134277e+02 1.709190425872802734e+02 1.478691577911376953e+01 4.079495620727539062e+01
1.844698290824890137e+02 1.710881767272949219e+02 1.420896244049072266e+01 4.001042175292968750e+01
1.848507685661315918e+02 1.709205684661865234e+02 1.324590396881103516e+01 4.069208908081054688e+01
1.851749486923217773e+02 1.705289859771728516e+02 1.456862068176269531e+01 4.167270278930664062e+01
1.862906999588012695e+02 1.709469547271728516e+02 1.402931022644042969e+01 4.176223373413085938e+01
1.871020426750183105e+02 1.712108306884765625e+02 1.402217960357666016e+01 4.186606597900390625e+01
1.874326868057250977e+02 1.707000293731689453e+02 1.456219291687011719e+01 4.166275405883789062e+01
1.883549966812133789e+02 1.712146949768066406e+02 1.742149925231933594e+01 4.165344238281250000e+01
1.885843687057495117e+02 1.701840133666992188e+02 1.781373786926269531e+01 4.154685974121093750e+01
1.892325706481933594e+02 1.712396430969238281e+02 1.799095916748046875e+01 4.137832641601562500e+01
1.889318056106567383e+02 1.702464504241943359e+02 1.954849052429199219e+01 4.181933975219726562e+01
1.900867652893066406e+02 1.704773750305175781e+02 1.839962768554687500e+01 4.163449096679687500e+01
1.910347232818603516e+02 1.702061042785644531e+02 1.736048507690429688e+01 4.151315307617187500e+01
1.919570436477661133e+02 1.700712585449218750e+02 1.651749229431152344e+01 4.195818328857421875e+01
1.936832389831542969e+02 1.706808509826660156e+02 1.580069732666015625e+01 4.179238891601562500e+01
1.952556080818176270e+02 1.707671375274658203e+02 1.436798000335693359e+01 4.146279525756835938e+01
1.972878179550170898e+02 1.705522918701171875e+02 1.351092720031738281e+01 4.200905609130859375e+01
1.978982429504394531e+02 1.701458187103271484e+02 1.303135681152343750e+01 4.054773330688476562e+01
1.991896510124206543e+02 1.711508979797363281e+02 1.383237552642822266e+01 3.990996551513671875e+01
2.004531140327453613e+02 1.707942104339599609e+02 1.344770717620849609e+01 4.101498794555664062e+01
2.015113921165466309e+02 1.708874225616455078e+02 1.512670612335205078e+01 4.179300308227539062e+01
2.016321563720703125e+02 1.707434597015380859e+02 1.686580657958984375e+01 4.068798446655273438e+01
2.026265869140625000e+02 1.700295619964599609e+02 1.844269561767578125e+01 4.066538619995117188e+01
2.034253692626953125e+02 1.708523178100585938e+02 1.814755249023437500e+01 4.097518157958984375e+01
2.063534564971923828e+02 1.707321166992187500e+02 1.770859146118164062e+01 4.118407440185546875e+01
2.039782266616821289e+02 1.702121524810791016e+02 1.866805839538574219e+01 4.080385208129882812e+01
2.068568353652954102e+02 1.686535072326660156e+02 1.706966209411621094e+01 4.334534454345703125e+01
2.081047310829162598e+02 1.641469879150390625e+02 1.541429424285888672e+01 4.678439331054687500e+01
2.095195765495300293e+02 1.638464508056640625e+02 1.474942874908447266e+01 4.694417572021484375e+01
2.103632817268371582e+02 1.626820278167724609e+02 1.536495113372802734e+01 4.802652359008789062e+01
2.102745676040649414e+02 1.601750640869140625e+02 1.629238700866699219e+01 5.048301696777343750e+01
2.103070230484008789e+02 1.551373233795166016e+02 1.921114921569824219e+01 5.673290634155273438e+01
2.108597440719604492e+02 1.539876575469970703e+02 2.094327735900878906e+01 5.674631881713867188e+01
2.125801506042480469e+02 1.557548084259033203e+02 2.128852081298828125e+01 5.437833786010742188e+01
2.156378698348999023e+02 1.553037967681884766e+02 1.919366645812988281e+01 5.666534042358398438e+01
2.157849216461181641e+02 1.528251438140869141e+02 2.009235763549804688e+01 5.807458114624023438e+01
2.160511198043823242e+02 1.532569694519042969e+02 2.078261756896972656e+01 5.720137786865234375e+01
2.180787239074707031e+02 1.537408733367919922e+02 2.009392547607421875e+01 5.733797073364257812e+01
2.201139450073242188e+02 1.686503734588623047e+02 1.758085632324218750e+01 4.272909927368164062e+01
2.213952560424804688e+02 1.685697326660156250e+02 1.646803283691406250e+01 4.287995910644531250e+01
2.225968294143676758e+02 1.659629936218261719e+02 1.608864402770996094e+01 4.386617279052734375e+01
2.244662752151489258e+02 1.687843055725097656e+02 1.457491874694824219e+01 4.279238891601562500e+01
2.252789354324340820e+02 1.685344715118408203e+02 1.390459251403808594e+01 4.166997909545898438e+01
2.271159272193908691e+02 1.676381664276123047e+02 1.396167278289794922e+01 4.211197280883789062e+01
2.285224962234497070e+02 1.679024314880371094e+02 1.401186180114746094e+01 4.217582702636718750e+01
2.294991059303283691e+02 1.680614986419677734e+02 1.366708660125732422e+01 4.218494033813476562e+01
2.314218306541442871e+02 1.679756221771240234e+02 1.371334552764892578e+01 4.232351303100585938e+01
2.312783703804016113e+02 1.679153099060058594e+02 1.458206081390380859e+01 4.162700653076171875e+01
2.324375147819519043e+02 1.688319835662841797e+02 1.503979587554931641e+01 4.055209732055664062e+01
2.336163396835327148e+02 1.686932353973388672e+02 1.576103401184082031e+01 4.036399459838867188e+01
2.339014434814453125e+02 1.683185977935791016e+02 1.569063568115234375e+01 4.112055587768554688e+01
2.353940048217773438e+02 1.681884098052978516e+02 1.554730987548828125e+01 4.173572921752929688e+01
2.373207221031188965e+02 1.689964752197265625e+02 1.558658313751220703e+01 4.062733459472656250e+01
2.374734592437744141e+02 1.677510299682617188e+02 1.616647720336914062e+01 4.016767883300781250e+01
2.383697438240051270e+02 1.675575428009033203e+02 1.552832698822021484e+01 3.940380477905273438e+01
2.408920683860778809e+02 1.675405979156494141e+02 1.436662006378173828e+01 3.918920516967773438e+01
2.419613337516784668e+02 1.676423263549804688e+02 1.433548069000244141e+01 3.852463531494140625e+01
2.433641757965087891e+02 1.689074916839599609e+02 1.379726791381835938e+01 3.912694168090820312e+01
2.442381329536437988e+02 1.686733474731445312e+02 1.453901576995849609e+01 3.795244598388671875e+01
2.453593897819519043e+02 1.680284423828125000e+02 1.520340824127197266e+01 3.794141387939453125e+01
2.477640357017517090e+02 1.693709716796875000e+02 1.592107105255126953e+01 3.814648437500000000e+01
2.484992733001708984e+02 1.685200157165527344e+02 1.559833908081054688e+01 3.792832183837890625e+01
2.503034496307373047e+02 1.703701210021972656e+02 1.463670730590820312e+01 3.688242340087890625e+01
2.508667440414428711e+02 1.695897064208984375e+02 1.514084053039550781e+01 3.693751525878906250e+01
2.524223108291625977e+02 1.684311828613281250e+02 1.453310203552246094e+01 3.784355163574218750e+01
2.532507967948913574e+02 1.693033256530761719e+02 1.433847141265869141e+01 3.831870269775390625e+01
2.561804347038269043e+02 1.694537258148193359e+02 1.342523288726806641e+01 3.760899734497070312e+01
2.566508197784423828e+02 1.652419166564941406e+02 1.352873611450195312e+01 4.013974761962890625e+01
2.569795746803283691e+02 1.686249885559082031e+02 1.493575572967529297e+01 3.954297637939453125e+01
2.597113218307495117e+02 1.679698600769042969e+02 1.341300392150878906e+01 3.865619659423828125e+01
2.608191576004028320e+02 1.685968513488769531e+02 1.383643913269042969e+01 3.891117858886718750e+01
2.616516413688659668e+02 1.687738285064697266e+02 1.400759220123291016e+01 3.693684768676757812e+01
2.619332537651062012e+02 1.676544647216796875e+02 1.541450595855712891e+01 3.818595886230468750e+01
2.628289680480957031e+02 1.681238918304443359e+02 1.601290130615234375e+01 3.763750839233398438e+01
2.643052825927734375e+02 1.669839572906494141e+02 1.697599792480468750e+01 4.071200942993164062e+01
2.655395231246948242e+02 1.669286632537841797e+02 1.703923988342285156e+01 3.981239700317382812e+01
2.662587518692016602e+02 1.682968120574951172e+02 1.663527488708496094e+01 3.922336959838867188e+01
2.683086161613464355e+02 1.683390197753906250e+02 1.472164249420166016e+01 3.898728942871093750e+01
2.692181501388549805e+02 1.674984397888183594e+02 1.367587471008300781e+01 3.852018737792968750e+01
2.700601444244384766e+02 1.673210830688476562e+02 1.433221817016601562e+01 3.900735473632812500e+01
2.702935371398925781e+02 1.674075260162353516e+02 1.525965118408203125e+01 4.052077102661132812e+01
2.717064328193664551e+02 1.666141738891601562e+02 1.550157833099365234e+01 4.237568664550781250e+01
2.739275798797607422e+02 1.683847618103027344e+02 1.473681259155273438e+01 4.107489013671875000e+01
2.748500890731811523e+02 1.668442096710205078e+02 1.672397804260253906e+01 4.140042495727539062e+01
2.761313743591308594e+02 1.676734771728515625e+02 1.870737457275390625e+01 4.005752563476562500e+01
2.779814863204956055e+02 1.679393424987792969e+02 1.943124580383300781e+01 3.947422027587890625e+01
2.781403455734252930e+02 1.688284454345703125e+02 1.864247322082519531e+01 3.932546997070312500e+01
2.781889915466308594e+02 1.693697204589843750e+02 1.906452941894531250e+01 3.968959045410156250e+01
2.803901424407958984e+02 1.677155742645263672e+02 1.842518234252929688e+01 4.095099258422851562e+01
2.806578989028930664e+02 1.689457607269287109e+02 1.762723350524902344e+01 3.971927261352539062e+01
2.820550546646118164e+02 1.675117588043212891e+02 1.725525474548339844e+01 4.105123519897460938e+01
2.839103493690490723e+02 1.669915943145751953e+02 1.539456462860107422e+01 4.049673843383789062e+01
2.855558300018310547e+02 1.677055149078369141e+02 1.320906448364257812e+01 4.118486404418945312e+01
2.868357377052307129e+02 1.679819183349609375e+02 1.479294109344482422e+01 3.987472534179687500e+01
2.878493919372558594e+02 1.638672771453857422e+02 1.554405212402343750e+01 4.357962417602539062e+01
2.898836069107055664e+02 1.666023445129394531e+02 1.562119865417480469e+01 4.262831115722656250e+01
2.903202772140502930e+02 1.671711368560791016e+02 1.525538825988769531e+01 4.106963729858398438e+01
2.928931684494018555e+02 1.673741340637207031e+02 1.673574256896972656e+01 4.088619232177734375e+01
2.925373067855834961e+02 1.690151157379150391e+02 1.769747352600097656e+01 3.961743545532226562e+01
2.942681255340576172e+02 1.663464374542236328e+02 1.681389236450195312e+01 4.200777816772460938e+01
2.956731138229370117e+02 1.678319587707519531e+02 1.659964942932128906e+01 4.031435394287109375e+01
2.962296123504638672e+02 1.676719989776611328e+02 1.774633407592773438e+01 4.058756637573242188e+01
2.980660429000854492e+02 1.667645015716552734e+02 1.792774391174316406e+01 4.144619369506835938e+01
2.996798868179321289e+02 1.651274967193603516e+02 1.666178703308105469e+01 4.352759933471679688e+01
3.007318458557128906e+02 1.659282436370849609e+02 1.561513519287109375e+01 4.261757278442382812e+01
3.021089415550231934e+02 1.669501380920410156e+02 1.592270374298095703e+01 4.153899383544921875e+01
3.031151504516601562e+02 1.669216861724853516e+02 1.596014404296875000e+01 4.239175796508789062e+01
3.035077056884765625e+02 1.670421447753906250e+02 1.603464508056640625e+01 4.150135803222656250e+01
3.051228537559509277e+02 1.671587715148925781e+02 1.525838184356689453e+01 4.236318969726562500e+01
3.064957532882690430e+02 1.675795803070068359e+02 1.427403450012207031e+01 4.216399765014648438e+01
3.081427664756774902e+02 1.680341491699218750e+02 1.553795337677001953e+01 4.061875915527343750e+01
3.083428659439086914e+02 1.683296241760253906e+02 1.629188346862792969e+01 4.019981384277343750e+01
3.092168669700622559e+02 1.688465366363525391e+02 1.596629047393798828e+01 3.927070236206054688e+01
3.111527395248413086e+02 1.686055812835693359e+02 1.543400764465332031e+01 3.934459304809570312e+01
3.124801778793334961e+02 1.683619861602783203e+02 1.612517738342285156e+01 3.943397903442382812e+01
3.129790687561035156e+02 1.676396923065185547e+02 1.624309539794921875e+01 3.994330978393554688e+01
3.153820281028747559e+02 1.674536666870117188e+02 1.463307666778564453e+01 4.025061798095703125e+01
3.154908275604248047e+02 1.671712932586669922e+02 1.424479293823242188e+01 4.027045822143554688e+01
3.172531127929687500e+02 1.673939933776855469e+02 1.344876861572265625e+01 3.998406982421875000e+01
3.192611699104309082e+02 1.673472023010253906e+02 1.328449153900146484e+01 3.951736450195312500e+01
3.194761037826538086e+02 1.678703060150146484e+02 1.326639747619628906e+01 3.921348953247070312e+01
3.210314497947692871e+02 1.681502494812011719e+02 1.400793170928955078e+01 3.949474334716796875e+01
3.204140906333923340e+02 1.676931858062744141e+02 1.562348651885986328e+01 3.967311477661132812e+01
3.227102413177490234e+02 1.664226627349853516e+02 1.528290176391601562e+01 4.075065231323242188e+01
3.242058563232421875e+02 1.664171333312988281e+02 1.560940551757812500e+01 4.076981353759765625e+01
3.236599750518798828e+02 1.682586116790771484e+02 1.772287368774414062e+01 3.914879226684570312e+01
3.246292638778686523e+02 1.671486072540283203e+02 1.825646400451660156e+01 3.949614334106445312e+01
3.251357517242431641e+02 1.669872398376464844e+02 1.795944595336914062e+01 3.966706085205078125e+01
3.268198089599609375e+02 1.673251266479492188e+02 1.726643371582031250e+01 3.957826232910156250e+01
3.298651285171508789e+02 1.665492324829101562e+02 1.474284934997558594e+01 3.957699584960937500e+01
3.302429800033569336e+02 1.669424018859863281e+02 1.406272315979003906e+01 3.915271759033203125e+01
3.327606930732727051e+02 1.665180091857910156e+02 1.357517910003662109e+01 3.901643371582031250e+01
3.338467569351196289e+02 1.666963939666748047e+02 1.418791770935058594e+01 3.917307662963867188e+01
3.350463218688964844e+02 1.667174835205078125e+02 1.433340454101562500e+01 3.903502655029296875e+01
3.350151786804199219e+02 1.663511238098144531e+02 1.412953948974609375e+01 3.884662628173828125e+01
3.373632988929748535e+02 1.670146312713623047e+02 1.408727550506591797e+01 3.847080612182617188e+01
3.375748777389526367e+02 1.669252815246582031e+02 1.399051856994628906e+01 3.890127563476562500e+01
3.381709256172180176e+02 1.654913539886474609e+02 1.450403499603271484e+01 4.057343673706054688e+01
3.406669178009033203e+02 1.670888252258300781e+02 1.391183853149414062e+01 3.900979614257812500e+01
3.419358062744140625e+02 1.669409561157226562e+02 1.644354248046875000e+01 3.889783477783203125e+01
3.430420808792114258e+02 1.621718921661376953e+02 2.708469963073730469e+01 4.247164535522460938e+01
3.412719116210937500e+02 1.615464515686035156e+02 2.863422393798828125e+01 4.732277679443359375e+01
3.419242877960205078e+02 1.600515193939208984e+02 3.325461196899414062e+01 4.788083267211914062e+01
3.427759552001953125e+02 1.540082778930664062e+02 3.327262115478515625e+01 5.210505676269531250e+01
3.442328529357910156e+02 1.435104827880859375e+02 3.507710266113281250e+01 6.044830322265625000e+01
3.393041725158691406e+02 1.383473663330078125e+02 4.493609619140625000e+01 5.976069641113281250e+01
3.405426464080810547e+02 1.228822975158691406e+02 4.972300338745117188e+01 7.807059478759765625e+01
3.244775238037109375e+02 1.270121192932128906e+02 7.128995513916015625e+01 9.252790069580078125e+01
3.253698310852050781e+02 1.147781143188476562e+02 7.769232177734375000e+01 9.361151123046875000e+01
3.405294036865234375e+02 1.255681686401367188e+02 8.952387237548828125e+01 9.273626708984375000e+01
3.274577560424804688e+02 1.068605422973632812e+02 7.598168182373046875e+01 1.046492004394531250e+02
3.332919692993164062e+02 1.123540916442871094e+02 8.845674896240234375e+01 9.335909271240234375e+01
3.130924148559570312e+02 1.263248291015625000e+02 7.806545257568359375e+01 9.026368713378906250e+01
3.244726104736328125e+02 1.223275222778320312e+02 9.108350372314453125e+01 1.073426208496093750e+02
3.452348175048828125e+02 1.187432403564453409e+02 1.215509414672851562e+02 9.383311462402343750e+01
3.610710716247558594e+02 1.379381179809570312e+02 1.329507904052734375e+02 7.280114746093750000e+01
4.424185371398925781e+02 1.307811546325683310e+02 6.958146286010742188e+01 8.478868865966796875e+01
4.456062030792236328e+02 1.157132949829101278e+02 6.603495788574218750e+01 8.545639038085937500e+01
4.510404739379882812e+02 1.244369201660155966e+02 5.934888076782226562e+01 8.308500671386718750e+01
4.625652256011962891e+02 1.424574966430663778e+02 4.929074096679687500e+01 6.880648803710937500e+01
4.586799926757812500e+02 1.503768405914306356e+02 4.992926406860351562e+01 5.190244674682617188e+01
4.526328697204589844e+02 1.539071121215820028e+02 5.125431442260742188e+01 5.088482666015625000e+01
4.696242084503173828e+02 1.579751949310302450e+02 4.053137207031250000e+01 4.755919265747070312e+01
4.822959928512573242e+02 1.623149223327636435e+02 2.791450309753417969e+01 4.208156585693359375e+01
4.826706447601318359e+02 1.669246959686279013e+02 2.839415740966796875e+01 4.039311599731445312e+01
4.813244791030883789e+02 1.662044067382812216e+02 2.930876350402832031e+01 3.573933410644531250e+01
4.785168380737304688e+02 1.629920921325683310e+02 3.119527053833007812e+01 3.709563446044921875e+01
4.724320907592773438e+02 1.620995140075683310e+02 3.447763442993164062e+01 4.403772735595703125e+01
4.778069868087768555e+02 1.633312454223632528e+02 3.127190971374511719e+01 3.771810913085937500e+01
4.823285684585571289e+02 1.678409767150878622e+02 2.967143154144287109e+01 3.901192474365234375e+01
4.835130209922790527e+02 1.667880134582519247e+02 2.756670188903808594e+01 3.598142242431640625e+01
4.804113945960998535e+02 1.649393501281737997e+02 3.013484573364257812e+01 3.776130676269531250e+01
4.772084259986877441e+02 1.649970798492431356e+02 3.241367721557617188e+01 3.985310745239257812e+01
4.838398880958557129e+02 1.659164543151855185e+02 2.816011190414428711e+01 3.678152465820312500e+01
4.767552063465118408e+02 1.639582710266112997e+02 3.293769836425781250e+01 3.825977325439453125e+01
4.830063927173614502e+02 1.664596233367919638e+02 2.858075714111328125e+01 4.145732498168945312e+01
4.819352037906646729e+02 1.667512454986571981e+02 2.943546104431152344e+01 3.516163253784179688e+01
4.823770096302032471e+02 1.667382278442382528e+02 2.876712036132812500e+01 3.804508972167968750e+01
4.831630051136016846e+02 1.652676067352294638e+02 2.845672607421875000e+01 3.591948318481445312e+01
4.849679386615753174e+02 1.644556560516357138e+02 2.628818893432617188e+01 4.293971633911132812e+01
4.740712921619415283e+02 1.648708381652831747e+02 3.497946929931640625e+01 3.463902282714843750e+01
4.811267063617706299e+02 1.674877433776855185e+02 3.024034500122070312e+01 3.898280334472656250e+01
4.843149492740631104e+02 1.658981075286864950e+02 2.747125053405761719e+01 3.728162765502929688e+01
4.816652929782867432e+02 1.657691726684570028e+02 2.891523170471191406e+01 3.687606048583984375e+01
4.827063381671905518e+02 1.670134124755859091e+02 2.812788009643554688e+01 3.827454376220703125e+01
4.833817522525787354e+02 1.640508918762206747e+02 2.777198600769042969e+01 3.800554656982421875e+01
4.846893808841705322e+02 1.645738792419433310e+02 2.664595603942871094e+01 4.222342681884765625e+01
4.759793083667755127e+02 1.649929637908935263e+02 3.326774597167968750e+01 3.570868301391601562e+01
4.783351566791534424e+02 1.639649524688720419e+02 3.131937026977539062e+01 4.254481124877929688e+01
4.823627378940582275e+02 1.642146072387695028e+02 2.924130439758300781e+01 3.865130615234375000e+01
4.787242748737335205e+02 1.624618263244628622e+02 3.239414596557617188e+01 4.059091949462890625e+01
4.817520210742950439e+02 1.629016418457030966e+02 2.991339111328125000e+01 4.537530517578125000e+01
4.736460697650909424e+02 1.663169975280761435e+02 3.505337905883789062e+01 3.469261932373046875e+01
4.766460888385772705e+02 1.649390144348144247e+02 3.199534225463867188e+01 3.793881988525390625e+01
4.751017372608184814e+02 1.639817810058593466e+02 3.428744506835937500e+01 3.648760986328125000e+01
4.808500530719757080e+02 1.657680301666259481e+02 3.015548324584960938e+01 4.098348617553710938e+01
4.836303246021270752e+02 1.655399761199950888e+02 2.835060119628906250e+01 3.742238235473632812e+01
4.776371757984161377e+02 1.634969501495361044e+02 3.233550262451171875e+01 3.925474166870117188e+01
4.788302500247955322e+02 1.625724678039550497e+02 3.166061210632324219e+01 3.993509674072265625e+01
4.790217258930206299e+02 1.644624042510986044e+02 3.244979476928710938e+01 4.400744247436523438e+01
4.822502300739288330e+02 1.670205841064452841e+02 2.974976992607116699e+01 3.838194274902343750e+01
4.827853866815567017e+02 1.653915195465087606e+02 2.878054618835449219e+01 3.567370223999023438e+01
4.837070251703262329e+02 1.662188892364501669e+02 2.764408683776855469e+01 4.055212020874023438e+01
4.803997102975845337e+02 1.661489372253417685e+02 3.047987747192382812e+01 3.641249847412109375e+01
4.797844520807266235e+02 1.627294387817382528e+02 2.993143272399902344e+01 4.146566772460937500e+01
4.713111959695816040e+02 1.610724124908446981e+02 3.529589843750000000e+01 4.357955551147460938e+01
4.825919996500015259e+02 1.628961219787597372e+02 2.914038848876953125e+01 4.488362884521484375e+01
4.814356828927993774e+02 1.663270950317382528e+02 3.011314773559570312e+01 3.425561523437500000e+01
4.834678770303726196e+02 1.638582401275634481e+02 2.755130767822265625e+01 4.145980453491210938e+01
4.842436405420303345e+02 1.674162235260009481e+02 2.745621681213378906e+01 3.369089889526367188e+01
4.833336912393569946e+02 1.670145740509032919e+02 2.730133056640625000e+01 3.415222549438476562e+01
4.836552425622940063e+02 1.657693977355956747e+02 2.782244300842285156e+01 3.664772033691406250e+01
4.800360475778579712e+02 1.645481452941894247e+02 3.054553604125976562e+01 3.777635955810546875e+01
4.716320577859878540e+02 1.624845809936523153e+02 3.488716888427734375e+01 3.967814636230468750e+01
4.757932230234146118e+02 1.610071163177489950e+02 3.289842605590820312e+01 4.276031875610351562e+01
4.684909502267837524e+02 1.590247573852538778e+02 3.610947799682617188e+01 4.459240722656250000e+01
4.722911268472671509e+02 1.605741748809814169e+02 3.506820678710937500e+01 4.151551437377929688e+01
4.667036691904067993e+02 1.609275455474853231e+02 3.624618911743164062e+01 4.372761154174804688e+01
4.748714491128921509e+02 1.597295303344726278e+02 3.406193542480468750e+01 4.266644287109375000e+01
4.618528162240982056e+02 1.572057857513427450e+02 4.209463882446289062e+01 4.515141677856445312e+01
4.200617958307266235e+02 1.614997959136962606e+02 2.247089958190917969e+01 4.686140060424804688e+01
4.236695591211318970e+02 1.648339214324950888e+02 1.705818367004394531e+01 4.392027664184570312e+01
4.250736089944839478e+02 1.643262977600097372e+02 1.592617797851562500e+01 4.397341918945312500e+01
4.253794180154800415e+02 1.650048484802245810e+02 1.638797760009765625e+01 4.225531768798828125e+01
4.257756139039993286e+02 1.652182235717773153e+02 1.574300098419189453e+01 3.944179534912109375e+01
4.266866832971572876e+02 1.665054302215575888e+02 1.650950050354003906e+01 3.820970535278320312e+01
4.275954271554946899e+02 1.672937812805175497e+02 1.741643142700195312e+01 3.760205078125000000e+01
4.285486885309219360e+02 1.668088874816894247e+02 1.575679588317871094e+01 3.820880126953125000e+01
4.304321366548538208e+02 1.677259635925292685e+02 1.517211246490478516e+01 3.726048278808593750e+01
4.315930033922195435e+02 1.677175331115722372e+02 1.535359096527099609e+01 3.747766113281250000e+01
4.324750839471817017e+02 1.669369812011718466e+02 1.710491752624511719e+01 3.811332702636718750e+01
4.320073648691177368e+02 1.670204982757568075e+02 1.722038650512695312e+01 3.799493789672851562e+01
4.341413503885269165e+02 1.660774135589599325e+02 1.700398254394531250e+01 3.909946823120117188e+01
4.342911125421524048e+02 1.657197189331054403e+02 1.643859672546386719e+01 3.890630340576171875e+01
4.348665415048599243e+02 1.667930145263671591e+02 1.744174575805664062e+01 3.784732818603515625e+01
4.361543909311294556e+02 1.669263229370116903e+02 1.765198135375976562e+01 3.847085571289062500e+01
4.379165107011795044e+02 1.664434776306152060e+02 1.598043346405029297e+01 3.872416687011718750e+01
4.381661254167556763e+02 1.666225395202636435e+02 1.527443218231201172e+01 3.814845275878906250e+01
4.390219269990921021e+02 1.663465385437011435e+02 1.576466464996337891e+01 3.832377624511718750e+01
4.394909330606460571e+02 1.661748485565185263e+02 1.628084564208984375e+01 3.802580642700195312e+01
4.386492286920547485e+02 1.664144668579101278e+02 1.804170799255371094e+01 3.826489257812500000e+01
4.398399721384048462e+02 1.660913200378417685e+02 1.805792617797851562e+01 3.927974700927734375e+01
