4.000000000000000000e+00 8.200000000000000000e+01 1.700000000000000000e+01 2.700000000000000000e+01
4.903092384338378906e+00 8.176925849914550781e+01 1.825346946716308594e+01 2.751391220092773438e+01
7.410465240478515625e+00 7.953566169738769531e+01 1.971985626220703125e+01 2.903231430053710938e+01
1.098895645141601562e+01 8.167079353332519531e+01 2.011968231201171875e+01 2.670101547241210938e+01
1.361502742767334695e+01 8.020227432250976562e+01 1.926877021789550781e+01 2.684314727783203125e+01
1.615926933288574929e+01 8.049555587768554688e+01 1.993397903442382812e+01 2.704029083251953125e+01
1.891426658630372515e+01 7.895489692687988281e+01 1.977514266967773438e+01 2.861751174926757812e+01
2.150294399261476030e+01 7.921354675292968750e+01 2.022646522521972656e+01 2.758327484130859375e+01
2.483055400848390093e+01 7.843881320953369141e+01 2.006740760803222656e+01 2.689254570007324219e+01
2.754480457305910335e+01 7.903945350646972656e+01 2.055896568298339844e+01 2.684639358520507812e+01
3.027953243255617366e+01 7.771562004089355469e+01 2.028663063049316406e+01 2.958511734008789062e+01
3.420153617858888140e+01 7.683738040924072266e+01 1.825196456909179688e+01 2.764301872253417969e+01
3.724237537384034624e+01 7.676346969604492188e+01 1.805257225036621094e+01 2.992449188232421875e+01
3.809847259521486507e+01 7.748712635040283203e+01 1.986634063720703125e+01 2.934829521179199219e+01
4.147025966644289241e+01 7.711309337615966797e+01 1.948897743225097656e+01 2.968970680236816406e+01
4.503061008453371272e+01 7.782761096954345703e+01 1.839310264587402344e+01 2.924602317810058594e+01
4.882515907287600498e+01 7.680827522277832031e+01 1.749185562133789062e+01 3.020151138305664062e+01
5.101236820220950108e+01 7.779699134826660156e+01 1.802458000183105469e+01 2.802959060668945312e+01
5.278379821777346592e+01 7.680782699584960938e+01 1.990885925292968750e+01 2.750553894042968750e+01
5.516172313690188389e+01 7.686306953430175781e+01 1.892479133605957031e+01 2.660877609252929688e+01
5.787244987487795811e+01 7.742806625366210938e+01 1.839188003540039062e+01 2.597789764404296875e+01
6.134932041168215733e+01 7.776629447937011719e+01 1.804225730895996094e+01 2.618394851684570312e+01
6.319962120056155186e+01 7.704559516906738281e+01 1.760901260375976562e+01 2.637661361694335938e+01
6.476730823516848545e+01 7.495245742797851562e+01 1.660305595397949219e+01 2.828043365478515625e+01
6.747266387939455967e+01 7.467993068695068359e+01 1.754299163818359375e+01 2.883766365051269531e+01
7.046303462982180577e+01 7.494957637786865234e+01 1.818114662170410156e+01 2.881127357482910156e+01
7.228291702270510655e+01 7.563930797576904297e+01 1.912774658203125000e+01 2.874598121643066406e+01
7.470710945129397373e+01 7.511099910736083984e+01 1.810037612915039062e+01 2.751671028137207031e+01
7.946652793884280186e+01 7.514368152618408203e+01 1.519262313842773438e+01 2.760536766052246094e+01
8.199826622009280186e+01 7.651945877075195312e+01 1.602139663696289062e+01 2.611883544921875000e+01
8.251278686523440342e+01 7.636567211151123047e+01 1.860880279541015625e+01 2.465136909484863281e+01
8.509902954101565342e+01 7.446149730682373047e+01 1.791599273681640625e+01 2.672389411926269531e+01
8.725954723358157139e+01 7.433924674987792969e+01 1.818327522277832031e+01 2.636498641967773438e+01
9.103659439086916905e+01 7.409895133972167969e+01 1.695464324951171875e+01 2.575868606567382812e+01
9.240336990356448155e+01 7.536650276184082031e+01 1.702065277099609375e+01 2.440657424926757812e+01
9.422930335998537998e+01 7.459375476837158203e+01 1.798183059692382812e+01 2.372871208190917969e+01
9.570924568176272373e+01 7.393031406402587891e+01 1.861028671264648438e+01 2.550952720642089844e+01
9.823816585540774327e+01 7.317530632019042969e+01 1.834832191467285156e+01 2.489189529418945312e+01
1.010661039352417276e+02 7.365322589874267578e+01 1.823535346984863281e+01 2.517771720886230469e+01
1.034522953033447550e+02 7.492052650451660156e+01 1.769687271118164062e+01 2.482282638549804688e+01
1.056630277633667276e+02 7.438682746887207031e+01 1.795446205139160156e+01 2.587361526489257812e+01
1.073268451690674112e+02 7.379765605926513672e+01 1.835061264038085938e+01 2.639429664611816406e+01
1.093415260314941690e+02 7.490816497802734375e+01 1.811073303222656250e+01 2.393143463134765625e+01
1.117970228195190714e+02 7.364473819732666016e+01 1.827206611633300781e+01 2.324829673767089844e+01
1.136829261779785440e+02 7.254024505615234375e+01 1.843934631347656250e+01 2.565814971923828125e+01
1.156105499267578409e+02 7.305028152465820312e+01 1.768523406982421875e+01 2.596092987060546875e+01
1.179108552932739542e+02 7.250313091278076172e+01 1.817246818542480469e+01 2.550088691711425781e+01
1.196257791519165323e+02 7.330042457580566406e+01 1.828055381774902344e+01 2.233260726928710938e+01
1.214283723831177042e+02 7.256699275970458984e+01 1.849813652038574219e+01 2.430986213684082031e+01
1.230582847595215128e+02 7.300523471832275391e+01 1.876120758056640625e+01 2.358530998229980469e+01
1.255096588134765909e+02 7.360711383819580078e+01 1.807183837890625000e+01 2.296771049499511719e+01
1.267867851257324503e+02 7.354108715057373047e+01 1.809479522705078125e+01 2.184262275695800781e+01
1.288204126358032511e+02 7.354115486145019531e+01 1.819416618347167969e+01 2.170608901977539062e+01
1.309224557876587198e+02 7.252025604248046875e+01 1.800233268737792969e+01 2.337180328369140625e+01
1.333793859481811808e+02 7.144336986541748047e+01 1.817757606506347656e+01 2.351046943664550781e+01
1.343925619125366495e+02 7.237514877319335938e+01 1.845125770568847656e+01 2.208287048339843750e+01
1.363484716415405558e+02 7.219301223754882812e+01 1.854636573791503906e+01 2.244017028808593750e+01
1.383668766021728800e+02 7.265919971466064453e+01 1.756468582153320312e+01 2.184471702575683594e+01
1.399615564346313761e+02 7.264171314239501953e+01 1.818869590759277344e+01 2.108501243591308594e+01
1.415588827133178995e+02 7.152419567108154297e+01 1.841650581359863281e+01 2.221494483947753906e+01
1.445090255737304972e+02 7.091176986694335938e+01 1.788948059082031250e+01 2.350228881835937500e+01
1.460105257034302042e+02 7.080447196960449219e+01 1.770466423034667969e+01 2.340764236450195312e+01
1.478125152587890909e+02 7.051726055145263672e+01 1.750552368164062500e+01 2.157967567443847656e+01
1.490680990219116495e+02 7.149511337280273438e+01 1.754664039611816406e+01 2.199478149414062500e+01
1.511432218551636026e+02 7.123719692230224609e+01 1.831136512756347656e+01 2.046639442443847656e+01
1.530628128051758097e+02 7.161253738403320312e+01 1.755234527587890625e+01 2.194033813476562500e+01
1.549176149368286417e+02 7.132101249694824219e+01 1.768679618835449219e+01 2.120409011840820312e+01
1.556045074462890909e+02 7.155815792083740234e+01 1.824397277832031250e+01 2.147412300109863281e+01
1.577595148086548136e+02 7.133755874633789062e+01 1.740445518493652344e+01 2.084882354736328125e+01
1.597660913467407511e+02 7.113781166076660156e+01 1.707237815856933594e+01 2.136933517456054688e+01
1.610716667175293253e+02 7.091752529144287109e+01 1.764342498779296875e+01 2.023779487609863281e+01
1.627105274200439737e+02 7.040179634094238281e+01 1.800500106811523438e+01 2.115484237670898438e+01
1.647625055313110636e+02 6.996370410919189453e+01 1.742076683044433594e+01 2.209121513366699219e+01
1.662976198196411417e+02 6.919225692749023438e+01 1.743119621276855469e+01 2.088599395751953125e+01
1.674221220016479776e+02 6.983153629302978516e+01 1.729351997375488281e+01 2.138380241394042969e+01
1.687979192733764933e+02 7.039071750640869141e+01 1.759670448303222656e+01 2.013190269470214844e+01
1.704406633377075480e+02 7.097862052917480469e+01 1.759523582458496094e+01 1.981556320190429688e+01
1.720748682022095011e+02 7.112998580932617188e+01 1.763141441345214844e+01 1.943048095703125000e+01
1.740430154800415323e+02 7.072071266174316406e+01 1.785781669616699219e+01 2.000040817260742188e+01
1.750355558395386026e+02 6.959116268157958984e+01 1.791613197326660156e+01 2.000432014465332031e+01
1.767778539657593058e+02 6.922652626037597656e+01 1.768408393859863281e+01 2.030877304077148438e+01
1.780271072387695597e+02 6.905724334716796875e+01 1.758056640625000000e+01 2.193968963623046875e+01
1.800540428161621378e+02 6.856428432464599609e+01 1.776551055908203125e+01 2.036284065246582031e+01
1.817998418807983683e+02 6.881205940246582031e+01 1.729035377502441406e+01 2.170917129516601562e+01
1.833210325241089151e+02 6.893047523498535156e+01 1.706633186340332031e+01 1.972674942016601562e+01
1.840683135986328409e+02 6.902999401092529297e+01 1.729603576660156250e+01 2.067379951477050781e+01
1.851826782226562784e+02 6.949051189422607422e+01 1.743033599853515625e+01 2.089563179016113281e+01
1.874481229782104776e+02 6.945335865020751953e+01 1.720446968078613281e+01 1.996670341491699219e+01
1.879006595611572550e+02 6.842250919342041016e+01 1.740976333618164062e+01 2.064330863952636719e+01
1.897537651062012003e+02 6.849351310729980469e+01 1.678649902343750000e+01 1.958858871459960938e+01
1.908613500595093058e+02 6.839812660217285156e+01 1.717054176330566406e+01 1.968893814086914062e+01
1.927288675308227823e+02 6.818685913085937500e+01 1.760100364685058594e+01 2.067230224609375000e+01
1.934764575958252237e+02 6.810456562042236328e+01 1.754034805297851562e+01 1.919251823425292969e+01
1.954570360183716105e+02 6.762513351440429688e+01 1.692552757263183594e+01 1.923374176025390625e+01
1.965180387496948526e+02 6.764814758300781250e+01 1.759051704406738281e+01 2.054370880126953125e+01
1.971046161651611612e+02 6.774668407440185547e+01 1.762410354614257812e+01 2.146553230285644531e+01
1.988974971771240519e+02 6.823945808410644531e+01 1.714890670776367188e+01 2.028810501098632812e+01
2.001243486404419230e+02 6.782128906250000000e+01 1.742475700378417969e+01 1.963029479980468750e+01
2.013240098953247355e+02 6.779245185852050781e+01 1.708155632019042969e+01 1.969086837768554688e+01
2.027123765945434855e+02 6.770493030548095703e+01 1.689307212829589844e+01 1.947089958190917969e+01
2.035080041885376261e+02 6.779673004150390625e+01 1.696406364440917969e+01 1.972652435302734375e+01
2.052775783538818644e+02 6.765908622741699219e+01 1.669865036010742188e+01 1.879727554321289062e+01
2.063036355972290323e+02 6.725424289703369141e+01 1.686337852478027344e+01 1.924102592468261719e+01
2.075186319351196573e+02 6.731094360351562500e+01 1.695527458190917969e+01 2.019011688232421875e+01
2.094198617935180948e+02 6.739822673797607422e+01 1.617649650573730469e+01 1.920939064025878906e+01
2.099229335784912394e+02 6.658351230621337891e+01 1.642831802368164062e+01 2.013062858581542969e+01
2.104119539260864542e+02 6.695719528198242188e+01 1.675367546081542969e+01 1.962164306640625000e+01
2.127472705841064737e+02 6.721485519409179688e+01 1.631924057006835938e+01 1.916086578369140625e+01
2.138163585662842081e+02 6.734742736816406250e+01 1.638682937622070312e+01 1.930915069580078125e+01
2.144763574600220011e+02 6.710190963745117188e+01 1.663446617126464844e+01 1.892929077148437500e+01
2.159385948181152628e+02 6.669085884094238281e+01 1.643707275390625000e+01 2.007975387573242188e+01
2.161239519119262980e+02 6.640925598144531250e+01 1.609310722351074219e+01 2.082895660400390625e+01
2.178719053268432901e+02 6.621749782562255859e+01 1.629847908020019531e+01 1.983069038391113281e+01
2.190089797973633097e+02 6.597026062011718750e+01 1.608025360107421875e+01 2.086746978759765625e+01
2.200779809951782511e+02 6.628379344940185547e+01 1.612840843200683594e+01 2.235778236389160156e+01
2.211283798217773722e+02 6.628076076507568359e+01 1.650785064697265625e+01 2.074657630920410156e+01
2.218329010009765909e+02 6.583565616607666016e+01 1.652603912353515625e+01 2.251637840270996094e+01
2.230964708328247355e+02 6.549685382843017578e+01 1.666470909118652344e+01 2.319093894958496094e+01
2.238237638473511026e+02 6.498397064208984375e+01 1.632006263732910156e+01 2.351494598388671875e+01
2.252967739105224894e+02 6.581972312927246094e+01 1.642602920532226562e+01 2.580210494995117188e+01
2.259308290481567667e+02 6.547884178161621094e+01 1.611237907409667969e+01 2.551898574829101562e+01
2.268025431632995890e+02 6.539582920074462891e+01 1.595011997222900391e+01 2.766589164733886719e+01
2.279625329971313761e+02 6.467702484130859375e+01 1.585496330261230469e+01 2.844758605957031250e+01
2.287875318527221964e+02 6.530675125122070312e+01 1.610161018371582031e+01 3.062422943115234375e+01
2.297496929168701456e+02 6.466641044616699219e+01 1.623553085327148438e+01 2.934512710571289062e+01
2.300997428894043253e+02 6.471338176727294922e+01 1.692287445068359375e+01 2.669214820861816406e+01
2.309325523376465128e+02 6.476663303375244141e+01 1.619548034667968750e+01 2.410530662536621094e+01
2.326350841522217081e+02 6.466241836547851562e+01 1.591743850708007812e+01 2.339739227294921875e+01
2.323024768829345987e+02 6.489244556427001953e+01 1.606692886352539062e+01 2.790610313415527344e+01
2.326208457946777628e+02 6.465818977355957031e+01 1.763730621337890625e+01 3.047475051879882812e+01
2.331906089782715128e+02 6.426780986785888672e+01 1.825247955322265625e+01 2.994323158264160156e+01
