9.600000000000000000e+01 8.300000000000000000e+01 1.600000000000000000e+01 1.600000000000000000e+01
9.623669147491455078e+01 8.182363891601562500e+01 1.552470970153808594e+01 1.729594421386718750e+01
9.623387575149536133e+01 8.249344635009765625e+01 1.554720211029052734e+01 1.707155609130859375e+01
9.608074760437011719e+01 8.200413417816162109e+01 1.566614913940429688e+01 1.715223884582519531e+01
9.599467658996582031e+01 8.158211040496826172e+01 1.565974807739257812e+01 1.725822639465332031e+01
9.605222415924072266e+01 8.216836357116699219e+01 1.557134819030761719e+01 1.719301986694335938e+01
9.590541553497314453e+01 8.173700332641601562e+01 1.570544242858886719e+01 1.716407775878906250e+01
9.586709690093994141e+01 8.223974895477294922e+01 1.569837760925292969e+01 1.723238563537597656e+01
9.576721048355102539e+01 8.171368122100830078e+01 1.574365520477294922e+01 1.734467124938964844e+01
9.618166160583496094e+01 8.193846130371093750e+01 1.568761062622070312e+01 1.721143341064453125e+01
9.608940553665161133e+01 8.158114242553710938e+01 1.580145931243896484e+01 1.720229339599609375e+01
9.625357866287231445e+01 8.214823150634765625e+01 1.553514003753662109e+01 1.737498474121093750e+01
9.615480089187622070e+01 8.190556430816650391e+01 1.572754573822021484e+01 1.727319908142089844e+01
9.615282678604125977e+01 8.178565025329589844e+01 1.572811412811279297e+01 1.704327011108398438e+01
9.627814340591430664e+01 8.230342006683349609e+01 1.562806987762451172e+01 1.729412269592285156e+01
9.620081138610839844e+01 8.191635417938232422e+01 1.592947006225585938e+01 1.776774787902832031e+01
9.607648658752441406e+01 8.200955200195312500e+01 1.631089401245117188e+01 1.768272399902343750e+01
9.604845809936523438e+01 8.243690681457519531e+01 1.634220123291015625e+01 1.726935958862304688e+01
9.543768501281738281e+01 8.277834320068359375e+01 1.696576309204101562e+01 1.808935546875000000e+01
9.542329502105712891e+01 8.334950637817382812e+01 1.720850944519042969e+01 1.806521606445312500e+01
9.457038402557373047e+01 8.336947250366210938e+01 1.721782875061035156e+01 1.817147827148437500e+01
9.490411853790283203e+01 8.356724834442138672e+01 1.707386589050292969e+01 1.851951789855957031e+01
9.630806732177734375e+01 8.382580280303955078e+01 1.627674865722656250e+01 1.795213890075683594e+01
9.543084716796875000e+01 8.453705310821533203e+01 1.673780059814453125e+01 1.792938041687011719e+01
9.523229885101318359e+01 8.409316158294677734e+01 1.658362770080566406e+01 1.720282936096191406e+01
9.440588569641113281e+01 8.494844913482666016e+01 1.658208084106445312e+01 1.675512504577636719e+01
9.479615592956542969e+01 8.541382789611816406e+01 1.666965866088867188e+01 1.711803817749023438e+01
9.425886821746826172e+01 8.515229511260986328e+01 1.697286415100097656e+01 1.675478935241699219e+01
9.345550537109375000e+01 8.448738002777099609e+01 1.710026550292968750e+01 1.666967964172363281e+01
9.258740997314453125e+01 8.561472988128662109e+01 1.763525390625000000e+01 1.717469978332519531e+01
9.162984466552734375e+01 8.655632114410400391e+01 1.830545043945312500e+01 1.703898429870605469e+01
8.724129962921142578e+01 8.691028213500976562e+01 2.108464622497558594e+01 1.697394561767578125e+01
8.678512287139892578e+01 8.826802349090576172e+01 1.895252799987792969e+01 1.709395790100097656e+01
8.307402801513671875e+01 8.884212303161621094e+01 2.112957763671875000e+01 1.668252944946289062e+01
7.859440517425537109e+01 9.007284927368164062e+01 1.915927314758300781e+01 1.899705505371093750e+01
7.821501350402832031e+01 9.370020294189453125e+01 1.824287796020507812e+01 1.940930175781250000e+01
7.641723918914794922e+01 9.448199558258056641e+01 1.921408271789550781e+01 1.958676719665527344e+01
7.403619003295898438e+01 9.576903247833251953e+01 2.110036468505859375e+01 2.006238365173339844e+01
7.129284954071044922e+01 9.439050483703613281e+01 2.194523811340332031e+01 2.003451919555664062e+01
7.087750816345214844e+01 9.527181625366210938e+01 1.945778274536132812e+01 1.846694183349609375e+01
6.745368289947509766e+01 9.395986652374267578e+01 1.760224723815917969e+01 1.845398521423339844e+01
6.859684371948242188e+01 9.544410991668701172e+01 1.749901580810546875e+01 1.771910285949707031e+01
7.055614471435546875e+01 9.528576087951660156e+01 1.697819519042968750e+01 1.749839401245117188e+01
7.204619407653808594e+01 9.524895668029785156e+01 1.693513870239257812e+01 1.723202896118164062e+01
7.487600708007812500e+01 9.634120845794677734e+01 1.793059539794921875e+01 1.741147041320800781e+01
7.780097675323486328e+01 9.470234298706054688e+01 1.681686210632324219e+01 1.716237640380859375e+01
7.956688499450683594e+01 9.397751045227050781e+01 1.668131637573242188e+01 1.737022781372070312e+01
8.227254390716552734e+01 9.258104991912841797e+01 1.679165840148925781e+01 1.708522224426269531e+01
8.468661022186279297e+01 9.121594810485839844e+01 1.640633583068847656e+01 1.642325210571289062e+01
8.673745346069335938e+01 9.127248382568359375e+01 1.633654022216796875e+01 1.623669433593750000e+01
8.710769557952880859e+01 9.026686668395996094e+01 1.672243690490722656e+01 1.612307357788085938e+01
8.873263454437255859e+01 8.996720790863037109e+01 1.700613594055175781e+01 1.653222084045410156e+01
8.995686817169189453e+01 9.010934162139892578e+01 1.731690025329589844e+01 1.711530113220214844e+01
9.080604743957519531e+01 8.984127998352050781e+01 1.876424026489257812e+01 1.747237014770507812e+01
9.164453220367431641e+01 8.960260009765625000e+01 2.013056755065917969e+01 1.828605651855468750e+01
9.234930896759033203e+01 9.147325134277343750e+01 1.966879081726074219e+01 1.966996765136718750e+01
9.229173183441162109e+01 9.084853172302246094e+01 2.096135139465332031e+01 1.910825729370117188e+01
1.112233037948608398e+02 7.826585197448730469e+01 1.971833229064941406e+01 2.064226150512695312e+01
1.096811313629150391e+02 7.830629158020019531e+01 2.069138717651367188e+01 2.024874496459960938e+01
1.095291957855224609e+02 7.821415805816650391e+01 2.070853042602539062e+01 2.125736045837402344e+01
1.094493570327758789e+02 7.764551067352294922e+01 2.089175987243652344e+01 2.138826942443847656e+01
1.099758234024047852e+02 7.749910926818847656e+01 2.107169151306152344e+01 2.186656570434570312e+01
1.089380893707275391e+02 7.808688545227050781e+01 2.120980453491210938e+01 2.099026107788085938e+01
1.108697843551635742e+02 7.713681793212890625e+01 2.056748390197753906e+01 2.146337890625000000e+01
1.110439929962158203e+02 7.709716796875000000e+01 2.081630325317382812e+01 2.085068511962890625e+01
1.129128370285034180e+02 7.557607650756835938e+01 2.129498481750488281e+01 2.188717651367187500e+01
1.138701553344726562e+02 7.547163105010986328e+01 2.050059509277343750e+01 2.120374107360839844e+01
1.137020664215087891e+02 7.559454822540283203e+01 2.007938766479492188e+01 2.077762413024902344e+01
1.126404733657836914e+02 7.525057125091552734e+01 2.065574455261230469e+01 2.130680274963378906e+01
1.110652799606323242e+02 7.423290061950683594e+01 2.315162849426269531e+01 2.269368362426757812e+01
1.148414907455444336e+02 7.264828109741210938e+01 2.121401405334472656e+01 2.154873657226562500e+01
1.148127145767211914e+02 7.443580055236816406e+01 2.131844902038574219e+01 2.219932937622070312e+01
1.162517938613891602e+02 7.295382213592529297e+01 2.049310874938964844e+01 2.120915412902832031e+01
1.166780967712402344e+02 7.391477394104003906e+01 2.018986511230468750e+01 2.103355026245117188e+01
1.170666828155517578e+02 7.423361015319824219e+01 1.988508224487304688e+01 2.043894577026367188e+01
1.168932361602783203e+02 7.374385547637939453e+01 2.000087356567382812e+01 1.960830497741699219e+01
1.166542701721191406e+02 7.371832275390625000e+01 1.994287109375000000e+01 2.029882812500000000e+01
1.152943172454833984e+02 7.472781753540039062e+01 2.094056320190429688e+01 2.041156768798828125e+01
1.155682182312011719e+02 7.547076225280761719e+01 2.078292846679687500e+01 2.091634750366210938e+01
1.155072269439697266e+02 7.345849323272705078e+01 2.093643569946289062e+01 2.088250541687011719e+01
1.158241138458251953e+02 7.400946807861328125e+01 2.090401077270507812e+01 2.045082855224609375e+01
1.171780939102172852e+02 7.396547508239746094e+01 1.940256309509277344e+01 1.979111862182617188e+01
1.150234651565551758e+02 7.433037757873535156e+01 2.151761436462402344e+01 2.123115158081054688e+01
1.150313749313354492e+02 7.375547599792480469e+01 2.135254096984863281e+01 2.063975143432617188e+01
1.158689069747924805e+02 7.426171970367431641e+01 2.027175331115722656e+01 2.000900077819824219e+01
1.163752927780151367e+02 7.368623733520507812e+01 1.988794136047363281e+01 1.978916931152343750e+01
1.168863248825073242e+02 7.362454891204833984e+01 2.001187324523925781e+01 2.022290992736816406e+01
1.150204639434814453e+02 7.404287147521972656e+01 2.154820632934570312e+01 2.121122360229492188e+01
1.153333740234375000e+02 7.346786594390869141e+01 2.127449798583984375e+01 2.068501091003417969e+01
1.160949420928955078e+02 7.382214260101318359e+01 2.056335067749023438e+01 2.034803199768066406e+01
1.169719362258911133e+02 7.406768512725830078e+01 2.005357170104980469e+01 2.006348991394042969e+01
1.179582424163818359e+02 7.358368110656738281e+01 1.940988540649414062e+01 1.953717422485351562e+01
1.148801050186157227e+02 7.407710170745849609e+01 2.168163871765136719e+01 2.143985176086425781e+01
1.147708482742309570e+02 7.490218162536621094e+01 2.172611808776855469e+01 2.016803359985351562e+01
1.150096378326416016e+02 7.395647239685058594e+01 2.111841964721679688e+01 2.077199172973632812e+01
1.144078741073608398e+02 7.517348289489746094e+01 2.103653144836425781e+01 2.086555862426757812e+01
1.151643848419189453e+02 7.427805805206298828e+01 2.043397140502929688e+01 2.044542503356933594e+01
1.136769075393676758e+02 7.528575325012207031e+01 2.098877525329589844e+01 2.100185012817382812e+01
1.136474666595458984e+02 7.421776390075683594e+01 2.171410751342773438e+01 2.128687667846679688e+01
1.124913635253906250e+02 7.513723373413085938e+01 2.089112854003906250e+01 2.100174713134765625e+01
1.165217838287353516e+02 7.417595195770263672e+01 1.999111557006835938e+01 2.040344429016113281e+01
1.172776727676391602e+02 7.461008453369140625e+01 1.952399253845214844e+01 1.975540161132812500e+01
1.159651985168457031e+02 7.457182788848876953e+01 2.063986968994140625e+01 1.943250083923339844e+01
1.171163187026977539e+02 7.410517692565917969e+01 1.930245018005371094e+01 1.931120681762695312e+01
1.162238340377807617e+02 7.444936275482177734e+01 2.018928718566894531e+01 2.001790809631347656e+01
1.171891622543334961e+02 7.373498725891113281e+01 1.902918434143066406e+01 1.942516708374023438e+01
1.176028127670288086e+02 7.407862472534179688e+01 1.917840003967285156e+01 1.961209869384765625e+01
1.174556999206542969e+02 7.348254776000976562e+01 1.933314514160156250e+01 2.020566558837890625e+01
1.178547878265380859e+02 7.253758430480957031e+01 1.927348709106445312e+01 2.128536605834960938e+01
1.200438890457153320e+02 7.280623340606689453e+01 1.999997520446777344e+01 2.163052177429199219e+01
1.191120901107788086e+02 7.196350193023681641e+01 2.013868141174316406e+01 2.087703514099121094e+01
1.186035509109497070e+02 7.197623538970947266e+01 1.976730155944824219e+01 2.282114982604980469e+01
1.184408340454101562e+02 7.237075328826904297e+01 2.005994415283203125e+01 2.230610084533691406e+01
1.188655700683593750e+02 7.178499794006347656e+01 2.022293853759765625e+01 2.341485214233398438e+01
1.177639284133911133e+02 7.280664730072021484e+01 2.064246177673339844e+01 2.432145881652832031e+01
1.188817338943481445e+02 7.134303665161132812e+01 2.001817893981933594e+01 2.439453887939453125e+01
1.206329221725463867e+02 7.301899147033691406e+01 2.151895332336425781e+01 2.434560012817382812e+01
1.199944038391113281e+02 7.121624660491943359e+01 2.215422821044921875e+01 2.786580085754394531e+01
1.173168001174926758e+02 9.348643589019775391e+01 1.846039390563964844e+01 1.872575187683105469e+01
1.183793725967407227e+02 9.484010601043701172e+01 1.711808586120605469e+01 1.611865425109863281e+01
1.201730957031250000e+02 9.503589153289794922e+01 1.709061431884765625e+01 1.631847572326660156e+01
1.209355173110961914e+02 9.492670822143554688e+01 1.692394065856933594e+01 1.586885070800781250e+01
1.225577278137207031e+02 9.506553173065185547e+01 1.698027038574218750e+01 1.613660621643066406e+01
1.228820667266845703e+02 9.490173053741455078e+01 1.717126846313476562e+01 1.577767753601074219e+01
1.257528133392333984e+02 9.519898939132690430e+01 1.712456893920898438e+01 1.599442386627197266e+01
1.268914966583251953e+02 9.544784736633300781e+01 1.804161453247070312e+01 1.637559127807617188e+01
1.296357774734497070e+02 9.557413005828857422e+01 1.976876640319824219e+01 1.662786293029785156e+01
1.316294994354248047e+02 9.616973400115966797e+01 1.906777572631835938e+01 1.598817634582519531e+01
1.333984746932983398e+02 9.572193336486816406e+01 1.864829444885253906e+01 1.646934127807617188e+01
1.341899776458740234e+02 9.582176399230957031e+01 1.797188949584960938e+01 1.594673538208007812e+01
1.337936754226684570e+02 9.431511592864990234e+01 1.819549369812011719e+01 1.603286933898925781e+01
1.333836545944213867e+02 9.416498565673828125e+01 1.848011207580566406e+01 1.613725280761718750e+01
1.322286615371704102e+02 9.513267993927001953e+01 1.784432029724121094e+01 1.568989372253417969e+01
1.313602638244628906e+02 9.459674358367919922e+01 1.833482360839843750e+01 1.643561744689941406e+01
1.305052738189697266e+02 9.439443778991699219e+01 1.950523757934570312e+01 1.671094894409179688e+01
1.296557292938232422e+02 9.473835086822509766e+01 1.966332626342773438e+01 1.658364677429199219e+01
1.293484869003295898e+02 9.289163970947265625e+01 2.242621803283691406e+01 1.784642028808593750e+01
1.289485225677490234e+02 9.428555488586425781e+01 1.962556076049804688e+01 1.645843124389648438e+01
1.283733339309692383e+02 9.349742603302001953e+01 1.875678062438964844e+01 1.602942466735839844e+01
1.275458402633666992e+02 9.389630699157714844e+01 1.889850044250488281e+01 1.623418045043945312e+01
1.281696176528930664e+02 9.407226085662841797e+01 1.750053215026855469e+01 1.643407630920410156e+01
1.278838577270507812e+02 9.427138042449951172e+01 1.794931030273437500e+01 1.623188209533691406e+01
1.280247964859008789e+02 9.393964004516601562e+01 1.781608390808105469e+01 1.686587524414062500e+01
1.276489019393920898e+02 9.486438274383544922e+01 1.763053321838378906e+01 1.580039405822753906e+01
1.275166826248168945e+02 9.409751892089843750e+01 1.792569541931152344e+01 1.682639312744140625e+01
1.270685081481933594e+02 9.433747100830078125e+01 1.835620880126953125e+01 1.655976104736328125e+01
1.264159326553344727e+02 9.487055969238281250e+01 1.841693687438964844e+01 1.675520324707031250e+01
1.265561752319335938e+02 9.571590042114257812e+01 2.085816955566406250e+01 1.681028747558593750e+01
1.247938146591186523e+02 9.889912700653076172e+01 1.661738777160644531e+01 1.714116096496582031e+01
