0.000000000000000000e+00 2.400000000000000000e+01 1.710000000000000000e+02 1.140000000000000000e+02
6.209785461425781250e+00 1.593808746337890625e+01 1.913759002685546875e+02 1.224029998779296875e+02
3.925349426269531250e+01 1.944551849365234375e+01 1.816349182128906250e+02 1.213434600830078125e+02
5.754963684082031250e+01 1.860395431518554688e+01 1.802411193847656250e+02 1.259637222290039062e+02
8.222970581054687500e+01 2.115799713134765625e+01 1.734269409179687500e+02 1.405283660888671875e+02
9.971863555908203125e+01 2.066447448730468750e+01 1.688818206787109375e+02 1.394649353027343750e+02
1.091173477172851562e+02 1.971707153320312500e+01 1.705372772216796875e+02 1.443358764648437500e+02
1.130226364135742188e+02 1.701497650146484375e+01 1.715896148681640625e+02 1.558557891845703125e+02
1.152415771484375000e+02 2.313001251220703125e+01 1.695490722656250000e+02 1.480890350341796875e+02
1.175017395019531250e+02 2.478190612792968750e+01 1.689592285156250000e+02 1.613300476074218750e+02
1.132971496582031250e+02 2.343511199951171875e+01 1.681385498046875000e+02 1.499819488525390625e+02
1.164543457031250000e+02 2.168264770507812500e+01 1.694620361328125000e+02 1.406351928710937500e+02
1.193322906494140625e+02 1.829810333251953125e+01 1.676667785644531250e+02 1.383653411865234375e+02
1.262058715820312500e+02 1.385918426513671875e+01 1.644060058593750000e+02 1.388283843994140625e+02
1.286367416381835938e+02 1.197908782958984375e+01 1.682261505126953125e+02 1.339095001220703125e+02
1.349673690795898438e+02 7.804946899414062500e+00 1.695233306884765625e+02 1.336559143066406250e+02
1.371629180908203125e+02 1.004328918457031250e+01 1.673967590332031250e+02 1.317420959472656250e+02
1.367750320434570312e+02 7.602165222167968750e+00 1.666758270263671875e+02 1.423879547119140625e+02
1.338487548828125000e+02 7.483970642089843750e+00 1.686612548828125000e+02 1.418692169189453125e+02
1.360259094238281250e+02 7.668762207031250000e+00 1.676044311523437500e+02 1.439116210937500000e+02
1.344305648803710938e+02 1.056244659423828125e+01 1.661761627197265625e+02 1.428998260498046875e+02
1.390839767456054688e+02 7.649948120117187500e+00 1.673782501220703125e+02 1.477235412597656250e+02
1.339834136962890625e+02 1.157435607910156250e+01 1.699150695800781250e+02 1.443462219238281250e+02
1.329758453369140625e+02 1.278922271728515625e+01 1.702038879394531250e+02 1.425967254638671875e+02
1.329415435791015625e+02 9.291503906250000000e+00 1.703334655761718750e+02 1.466663818359375000e+02
1.303311309814453125e+02 4.691482543945312500e+00 1.738620910644531250e+02 1.555079040527343750e+02
1.332893753051757812e+02 5.657508850097656250e+00 1.732262420654296875e+02 1.546881561279296875e+02
1.309002304077148438e+02 8.993072509765625000e-01 1.780950469970703125e+02 1.603125915527343750e+02
1.328724822998046875e+02 3.836158752441406250e+00 1.727034606933593750e+02 1.552089691162109375e+02
1.314982681274414062e+02 2.342102050781250000e+00 1.735040740966796875e+02 1.554655151367187500e+02
1.259635543823242188e+02 2.868598937988281250e+00 1.821858062744140625e+02 1.523668670654296875e+02
1.247563018798828125e+02 3.419265747070312500e+00 1.762748107910156250e+02 1.508955383300781250e+02
1.211517944335937500e+02 7.988510131835937500e+00 1.811166992187500000e+02 1.486773376464843750e+02
1.208976135253906250e+02 8.036628723144531250e+00 1.817163085937500000e+02 1.466186370849609375e+02
1.189657363891601562e+02 1.192021179199218750e+01 1.836651458740234375e+02 1.403329772949218750e+02
1.205970687866210938e+02 1.153051757812500000e+01 1.814699859619140625e+02 1.423940429687500000e+02
1.236378707885742188e+02 1.461309814453125000e+01 1.823175811767578125e+02 1.370986328125000000e+02
1.272259521484375000e+02 1.479089355468750000e+01 1.798760986328125000e+02 1.353399047851562500e+02
1.293766784667968750e+02 1.529044342041015625e+01 1.774688110351562500e+02 1.364717254638671875e+02
1.302208786010742188e+02 1.455646514892578125e+01 1.773593292236328125e+02 1.372053070068359375e+02
1.303319702148437500e+02 1.550199890136718750e+01 1.755495605468750000e+02 1.350043029785156250e+02
1.303228073120117188e+02 1.448818206787109375e+01 1.760639801025390625e+02 1.347370147705078125e+02
1.276142730712890625e+02 1.545101165771484375e+01 1.789532165527343750e+02 1.350740509033203125e+02
1.289631729125976562e+02 1.414342498779296875e+01 1.779625091552734375e+02 1.323959503173828125e+02
1.265799179077148438e+02 1.667517852783203125e+01 1.801491241455078125e+02 1.298455047607421875e+02
1.254838180541992188e+02 1.444951629638671875e+01 1.809301300048828125e+02 1.304873809814453125e+02
1.263970108032226562e+02 1.312571716308593750e+01 1.777275848388671875e+02 1.319826965332031250e+02
1.266426391601562500e+02 9.324516296386718750e+00 1.750266723632812500e+02 1.358729400634765625e+02
1.279754257202148438e+02 1.094675445556640625e+01 1.757798614501953125e+02 1.333821258544921875e+02
1.276617202758789062e+02 1.199124908447265625e+01 1.782284393310546875e+02 1.349830169677734375e+02
1.279422988891601562e+02 1.739995193481445312e+01 1.779169158935546875e+02 1.276205673217773438e+02
1.263498458862304688e+02 1.528827667236328125e+01 1.791652984619140625e+02 1.301345062255859375e+02
1.285277862548828125e+02 1.533694458007812500e+01 1.780456237792968750e+02 1.298037109375000000e+02
1.266846694946289062e+02 1.650105285644531250e+01 1.790476531982421875e+02 1.287662658691406250e+02
1.253580398559570312e+02 1.804496383666992188e+01 1.795790252685546875e+02 1.266120986938476562e+02
1.255085144042968750e+02 1.700411224365234375e+01 1.769700317382812500e+02 1.291795196533203125e+02
1.272367477416992188e+02 1.726551055908203125e+01 1.760851593017578125e+02 1.290086517333984375e+02
1.252443542480468750e+02 1.609570312500000000e+01 1.783046264648437500e+02 1.291044921875000000e+02
1.276651611328125000e+02 1.727343750000000000e+01 1.749161987304687500e+02 1.280210571289062500e+02
1.255213546752929688e+02 1.750013732910156250e+01 1.774704742431640625e+02 1.266246643066406250e+02
1.277710037231445312e+02 1.760456848144531250e+01 1.760867156982421875e+02 1.267716369628906250e+02
1.266377563476562500e+02 1.665944671630859375e+01 1.775255126953125000e+02 1.273012847900390625e+02
1.279812393188476562e+02 1.879886245727539062e+01 1.756747894287109375e+02 1.246735763549804688e+02
1.251705322265625000e+02 1.873617172241210938e+01 1.786223754882812500e+02 1.251866531372070312e+02
1.268304290771484375e+02 1.880308914184570312e+01 1.780071105957031250e+02 1.272453231811523438e+02
1.265259780883789062e+02 1.736361694335937500e+01 1.785899505615234375e+02 1.276409912109375000e+02
1.247893524169921875e+02 1.590561676025390625e+01 1.772029724121093750e+02 1.308441619873046875e+02
1.232122268676757812e+02 1.814169311523437500e+01 1.802123260498046875e+02 1.285457763671875000e+02
1.261566467285156250e+02 1.722247314453125000e+01 1.767453002929687500e+02 1.285323486328125000e+02
1.238300094604492188e+02 1.632565307617187500e+01 1.768854522705078125e+02 1.297229003906250000e+02
1.239438323974609375e+02 1.442373657226562500e+01 1.775477600097656250e+02 1.289376220703125000e+02
1.229690093994140625e+02 1.240164947509765625e+01 1.766582946777343750e+02 1.330982513427734375e+02
1.212472152709960938e+02 1.061412811279296875e+01 1.765620269775390625e+02 1.370898590087890625e+02
1.205868225097656250e+02 1.086473083496093750e+01 1.782059326171875000e+02 1.347997131347656250e+02
1.219632339477539062e+02 1.265237426757812500e+01 1.766448211669921875e+02 1.335324707031250000e+02
1.221463394165039062e+02 2.075499725341796875e+01 1.782836151123046875e+02 1.283240509033203125e+02
1.201082305908203125e+02 2.406487274169921875e+01 1.803609313964843750e+02 1.263690338134765625e+02
1.234328765869140625e+02 3.107875823974609375e+01 1.812157897949218750e+02 1.234604644775390625e+02
1.195431976318359375e+02 3.041266250610351562e+01 1.819029846191406250e+02 1.272048873901367188e+02
1.203863143920898438e+02 3.166642761230468750e+01 1.777506256103515625e+02 1.296848449707031250e+02
1.208306579589843750e+02 3.274769592285156250e+01 1.776767578125000000e+02 1.340142517089843750e+02
1.311067123413085938e+02 3.731659698486328125e+01 1.702190704345703125e+02 1.339217376708984375e+02
1.286212234497070312e+02 3.875048828125000000e+01 1.832050018310546875e+02 1.623544311523437500e+02
1.494611282348632812e+02 4.302537918090820312e+01 1.531295013427734375e+02 1.145487899780273438e+02
1.270970230102539062e+02 6.528782653808593750e+01 1.850143280029296875e+02 1.423157653808593750e+02
1.318679733276367188e+02 5.611005401611328125e+01 1.946424102783203125e+02 1.735607757568359375e+02
1.477412414550781250e+02 7.636408233642578125e+01 1.898790893554687500e+02 1.716603240966796875e+02
1.324844894409179688e+02 6.629646301269531250e+01 2.003009185791015625e+02 1.685553283691406250e+02
1.407262191772460938e+02 7.740855407714843750e+01 1.847623443603515625e+02 1.697233581542968750e+02
1.337390594482421875e+02 7.756185913085937500e+01 1.875893859863281250e+02 1.550171508789062500e+02
1.369857711791992188e+02 7.458610534667968750e+01 1.919320831298828125e+02 1.708896789550781250e+02
1.317721710205078125e+02 6.139573669433593750e+01 1.989391174316406250e+02 1.768163146972656250e+02
1.306851348876953125e+02 8.089926147460937500e+01 1.979446105957031250e+02 1.712579345703125000e+02
1.685623931884759941e+01 5.917717742919916191e+01 2.231512298583984375e+02 1.563570098876953125e+02
0.000000000000000000e+00 7.238848876953119316e+01 1.566314773559569744e+02 1.678274536132812500e+02
9.248958969116208095e+01 8.198235321044916191e+01 1.662195587158203409e+02 1.599331207275390625e+02
1.379049186706542969e+02 8.379957580566400566e+01 1.388088836669921875e+02 1.587011413574218750e+02
1.729174079895019531e+02 7.052694702148431816e+01 1.665027160644531250e+02 1.721054687500000000e+02
1.215795555114746094e+02 4.894795227050775566e+01 2.047995147705078125e+02 1.847394714355468750e+02
1.577030067443847656e+02 5.467198944091791191e+01 1.838135375976562500e+02 1.910674591064453125e+02
1.499797172546386719e+02 7.652387237548822441e+01 1.884727020263671875e+02 1.587789154052734375e+02
1.443198280334472656e+02 5.176517486572259941e+01 1.831156616210937500e+02 1.938876800537109375e+02
1.293951835632324219e+02 6.784617614746088066e+01 2.012360687255859375e+02 1.755636291503906250e+02
1.339965095520019531e+02 3.548668670654291191e+01 2.045656433105468750e+02 2.157490997314453125e+02
1.369754066467284588e+02 5.141441345214832381e+01 2.014281005859375000e+02 1.958554992675781250e+02
1.311726646423339275e+02 3.628741455078113631e+01 2.036327667236328125e+02 2.166503906250000000e+02
1.466882820129393394e+02 1.200614929199201697e+01 1.960417785644531250e+02 2.439196472167968750e+02
1.466482734680175213e+02 4.555140686035144881e+01 1.888104553222656250e+02 2.029551086425781250e+02
1.424505195617674644e+02 4.656163787841779822e+01 1.897625427246093750e+02 2.038847808837890625e+02
1.512005348205565269e+02 3.241902923583967322e+01 1.931693725585937500e+02 2.155467681884765625e+02
1.470402107238767826e+02 9.729891204833961638e+01 1.937469177246093750e+02 1.661978302001953125e+02
1.593898658752439701e+02 9.039788055419899138e+01 1.733045654296875000e+02 1.661694488525390625e+02
1.528739814758299076e+02 8.015404510498024138e+01 1.819738464355468750e+02 1.789657745361328125e+02
1.647234153747556888e+02 7.262062072753678876e+00 1.743154449462890625e+02 1.301898651123046875e+02
1.571955451965330326e+02 7.250152587890397626e+00 1.813352966308593750e+02 1.328472900390625000e+02
1.527272682189939701e+02 6.160072326659928876e+00 1.892528686523437500e+02 1.213669891357421875e+02
1.595263633728025638e+02 2.150558471679460126e+00 1.787212677001953125e+02 1.296028137207031250e+02
1.647061271667478763e+02 3.569942474365007001e+00 1.711668548583984375e+02 1.192961502075195312e+02
1.577994880676267826e+02 1.097675323486100751e+00 1.795408630371093750e+02 1.267058334350585938e+02
1.596259727478025638e+02 0.000000000000000000e+00 1.693301544189453125e+02 1.254663619995114914e+02
1.635007057189939701e+02 3.968509674072151938e+00 1.706416625976562500e+02 1.159197235107421875e+02
1.536848945617674076e+02 6.199893951415901938e+00 1.796227111816406250e+02 1.232386322021484375e+02
1.589900016784666263e+02 8.880962371826058188e+00 1.587784881591796875e+02 1.264713439941406250e+02
1.593715553283689701e+02 1.181003570556526938e+00 1.651083984375000000e+02 1.210771331787109375e+02
1.626362266540525638e+02 6.742431640624886313e+00 1.681193389892578125e+02 1.240046310424804688e+02
1.518094062805174076e+02 4.391464233398323813e+00 1.797165832519531250e+02 1.120453720092773438e+02
1.551265830993650638e+02 5.837318420410042563e+00 1.764402008056640625e+02 1.171966323852539062e+02
1.546774787902830326e+02 6.026912689208870688e+00 1.783767395019531250e+02 1.093491210937500000e+02
1.535696983337400638e+02 3.180034637451058188e+00 1.762014312744140625e+02 1.168451843261718750e+02
1.507304420471189701e+02 7.249164581298714438e+00 1.799244995117187500e+02 9.289845275878906250e+01
1.494383964538572513e+02 2.806110382079964438e+00 1.806638641357421875e+02 9.710133361816406250e+01
1.475782890319822513e+02 1.185459136962776938e+00 1.808834075927734375e+02 9.810179138183593750e+01
1.467871665954588138e+02 0.000000000000000000e+00 1.818977813720703125e+02 9.622617721557605819e+01
1.452515068054197513e+02 8.948230743407634691e-01 1.799803314208984375e+02 1.068305130004882812e+02
1.462536888122556888e+02 0.000000000000000000e+00 1.811067047119140625e+02 1.049972629547118572e+02
1.467311210632322513e+02 1.217320442199678610e+00 1.762620086669921875e+02 1.067581787109375000e+02
1.449112129211424076e+02 2.985848426818819235e+00 1.793057556152343750e+02 1.067717208862304688e+02
1.441277275085447513e+02 6.373211860656709860e+00 1.800597381591796875e+02 1.064098358154296875e+02
1.447188377380369388e+02 3.740315437316866110e+00 1.794310455322265625e+02 1.121398010253906250e+02
1.447602500915525638e+02 2.601605415344209860e+00 1.798667755126953125e+02 1.139526824951171875e+02
1.441611976623533451e+02 7.442742347717256735e+00 1.816168823242187500e+02 1.152610702514648438e+02
1.445028038024900638e+02 8.218621253967256735e+00 1.789720001220703125e+02 1.173291244506835938e+02
1.777772254943845951e+02 1.755984210968014736e+01 1.442011718750000000e+02 1.175110015869140625e+02
1.716859092712400638e+02 3.728714466094967861e+01 1.545310211181640625e+02 1.232636108398437500e+02
1.493411903381345951e+02 1.064428682327270224e+02 1.696985473632812500e+02 1.478790435791015625e+02
1.388898887634275638e+02 7.836629199981686611e+01 1.803343658447265625e+02 1.786452331542969034e+02
1.426064033508299076e+02 5.995715045928955078e+01 1.782149353027343750e+02 1.818130645751953125e+02
1.425301170349119388e+02 6.957777881622314453e+01 1.755803985595703125e+02 1.726503601074218750e+02
1.501221656799314701e+02 7.041624927520751953e+01 1.791877441406250000e+02 1.824573669433593750e+02
1.413462791442869388e+02 8.422977924346923828e+01 1.860047149658203125e+02 1.604780120849609375e+02
1.422488441467283451e+02 8.308241748809814453e+01 1.865845336914062500e+02 1.614306335449218750e+02
1.425906639099119388e+02 8.829439258575439453e+01 1.813924713134765625e+02 1.539681091308593750e+02
1.395292930603025638e+02 8.397456073760986328e+01 1.893578033447265625e+02 1.680915374755859375e+02
1.313360786437986576e+02 8.499837207794189453e+01 1.934043884277343750e+02 1.574499816894531250e+02
1.301213798522947513e+02 7.962179279327392578e+01 1.949868621826171875e+02 1.658110504150390625e+02
1.275828742980955326e+02 7.792438220977783203e+01 1.977106628417968750e+02 1.690936889648437500e+02
1.337394599914549076e+02 7.949818897247314453e+01 1.932408142089843750e+02 1.639999084472656250e+02
1.320883445739744388e+02 7.870467853546142578e+01 1.898822784423828125e+02 1.639970855712890625e+02
1.358362312316892826e+02 6.867488574981689453e+01 1.914437561035156250e+02 1.728604431152343750e+02
1.347068519592283451e+02 6.939503192901611328e+01 1.809890136718750000e+02 1.666710662841796875e+02
1.316446037292478763e+02 6.249406909942626953e+01 2.000530242919921875e+02 1.875679016113281250e+02
1.302735786437986576e+02 6.519189167022705078e+01 1.837631530761718750e+02 1.730074615478515625e+02
1.305633964538572513e+02 7.889413166046142578e+01 1.931592864990234375e+02 1.587685699462890625e+02
1.291487312316892826e+02 7.951633930206298828e+01 1.951517639160156250e+02 1.708204803466796875e+02
1.265868263244627201e+02 8.438452625274658203e+01 1.881145629882812500e+02 1.620693359375000000e+02
1.288012046813963138e+02 8.007495594024658203e+01 1.971179962158203125e+02 1.707790527343750000e+02
1.231640281677244388e+02 7.894587421417236328e+01 1.918277130126953125e+02 1.663271942138671875e+02
1.251833000183103763e+02 8.635150623321533203e+01 1.985644378662109375e+02 1.488361206054687500e+02
1.264882392883299076e+02 7.690764331817626953e+01 1.978323669433593750e+02 1.717079162597656250e+02
1.431247596740720951e+02 6.609145069122314453e+01 1.838995361328125000e+02 1.707154235839843750e+02
1.339709053039549076e+02 4.048243427276611328e+01 1.931726989746093750e+02 1.976520233154296875e+02
1.447047386169432457e+02 3.101579761505132637e+01 1.943155059814453125e+02 2.183239440917968750e+02
1.496228599548338138e+02 2.864666461944580078e+01 1.800960845947265625e+02 1.899856719970703125e+02
1.488332328796385013e+02 8.556805610656738281e+00 1.820456390380859375e+02 1.366226043701171875e+02
1.510561256408689701e+02 9.773602485656738281e+00 1.844639892578125000e+02 1.281975555419921875e+02
1.531200294494627201e+02 8.865971565246582031e+00 1.846776123046875000e+02 1.179093627929687500e+02
1.463991432189939701e+02 9.925519275665283203e+01 1.711072998046875000e+02 1.588801269531250000e+02
1.503187065124510013e+02 9.672314167022705078e+01 1.831035614013671875e+02 1.660125885009765625e+02
1.524201087951658451e+02 9.785808277130126953e+01 1.800010375976562500e+02 1.553781433105468750e+02
1.502966804504392826e+02 1.068767518997192383e+02 1.794418029785156250e+02 1.435977630615234375e+02
1.597814064025877201e+02 1.184280290603637695e+02 1.727720947265625000e+02 1.410424499511718750e+02
1.510291175842283451e+02 1.332509279251098633e+02 1.736845703125000000e+02 1.387490720748901367e+02
1.673431892395017826e+02 1.349335541725158691e+02 1.625461730957031250e+02 1.293866882324218750e+02
1.553782463073728763e+02 1.226284852027893066e+02 1.661581268310546875e+02 1.493715147972106934e+02
1.592213630676267826e+02 1.179781143665313721e+02 1.692347717285156250e+02 1.417069854736328125e+02
1.571576957702635013e+02 1.381839172840118408e+02 1.651988372802734375e+02 1.275765075683593750e+02
1.684474067687986576e+02 1.213039505481719971e+02 1.609422912597656250e+02 1.477727813720703125e+02
1.642217521667478763e+02 1.245689194202423096e+02 1.675643768310546875e+02 1.417113494873046875e+02
1.601530647277830326e+02 1.355461304187774658e+02 1.709494934082031250e+02 1.364538695812225342e+02
1.708824348449705326e+02 1.391922394037246704e+02 1.650015563964843750e+02 1.278478698730468750e+02
1.622934608459470951e+02 1.294376083612442017e+02 1.676325683593750000e+02 1.425623916387557983e+02
1.652300376892088138e+02 1.253326500058174133e+02 1.664823150634765625e+02 1.442068786621093750e+02
1.657439765930174076e+02 1.443155677914619446e+02 1.704625549316406250e+02 1.276844322085380554e+02
1.746776924133299076e+02 1.321400455534458160e+02 1.667073059082031250e+02 1.330065460205078125e+02
1.692103157043455326e+02 1.134452747404575348e+02 1.685365905761718750e+02 1.533297424316406250e+02
1.637526741027830326e+02 1.173010944426059723e+02 1.728535461425781250e+02 1.469264526367187500e+02
1.628144950866697513e+02 1.029627002775669098e+02 1.719806365966796875e+02 1.584837951660156250e+02
1.592501029968260013e+02 1.035085300505161285e+02 1.799878387451171875e+02 1.582551727294921875e+02
1.559818534851072513e+02 1.122822269499301910e+02 1.778436737060546875e+02 1.447120513916015625e+02
1.535951652526853763e+02 3.917692604660987854e+01 1.857781219482421875e+02 1.922935028076171875e+02
1.556781196594236576e+02 8.745050850510597229e+01 1.918466491699218750e+02 1.718723144531250000e+02
1.493929023742674076e+02 1.020199436247348785e+02 1.766470642089843750e+02 1.387352142333984375e+02
1.490861091613767826e+02 9.242546120285987854e+01 1.793846740722656250e+02 1.514737396240234375e+02
1.399523963928220951e+02 7.343109932541847229e+01 1.807826538085937500e+02 1.640718994140625000e+02
1.432533302307127201e+02 5.304301491379737854e+01 1.724334716796875000e+02 1.998138885498046875e+02
1.409218330383299076e+02 3.404638710618019104e+01 1.705096740722656250e+02 2.094273834228515625e+02
1.457717018127439701e+02 6.816988411545753479e+01 1.779547119140625000e+02 1.697169494628906250e+02
1.393279228210447513e+02 6.953327980637550354e+01 1.757037200927734375e+02 1.554987030029296875e+02
1.309555168151853763e+02 7.065904274582862854e+01 1.839496307373046875e+02 1.502364349365234375e+02
1.289228782653806888e+02 6.905551949143409729e+01 1.803578643798828125e+02 1.462359008789062500e+02
1.302963218688963138e+02 6.434635201096534729e+01 1.825145416259765625e+02 1.502316284179687500e+02
1.293292198181150638e+02 6.481486549973487854e+01 1.767815093994140625e+02 1.521512908935546875e+02
1.255383949279783451e+02 6.330698433518409729e+01 1.842600708007812500e+02 1.488612670898437500e+02
1.251427803039549076e+02 6.110376015305519104e+01 1.876794128417968750e+02 1.536852569580078125e+02
1.239270820617674076e+02 5.988023415207862854e+01 1.932751770019531250e+02 1.559280242919921875e+02
1.185123481750486576e+02 5.990842476487159729e+01 1.937336120605468750e+02 1.569860839843750000e+02
1.160888481140135013e+02 5.863067665696144104e+01 1.938948211669921875e+02 1.615191192626953125e+02
1.139534797668455326e+02 6.044773140549659729e+01 1.940830383300781250e+02 1.565141601562500000e+02
1.199354591369627201e+02 6.775661507248878479e+01 1.804956665039062500e+02 1.457134094238281250e+02
1.129384803771970951e+02 6.435364571213722229e+01 1.851167602539062500e+02 1.487395629882812500e+02
1.251816215515135013e+02 7.341803780198097229e+01 1.742231903076171875e+02 1.369413452148437500e+02
1.224329948425291263e+02 6.844367256760597229e+01 1.763108367919921875e+02 1.426029663085937500e+02
1.231716117858885013e+02 6.648542061448097229e+01 1.707451019287109375e+02 1.441621093750000000e+02
1.241350822448728763e+02 7.125308266282081604e+01 1.759590911865234375e+02 1.361388702392578125e+02
1.275077400207517826e+02 7.161361733078956604e+01 1.744350280761718750e+02 1.392024688720703125e+02
1.207703285217283451e+02 6.572918739914894104e+01 1.751920776367187500e+02 1.457443389892578125e+02
1.235072364807127201e+02 6.595159950852394104e+01 1.776693115234375000e+02 1.468809967041015625e+02
1.204577445983885013e+02 6.735980263352394104e+01 1.781968231201171875e+02 1.461801300048828125e+02
1.181413917541502201e+02 7.331433907151222229e+01 1.762645874023437500e+02 1.390742797851562500e+02
1.215932502746580326e+02 7.231913796067237854e+01 1.770469055175781250e+02 1.423199920654296875e+02
1.267125511169431888e+02 7.286508980393409729e+01 1.727450103759765625e+02 1.393829345703125000e+02
1.232804145812986576e+02 7.218880501389503479e+01 1.746027526855468750e+02 1.403293151855468750e+02
1.239409217834470951e+02 7.715605202317237854e+01 1.707008056640625000e+02 1.357838592529296875e+02
1.241335716247556888e+02 7.015892830491065979e+01 1.781662139892578125e+02 1.440475769042968750e+02
1.232787055969236576e+02 7.306509438157081604e+01 1.806748352050781250e+02 1.404845123291015625e+02
1.221053123474119388e+02 6.820620003342628479e+01 1.862012481689453125e+02 1.497087097167968750e+02
1.286121788024900638e+02 6.087827339768409729e+01 1.879540557861328125e+02 1.635999145507812500e+02
1.340502052307127201e+02 5.283836403489112854e+01 1.899866333007812500e+02 1.810185394287109375e+02
1.293284950256345951e+02 5.753736153244972229e+01 1.883111572265625000e+02 1.759829711914062500e+02
1.364292182922361576e+02 4.502516975998878479e+01 1.844022521972656250e+02 2.063852233886718750e+02
1.348985557556150638e+02 3.993537178635597229e+01 1.865896148681640625e+02 2.052867431640625000e+02
1.385003471374510013e+02 3.507853737473487854e+01 1.803306121826171875e+02 2.123030242919921875e+02
1.525494804382322513e+02 1.043787387907505035e+02 1.725640716552734375e+02 1.524911956787109375e+02
1.522046699523924076e+02 1.054218677580356598e+02 1.777885437011718750e+02 1.547972717285156250e+02
1.364743461608885013e+02 0.000000000000000000e+00 1.890329437255859375e+02 1.283138584196567535e+02
1.372475395202635013e+02 1.590522959828376770e+00 1.883327484130859375e+02 1.247983398437500000e+02
1.370593299865720951e+02 9.891777232289314270e+00 1.895364379882812500e+02 1.178518981933593750e+02
1.579469184875486576e+02 1.147983858138322830e+02 1.580434265136718750e+02 1.454576873779296875e+02
1.600409431457517826e+02 1.400408250838518143e+02 1.675284729003906250e+02 1.319591749161481857e+02
1.566874122619627201e+02 1.356648903861641884e+02 1.626667480468750000e+02 1.358480682373046875e+02
1.525645332336424076e+02 1.464368821159005165e+02 1.721896667480468750e+02 1.255631178840994835e+02
1.581713752746580326e+02 1.413883781917393208e+02 1.633658142089843750e+02 1.278493957519531250e+02
1.547483863830564701e+02 1.387092552669346333e+02 1.601566162109375000e+02 1.305715332031250000e+02
1.544475898742674076e+02 1.391781960017979145e+02 1.675018615722656250e+02 1.328218039982020855e+02
1.555125312805174076e+02 1.396931400541216135e+02 1.608740539550781250e+02 1.303926849365234375e+02
1.548240165710447513e+02 1.368973331693559885e+02 1.679379119873046875e+02 1.311407928466796875e+02
1.533266639709470951e+02 1.515450115446001291e+02 1.633806762695312500e+02 1.163337173461914062e+02
1.586759529113767826e+02 1.402391834501177073e+02 1.635662536621093750e+02 1.317608165498822927e+02
1.594218635559080326e+02 1.423707971693947911e+02 1.529808044433593750e+02 1.258736877441406250e+02
1.556097297668455326e+02 1.446249246718361974e+02 1.732720642089843750e+02 1.273750753281638026e+02
1.522688865661619388e+02 1.345789189399220049e+02 1.641437530517578125e+02 1.356990203857421875e+02
1.533989906311033451e+02 1.407077794135548174e+02 1.747958984375000000e+02 1.312922205864451826e+02
1.560720863342283451e+02 1.434359858066309243e+02 1.645922851562500000e+02 1.278582687377929688e+02
1.557462120056150638e+02 1.456410219699610025e+02 1.658536529541015625e+02 1.223566436767578125e+02
1.562894477844236576e+02 1.446238634616602212e+02 1.784247741699218750e+02 1.273761365383397788e+02
1.556972465515135013e+02 1.404189721361035481e+02 1.710803680419921875e+02 1.315810278638964519e+02
1.607299766540525638e+02 1.405458431847509928e+02 1.700208282470703125e+02 1.299328765869140625e+02
1.525480842590330326e+02 1.388043957360205241e+02 1.712936706542968750e+02 1.331956042639794759e+02
1.539187049865720951e+02 1.343219442669360433e+02 1.789953002929687500e+02 1.359337005615234375e+02
1.506310386657713138e+02 1.269555960003344808e+02 1.763032989501953125e+02 1.450444039996655192e+02
1.460492057800291263e+02 1.239279322775109904e+02 1.736437225341796875e+02 1.480720677224890096e+02
1.450738487243650638e+02 1.213540647105328389e+02 1.885427398681640625e+02 1.506459352894671611e+02
1.423179817199705326e+02 1.131911314763601695e+02 1.746677551269531250e+02 1.588088685236398305e+02
1.490705299377439701e+02 1.178153457064418035e+02 1.808655395507812500e+02 1.541846542935581965e+02
1.314728736877439701e+02 1.130872764298810580e+02 1.854187011718750000e+02 1.589127235701189420e+02
1.444237480163572513e+02 1.186124095772452165e+02 1.848063812255859375e+02 1.477259826660156250e+02
1.397498359680174076e+02 1.166651134346670915e+02 1.906253967285156250e+02 1.483412170410156250e+02
1.536581916809080326e+02 1.079417552803702165e+02 1.758447570800781250e+02 1.547135314941406250e+02
1.369367790222166263e+02 4.313361166464756025e+01 1.927851409912109375e+02 1.949350433349609375e+02
1.475203208923338138e+02 7.877603720175693525e+01 1.858070831298828125e+02 1.820453338623046875e+02
1.334475822448728763e+02 3.694850729453037275e+01 1.981692352294921875e+02 2.002478790283203125e+02
1.412053718566892258e+02 4.410259054648344090e+01 2.098073425292968750e+02 2.133089141845703125e+02
1.329430656433103195e+02 3.561743734824125340e+01 2.072953948974609375e+02 2.181829681396484375e+02
1.397114448547361008e+02 6.357243917929594090e+01 1.919001159667968750e+02 1.915233917236328125e+02
1.492198677062986008e+02 5.218630789267484715e+01 1.927881774902343750e+02 2.074475097656250000e+02
1.303275947570798508e+02 4.407432363974515965e+01 2.007803039550781250e+02 2.054377746582031250e+02
1.382448997497556320e+02 6.272449301230375340e+01 2.066776885986328125e+02 2.040400238037109375e+02
1.442491569519040695e+02 5.814867971884672215e+01 1.766661224365234375e+02 1.909555053710937500e+02
1.286808586120603195e+02 6.453380392538969090e+01 1.858191375732421875e+02 1.854108428955078125e+02
1.510589408874509445e+02 9.349669455038969090e+01 1.729948577880859375e+02 1.467074127197265625e+02
1.496109352111814133e+02 8.362238882529203465e+01 1.627041625976562500e+02 1.623357238769531250e+02
1.361933708190915695e+02 5.833515737997953465e+01 1.745926971435546875e+02 1.786651306152343750e+02
1.337609672546384445e+02 4.176051138388578465e+01 1.895637054443359375e+02 2.067033996582031250e+02
1.321073188781736576e+02 4.807163809287021650e+01 2.021777648925781250e+02 2.037389221191406250e+02
1.270411720275877201e+02 4.746537588583896650e+01 1.949013061523437500e+02 2.012527770996093750e+02
1.344055442810056888e+02 4.064459036337802900e+01 1.867097930908203125e+02 2.064076538085937500e+02
1.226531410217284019e+02 4.651343344199136709e+01 1.949324951171875000e+02 2.090668182373046875e+02
1.299703025817869957e+02 3.254292105185464834e+01 1.946021270751953125e+02 2.122388610839843750e+02
1.262409095764159019e+02 4.874400900351480459e+01 1.903038330078125000e+02 2.006441192626953125e+02
1.325356712341308025e+02 3.747453115927658018e+01 1.916152496337890625e+02 2.134405822753906250e+02
1.248047370910643394e+02 5.715154837119058584e+01 1.869917907714843750e+02 1.890379028320312500e+02
1.332210121154784019e+02 4.594408987509683584e+01 1.887794799804687500e+02 2.051970214843750000e+02
1.345528144836424076e+02 4.625999258505771650e+01 1.850042419433593750e+02 2.023977355957031250e+02
1.298398323059080326e+02 3.729449270712802900e+01 1.939046325683593750e+02 2.137136230468750000e+02
1.252225761413572513e+02 4.230445669638584150e+01 2.025862884521484375e+02 2.182848205566406250e+02
1.242700996398924076e+02 4.573713491904209150e+01 1.952929992675781250e+02 2.048580017089843750e+02
1.239487648010252201e+02 3.755405996787021650e+01 1.901532592773437500e+02 2.076883850097656250e+02
1.267383689880369388e+02 5.223525808798740400e+01 1.984456329345703125e+02 1.975484008789062500e+02
1.400974388122557457e+02 4.728233145224527334e+01 1.862477569580078125e+02 1.996280212402343750e+02
1.249246406555174644e+02 5.275890158163980459e+01 1.969470520019531250e+02 2.055008087158203125e+02
1.247157020568846519e+02 4.594342611777261709e+01 1.928706665039062500e+02 2.024014129638671875e+02
1.226524314880370525e+02 4.957376669394454893e+01 1.945456085205078125e+02 1.981781463623046875e+02
1.301794395446777344e+02 4.578028677451101203e+01 1.873916168212890625e+02 1.827734680175781250e+02
1.345837059020996094e+02 4.011166952597585578e+01 1.865061798095703125e+02 1.685649871826171875e+02
1.346886711120605469e+02 2.499557302939382453e+01 1.898917694091796875e+02 1.498191528320312500e+02
1.467772331237792969e+02 1.766739462363210578e+01 1.814479217529296875e+02 1.520589447021484375e+02
1.504065284729003906e+02 6.245206818456324527e+00 1.761351928710937500e+02 1.368443603515625000e+02
1.568643455505371094e+02 3.711294159764918277e+00 1.749694366455078125e+02 1.328666534423828125e+02
1.502896156311035156e+02 4.853036866063746402e+00 1.801493530273437500e+02 1.269067153930664062e+02
1.520681800842285156e+02 4.102464661473902652e+00 1.805950317382812500e+02 1.261588973999023438e+02
1.556198921203613281e+02 3.154325470800074527e+00 1.759211120605468750e+02 1.296737670898437500e+02
1.571716041564941406e+02 4.230298981542262027e+00 1.754200439453125000e+02 1.281358337402343750e+02
1.518781776428222656e+02 6.098402008886012027e+00 1.779461669921875000e+02 1.272520446777343750e+02
1.508347129821777344e+02 6.410337433690699527e+00 1.805806427001953125e+02 1.263902587890625000e+02
1.512608909606933594e+02 6.287847504491480777e+00 1.781079254150390625e+02 1.261634979248046875e+02
1.482174415588378906e+02 6.015638337011012027e+00 1.805650634765625000e+02 1.254252624511718750e+02
1.486377372741699219e+02 4.497930512303980777e+00 1.773790740966796875e+02 1.268636322021484375e+02
1.455409202575683594e+02 4.804304108495387027e+00 1.806532135009765625e+02 1.244129943847656250e+02
1.484150123596191406e+02 3.395227417821558902e+00 1.743122558593750000e+02 1.276226272583007812e+02
1.454876518249511719e+02 3.615484223241480777e+00 1.777465057373046875e+02 1.256381072998046875e+02
1.467175102233886719e+02 2.834211335057887027e+00 1.771202239990234375e+02 1.268502502441406250e+02
1.462340278625488281e+02 2.046556458348902652e+00 1.771755676269531250e+02 1.267942123413085938e+02
1.456351966857910156e+02 9.351024483391370268e-01 1.779046630859375000e+02 1.281628723144531250e+02
1.436278495788574219e+02 7.914943550774182768e-01 1.794677581787109375e+02 1.273630523681640625e+02
1.457642173767089844e+02 8.736705635735120268e-01 1.765929718017578125e+02 1.279153747558593750e+02
1.454314155578613281e+02 3.766994332024182768e-01 1.803384094238281250e+02 1.273346099853515625e+02
1.496722450256347656e+02 0.000000000000000000e+00 1.730226440429687500e+02 1.268786449288078870e+02
1.495217781066894531e+02 0.000000000000000000e+00 1.716628723144531250e+02 1.283790731357906623e+02
1.448305854797363281e+02 0.000000000000000000e+00 1.780125427246093750e+02 1.325054926836180016e+02
1.439917106628417969e+02 2.916715127074382963e-01 1.765149383544921875e+02 1.328205871582031250e+02
1.412168083190917969e+02 1.409011600598063296e+00 1.756032562255859375e+02 1.335057067871093750e+02
1.393971290588378906e+02 1.114118081175945463e-01 1.765336914062500000e+02 1.306025543212890625e+02
1.395252113342285156e+02 5.119016152465007963e-01 1.779021606445312500e+02 1.285869140625000000e+02
1.378823051452636719e+02 1.652104836547039213e-01 1.770550384521484375e+02 1.269933700561523438e+02
1.395409278869628906e+02 0.000000000000000000e+00 1.832324829101562500e+02 1.229770162087523602e+02
1.419296684265136719e+02 0.000000000000000000e+00 1.713422088623046875e+02 1.233345125904601787e+02
1.390856285095214844e+02 1.312603890444933086e+00 1.691098785400390625e+02 1.217444610595703125e+02
1.401449851989746094e+02 0.000000000000000000e+00 1.724741973876953125e+02 1.228495301599761831e+02
1.372657051086425781e+02 1.622583836091621379e+00 1.725755920410156250e+02 1.180074386596679688e+02
1.401579856872558594e+02 0.000000000000000000e+00 1.692901763916015625e+02 1.218588089642654495e+02
1.415127906799316406e+02 0.000000000000000000e+00 1.685943603515625000e+02 1.175589477865760841e+02
1.369131584167480469e+02 0.000000000000000000e+00 1.744281463623046875e+02 1.227478691264423389e+02
1.339803276062011719e+02 0.000000000000000000e+00 1.752136077880859375e+02 1.196586483083383428e+02
1.345124778747558594e+02 0.000000000000000000e+00 1.714827423095703125e+02 1.117540411036320620e+02
1.381727790832519531e+02 0.000000000000000000e+00 1.725089416503906250e+02 1.159139048596773591e+02
1.337179985046386719e+02 3.842519293503983135e-01 1.727349090576171875e+02 1.124149932861328125e+02
1.334897193908691406e+02 0.000000000000000000e+00 1.740073242187500000e+02 1.092288831244187577e+02
1.370066032409667969e+02 0.000000000000000000e+00 1.782842254638671875e+02 1.154585539584496132e+02
1.331944007873535156e+02 0.000000000000000000e+00 1.717562866210937500e+02 1.214171126725841816e+02
1.375839881896972656e+02 0.000000000000000000e+00 1.694697265625000000e+02 1.162400657357061391e+02
1.309126319885253906e+02 1.074374756280803922e+00 1.752119750976562500e+02 1.175976028442382812e+02
1.335793190002441406e+02 0.000000000000000000e+00 1.794621582031250000e+02 1.081602054447573664e+02
1.341988029479980469e+02 0.000000000000000000e+00 1.723928680419921875e+02 1.123727739259919645e+02
1.323380470275878906e+02 0.000000000000000000e+00 1.807534790039062500e+02 1.075581711732010604e+02
1.321898612976074219e+02 0.000000000000000000e+00 1.739178924560546875e+02 1.128941254120399833e+02
1.287635612487792969e+02 0.000000000000000000e+00 1.782404022216796875e+02 1.078544113388325059e+02
1.283933448791503906e+02 0.000000000000000000e+00 1.794734497070312500e+02 1.134201942558420342e+02
1.282084846496582031e+02 0.000000000000000000e+00 1.719438781738281250e+02 1.220850246486729702e+02
1.191375694274902344e+02 0.000000000000000000e+00 1.724340972900390625e+02 1.289924406080278914e+02
1.095047340393066406e+02 0.000000000000000000e+00 1.794639892578125000e+02 1.339940230383889457e+02
1.079351310729980469e+02 7.361777789600978394e-01 1.779244232177734375e+02 1.373663940429687500e+02
1.031962242126464844e+02 2.804740436085353394e-01 1.780607452392578125e+02 1.463791809082031250e+02
1.078615303039550781e+02 3.293726301909316589e+00 1.706651916503906250e+02 1.406624908447265625e+02
9.673808670043945312e+01 0.000000000000000000e+00 1.828967590332031250e+02 1.450680793292530666e+02
9.682550430297851562e+01 2.139279532790595795e+00 1.803355712890625000e+02 1.390643615722656250e+02
