5.400000000000000000e+01 1.900000000000000000e+01 8.500000000000000000e+01 9.200000000000000000e+01
5.296802139282226562e+01 2.020158767700195312e+01 8.636220550537109375e+01 9.032552337646484375e+01
5.406603622436523438e+01 2.125712585449218750e+01 8.598154449462890625e+01 8.870520019531250000e+01
5.490612792968750000e+01 2.011744308471679688e+01 8.451574707031250000e+01 8.929340362548828125e+01
5.534284591674804688e+01 2.030542373657226562e+01 8.439032745361328125e+01 8.884221649169921875e+01
5.669106292724609375e+01 2.177892684936523438e+01 8.279362487792968750e+01 8.807251739501953125e+01
5.755896759033203125e+01 2.154008865356445312e+01 8.212709045410156250e+01 8.746999359130859375e+01
5.707605361938476562e+01 2.232024765014648438e+01 8.233199310302734375e+01 8.694953155517578125e+01
5.769107055664062500e+01 2.241245651245117188e+01 8.192333984375000000e+01 8.625678253173828125e+01
5.873606491088867188e+01 2.219200134277343750e+01 8.122605133056640625e+01 8.596582031250000000e+01
5.860622024536132812e+01 2.219687271118164062e+01 8.055117034912109375e+01 8.552785491943359375e+01
5.901885986328125000e+01 2.344989395141601562e+01 8.112475585937500000e+01 8.433000946044921875e+01
5.963555526733398438e+01 2.431386566162109375e+01 7.996802520751953125e+01 8.348939514160156250e+01
6.020637512207031250e+01 2.391474151611328125e+01 7.892941284179687500e+01 8.276591491699218750e+01
6.109022521972656250e+01 2.551068496704101562e+01 7.800787353515625000e+01 8.168825531005859375e+01
6.191008758544921875e+01 2.520794677734375000e+01 7.767082214355468750e+01 8.294760131835937500e+01
6.225205993652343750e+01 2.453100204467773438e+01 7.684240722656250000e+01 8.227262115478515625e+01
6.323534393310546875e+01 2.607558441162109375e+01 7.606556701660156250e+01 8.058357238769531250e+01
6.382652282714843750e+01 2.617624282836914062e+01 7.554296875000000000e+01 8.135863494873046875e+01
6.374597549438476562e+01 2.651043319702148438e+01 7.535878753662109375e+01 8.009174346923828125e+01
6.432056427001953125e+01 2.709901428222656250e+01 7.485685729980468750e+01 8.024578857421875000e+01
6.499512481689453125e+01 2.738645935058593750e+01 7.441349792480468750e+01 7.946307373046875000e+01
6.500083923339843750e+01 2.840729904174804688e+01 7.401745605468750000e+01 7.831427764892578125e+01
6.443043518066406250e+01 2.875323104858398438e+01 7.380856323242187500e+01 7.823993682861328125e+01
6.540919113159179688e+01 2.863012695312500000e+01 7.327118682861328125e+01 7.810717773437500000e+01
6.507072448730468750e+01 2.961978530883789062e+01 7.304891967773437500e+01 7.683748626708984375e+01
6.565726089477539062e+01 2.953949356079101562e+01 7.195339202880859375e+01 7.733925628662109375e+01
6.651531219482421875e+01 2.989059448242187500e+01 7.161424255371093750e+01 7.627197265625000000e+01
6.759860610961914062e+01 3.014820480346679688e+01 7.042278289794921875e+01 7.620822906494140625e+01
6.701205444335937500e+01 3.147361755371093750e+01 7.063024902343750000e+01 7.431079101562500000e+01
6.826105117797851562e+01 3.096764755249023438e+01 6.958296966552734375e+01 7.469504547119140625e+01
6.810433959960937500e+01 3.214952468872070312e+01 6.864880371093750000e+01 7.122509002685546875e+01
6.873793792724609375e+01 3.217079925537109375e+01 6.794026184082031250e+01 7.214002990722656250e+01
6.902315139770507812e+01 3.289535140991210938e+01 6.755211639404296875e+01 7.217014312744140625e+01
6.881525421142578125e+01 3.343859863281250000e+01 6.693138122558593750e+01 7.143316650390625000e+01
6.876836395263671875e+01 3.350086975097656250e+01 6.671183776855468750e+01 7.167520141601562500e+01
6.914167785644531250e+01 3.390647506713867188e+01 6.598184204101562500e+01 7.084000396728515625e+01
6.977890396118164062e+01 3.547077941894531250e+01 6.593883514404296875e+01 6.980047607421875000e+01
6.978887939453125000e+01 3.545614624023437500e+01 6.523269653320312500e+01 6.958453369140625000e+01
7.032051086425781250e+01 3.642753982543945312e+01 6.480856323242187500e+01 6.848061370849609375e+01
7.044884872436523438e+01 3.609622955322265625e+01 6.445246124267578125e+01 6.903663635253906250e+01
7.022172927856445312e+01 3.746654510498046875e+01 6.443364715576171875e+01 6.821226501464843750e+01
7.064323043823242188e+01 3.657123184204101562e+01 6.433640289306640625e+01 6.737786102294921875e+01
6.999312210083007812e+01 3.862226104736328125e+01 6.412111663818359375e+01 6.727934265136718750e+01
6.920642089843750000e+01 3.785814666748046875e+01 6.411950683593750000e+01 6.746360778808593750e+01
7.031502914428710938e+01 3.876768875122070312e+01 6.319058990478515625e+01 6.558901214599609375e+01
6.849399948120117188e+01 3.891592788696289062e+01 6.489432525634765625e+01 6.617555999755859375e+01
6.993925666809082031e+01 3.967940521240234375e+01 6.285873031616210938e+01 6.440376281738281250e+01
6.786768722534179688e+01 4.085287475585937500e+01 6.506006622314453125e+01 6.560095214843750000e+01
6.896641349792480469e+01 4.016506195068359375e+01 6.370004653930664062e+01 6.413563537597656250e+01
6.856646537780761719e+01 4.239755821228027344e+01 6.321165847778320312e+01 6.329906082153320312e+01
6.808918380737304688e+01 4.209665679931640625e+01 6.362001800537109375e+01 6.363847351074218750e+01
6.831622314453125000e+01 4.298250389099121094e+01 6.313952636718750000e+01 6.333058547973632812e+01
6.779135513305662641e+01 4.305763053894041548e+01 6.295096588134767046e+01 6.366963577270507812e+01
6.819779205322265625e+01 4.263577842712400923e+01 6.228388977050781250e+01 6.260696792602539062e+01
6.636550521850585938e+01 4.289561843872068891e+01 6.406104278564453125e+01 6.286769866943359375e+01
6.717688369750976562e+01 4.387484169006346235e+01 6.289125823974609375e+01 6.293900680541992188e+01
6.516910934448242188e+01 4.439272880554197798e+01 6.379184722900390625e+01 6.220419692993164062e+01
6.494923400878906250e+01 4.464898681640623579e+01 6.311521911621093750e+01 6.261106872558593750e+01
6.455014419555664062e+01 4.460879325866697798e+01 6.264690399169921875e+01 6.266392898559570312e+01
6.454641342163085938e+01 4.506578254699705610e+01 6.327317047119140625e+01 6.185111618041992188e+01
6.422051811218261719e+01 4.617758941650389204e+01 6.309527969360351562e+01 6.009963989257812500e+01
6.391932868957519531e+01 4.435679817199705610e+01 6.399847030639648438e+01 6.213114547729492188e+01
6.441604614257811079e+01 4.511756515502926845e+01 6.330305480957031250e+01 6.156050872802734375e+01
6.455443572998045454e+01 4.598192405700680752e+01 6.199954223632812500e+01 6.049985122680664062e+01
6.341631317138671875e+01 4.608019638061522016e+01 6.242257690429687500e+01 6.008777618408203125e+01
6.447190284729005327e+01 4.600265884399414062e+01 6.171015548706054688e+01 6.015802764892578125e+01
6.478644371032716265e+01 4.641743659973144531e+01 6.188191604614257812e+01 6.055360031127929688e+01
6.361038398742678623e+01 4.742721557617188921e+01 6.241521835327148438e+01 5.894273376464843750e+01
6.297453689575199576e+01 4.791200065612795811e+01 6.224211883544921875e+01 5.860530471801757812e+01
6.182507514953617545e+01 4.767205619812014561e+01 6.230836105346679688e+01 5.887817764282226562e+01
6.321109390258794747e+01 4.805424499511723013e+01 5.990766143798828125e+01 5.782090759277343750e+01
6.257692718505865059e+01 4.877627563476566763e+01 5.995845031738281250e+01 5.699125671386718750e+01
6.037578964233405543e+01 4.885380554199224434e+01 6.104277801513671875e+01 5.782519531250000000e+01
6.154824829101569605e+01 4.848285865783697091e+01 5.914453125000000000e+01 5.832590866088867188e+01
6.212923431396491480e+01 4.943498229980474434e+01 5.837879943847656250e+01 5.613796997070312500e+01
5.721358489990241480e+01 4.929521179199224434e+01 6.232650756835937500e+01 5.769422912597656250e+01
5.953204345703132105e+01 4.962232589721685372e+01 6.086178588867187500e+01 5.656179046630859375e+01
6.066447257995612574e+01 4.994687080383306466e+01 5.883687210083007812e+01 5.713137435913085938e+01
5.589064025878913355e+01 4.936802291870122872e+01 6.371835327148437500e+01 5.853047943115234375e+01
5.677687454223641339e+01 4.992234992980964137e+01 6.236261749267578125e+01 5.666021347045898438e+01
5.698635864257821027e+01 5.028910255432136012e+01 6.185414123535156250e+01 5.649612045288085938e+01
5.658180046081550074e+01 4.991294670104986153e+01 6.200239944458007812e+01 5.619583511352539062e+01
5.432979965209966622e+01 4.969173240661625357e+01 6.287220001220703125e+01 5.662909317016601562e+01
5.574752807617191763e+01 4.900678253173830967e+01 6.180250549316406250e+01 5.716847229003906250e+01
5.468603134155277701e+01 4.947405433654787998e+01 6.304941558837890625e+01 5.656805038452148438e+01
5.423326683044436436e+01 5.070045089721681109e+01 6.265753555297851562e+01 5.656731414794921875e+01
5.392112159729005327e+01 5.055375289916992188e+01 6.300671005249023438e+01 5.667487335205078125e+01
5.372350883483888140e+01 5.034921073913574219e+01 6.325778579711914062e+01 5.646248245239257812e+01
5.370368576049806109e+01 5.037151908874511719e+01 6.239208221435546875e+01 5.553155899047851562e+01
5.302968025207520952e+01 5.070799064636230469e+01 6.162801742553710938e+01 5.488602066040039062e+01
5.356374740600587359e+01 5.059726142883300781e+01 6.013268280029296875e+01 5.468401718139648438e+01
5.208555793762208452e+01 5.154349708557128906e+01 6.048139572143554688e+01 5.491268539428710938e+01
5.231019020080567827e+01 5.242750930786132812e+01 5.989896774291992188e+01 5.315091705322265625e+01
5.207965850830079546e+01 5.208032989501953125e+01 6.015963745117187500e+01 5.343721008300781250e+01
5.134267044067385655e+01 5.211792373657227984e+01 5.975431060791015625e+01 5.442900848388671875e+01
5.108493995666506748e+01 5.189419364929200640e+01 5.975147628784179688e+01 5.309280776977539062e+01
5.125137710571291905e+01 5.303963088989259234e+01 5.934891510009765625e+01 5.249616241455078125e+01
5.135497474670412998e+01 5.338484764099122515e+01 5.917742538452148438e+01 5.216745376586914062e+01
5.126856803894045811e+01 5.304160118103028765e+01 5.894426345825195312e+01 5.296916580200195312e+01
5.064440155029299717e+01 5.282832908630372515e+01 5.907881164550781250e+01 5.148277664184570312e+01
5.111480522155765982e+01 5.329046440124514561e+01 5.766452407836914062e+01 5.193013381958007812e+01
5.083444595336918326e+01 5.297251510620120030e+01 5.784590911865234375e+01 5.082013702392578125e+01
5.022853279113773795e+01 5.299656486511233311e+01 5.762672042846679688e+01 5.114125442504882812e+01
4.959429740905765982e+01 5.255175590515139561e+01 5.780870437622070312e+01 5.105646133422851562e+01
4.968712806701664420e+01 5.348907279968264561e+01 5.788860702514648438e+01 5.049359512329101562e+01
4.893381690979008170e+01 5.391783523559573155e+01 5.799142074584960938e+01 5.026981353759765625e+01
4.830366134643558951e+01 5.399411582946780186e+01 5.787532806396484375e+01 4.969214248657226562e+01
4.771786308288578482e+01 5.399505996704104405e+01 5.798357009887695312e+01 4.980974578857421875e+01
4.780234336853031607e+01 5.429986572265627842e+01 5.775528335571289062e+01 4.883210754394531250e+01
4.756541252136234732e+01 5.435706329345705967e+01 5.753142166137695312e+01 4.894781494140625000e+01
4.738777160644535513e+01 5.459863662719729405e+01 5.695619201660156250e+01 4.815476226806640625e+01
4.737201881408697091e+01 5.396346473693851920e+01 5.651647567749023438e+01 4.767986679077148438e+01
4.789334487915044747e+01 5.427829360961918326e+01 5.573485565185546875e+01 4.802150726318359375e+01
4.726805305480962716e+01 5.434980010986332388e+01 5.578419113159179688e+01 4.806132507324218750e+01
4.609391212463384591e+01 5.519155693054203482e+01 5.647889328002929688e+01 4.793230056762695312e+01
4.527220153808599434e+01 5.458919715881351920e+01 5.660211181640625000e+01 4.704357528686523438e+01
4.542378807067876778e+01 5.434660911560062857e+01 5.646515274047851562e+01 4.722081375122070312e+01
4.507219696044927559e+01 5.538939285278324576e+01 5.615350341796875000e+01 4.798455047607421875e+01
4.471918869018560372e+01 5.562252998352055045e+01 5.662500762939453125e+01 4.712684249877929688e+01
4.363275909423833809e+01 5.492107582092289420e+01 5.670820617675781250e+01 4.630202865600585938e+01
4.502282905578618966e+01 5.503411865234379263e+01 5.588784408569335938e+01 4.741889953613281250e+01
4.347506332397465201e+01 5.509187316894534092e+01 5.629354095458984375e+01 4.666642761230468750e+01
4.276457405090334873e+01 5.660918617248536577e+01 5.574741744995117188e+01 4.668976974487304688e+01
4.403766441345217686e+01 5.546234512329102984e+01 5.490216445922851562e+01 4.794344329833984375e+01
4.372745895385743609e+01 5.571062278747558594e+01 5.522632598876953125e+01 4.818153762817382812e+01
4.266570663452149859e+01 5.559753799438476562e+01 5.544438934326171875e+01 4.826096343994140625e+01
4.269197463989259234e+01 5.529485321044921875e+01 5.537723541259765625e+01 4.756443786621093750e+01
4.294059944152832031e+01 5.571247863769529829e+01 5.435197067260742188e+01 4.814283752441406250e+01
4.158596420288085938e+01 5.562226104736326704e+01 5.528528594970703125e+01 4.794873046875000000e+01
4.186936569213865766e+01 5.503819847106930752e+01 5.469092559814453125e+01 4.721280288696289062e+01
4.162848854064939985e+01 5.553612518310544033e+01 5.485078048706054688e+01 4.691226196289062500e+01
4.105108642578123579e+01 5.630185127258297939e+01 5.473521423339843750e+01 4.725263595581054688e+01
4.200999641418455610e+01 5.547616386413571377e+01 5.421691513061523438e+01 4.692215347290039062e+01
4.112180328369139204e+01 5.593709754943844814e+01 5.424108886718750000e+01 4.660174179077148438e+01
4.062867927551268110e+01 5.625292968749997158e+01 5.410433578491210938e+01 4.748880004882812500e+01
4.110376739501951704e+01 5.634589767456051845e+01 5.345619201660156250e+01 4.653078460693359375e+01
3.952341270446775923e+01 5.521085166931149502e+01 5.473805618286132812e+01 4.650152969360351562e+01
4.022644996643064985e+01 5.652500152587887783e+01 5.419677352905273438e+01 4.757920837402343750e+01
3.954094123840330610e+01 5.635972595214840908e+01 5.472617721557617188e+01 4.582586669921875000e+01
4.051852035522459516e+01 5.557575798034665127e+01 5.315932464599609375e+01 4.641583633422851562e+01
3.911005973815916548e+01 5.633037948608395595e+01 5.448192214965820312e+01 4.669589996337890625e+01
3.987936019897459516e+01 5.602463722229001064e+01 5.350542449951171875e+01 4.529977035522460938e+01
3.951108360290524502e+01 5.645863914489741830e+01 5.380298233032226562e+01 4.696223831176757812e+01
3.931886672973629970e+01 5.663778114318843393e+01 5.376808929443359375e+01 4.548008346557617188e+01
3.891611671447752485e+01 5.645018005371090908e+01 5.329461288452148438e+01 4.613233947753906250e+01
3.821006202697752485e+01 5.666547012329098720e+01 5.317777633666992188e+01 4.536653900146484375e+01
3.855367851257321377e+01 5.676016616821284799e+01 5.250261306762695312e+01 4.487108612060546875e+01
3.811683654785153408e+01 5.643089294433589487e+01 5.304306030273437500e+01 4.528256225585937500e+01
3.783366203308101205e+01 5.620756340026849784e+01 5.302779006958007812e+01 4.453294754028320312e+01
3.719275665283198862e+01 5.691880607604974784e+01 5.338415527343750000e+01 4.443564224243164062e+01
3.775944328308101205e+01 5.668430709838861503e+01 5.250062942504882812e+01 4.426602935791015625e+01
3.630189895629878549e+01 5.743302536010736503e+01 5.343836212158203125e+01 4.524489593505859375e+01
3.637803840637201347e+01 5.652718734741203832e+01 5.295095443725585938e+01 4.445012664794921875e+01
3.782837486267084159e+01 5.766570091247551488e+01 5.196255874633789062e+01 4.507254409790039062e+01
3.657826042175287284e+01 5.689744758605949926e+01 5.230925369262695312e+01 4.386507797241210938e+01
3.629338455200189628e+01 5.659821510314934301e+01 5.297986602783203125e+01 4.462357711791992188e+01
3.619041633605951347e+01 5.785386848449699926e+01 5.309128952026367188e+01 4.434984970092773438e+01
3.599287605285638847e+01 5.644173049926750707e+01 5.236050033569335938e+01 4.500620269775390625e+01
3.553688430786127128e+01 5.815155410766594457e+01 5.256481170654296875e+01 4.446817779541015625e+01
3.559363937377924003e+01 5.758810997009270238e+01 5.255879974365234375e+01 4.389229202270507812e+01
3.579169654846185722e+01 5.767550468444817113e+01 5.252537155151367188e+01 4.417605972290039062e+01
3.442885017395013847e+01 5.770777320861809301e+01 5.237513351440429688e+01 4.397285079956054688e+01
3.421094131469720878e+01 5.711779022216789770e+01 5.289604949951171875e+01 4.395848083496093750e+01
3.479722023010248222e+01 5.747945976257317113e+01 5.193162155151367188e+01 4.376959609985351562e+01
3.484714889526361503e+01 5.756871795654289770e+01 5.179834747314453125e+01 4.392402648925781250e+01
3.482024765014642753e+01 5.788853645324699926e+01 5.133142852783203125e+01 4.359603500366210938e+01
3.469445800781244316e+01 5.732263755798332738e+01 5.195829772949218750e+01 4.379985427856445312e+01
3.420097923278802909e+01 5.785089683532707738e+01 5.156616592407226562e+01 4.310074234008789062e+01
3.443203735351556816e+01 5.803799819946281957e+01 5.169488525390625000e+01 4.313199615478515625e+01
3.333701705932611503e+01 5.824604415893547582e+01 5.133364105224609375e+01 4.263976287841796875e+01
3.409916496276849784e+01 5.757268905639641332e+01 5.112253189086914062e+01 4.248754119873046875e+01
3.333474731445306816e+01 5.804457855224602270e+01 5.196823120117187500e+01 4.325656127929687500e+01
3.332181167602533378e+01 5.766272163391106176e+01 5.174698638916015625e+01 4.242000961303710938e+01
3.271977996826166191e+01 5.772247695922844457e+01 5.183119201660156250e+01 4.295525360107421875e+01
3.272021102905267753e+01 5.759448814392082738e+01 5.150504302978515625e+01 4.247807693481445312e+01
3.231911659240716972e+01 5.771608924865715551e+01 5.192835617065429688e+01 4.292254257202148438e+01
3.147297096252435722e+01 5.771575736999504613e+01 5.183837509155273438e+01 4.213467788696289062e+01
3.200477409362787284e+01 5.822698974609367895e+01 5.128837966918945312e+01 4.295866394042968750e+01
3.089905929565424003e+01 5.740019035339348363e+01 5.156290435791015625e+01 4.266298294067382812e+01
3.142473983764642753e+01 5.787239456176750707e+01 5.063834381103515625e+01 4.310213470458984375e+01
3.190350151062006034e+01 5.780912590026848363e+01 5.057756423950195312e+01 4.318140029907226562e+01
3.035759925842279472e+01 5.795347976684563207e+01 5.124450302124023438e+01 4.280558013916015625e+01
3.219036674499506034e+01 5.859597015380852270e+01 4.977321243286132812e+01 4.258103942871093750e+01
3.105173683166498222e+01 5.859678077697746801e+01 5.011713790893554688e+01 4.262543869018554688e+01
3.090265464782709159e+01 5.830808639526360082e+01 5.006999588012695312e+01 4.298616790771484375e+01
3.098002815246577768e+01 5.782439994812006034e+01 4.996334457397460938e+01 4.175380325317382812e+01
3.141267395019526987e+01 5.841534233093256034e+01 5.056159973144531250e+01 4.173836135864257812e+01
2.975050354003901987e+01 5.864430618286127128e+01 5.082975769042968750e+01 4.237815093994140625e+01
3.104677772521969814e+01 5.797194671630855112e+01 4.990147018432617188e+01 4.174725341796875000e+01
3.134007072448727627e+01 5.873546600341792612e+01 4.986212539672851562e+01 4.171690368652343750e+01
2.986250495910641689e+01 5.868517875671382455e+01 4.994974899291992188e+01 4.204771804809570312e+01
3.065370368957516689e+01 5.827358055114741830e+01 4.917074203491210938e+01 4.033826065063476562e+01
3.027973556518551845e+01 5.848159790039058237e+01 4.979718780517578125e+01 4.060586547851562500e+01
3.132123756408688564e+01 5.856820297241206674e+01 4.867632675170898438e+01 4.048911285400390625e+01
3.011133003234860439e+01 5.842559432983394174e+01 4.877744674682617188e+01 4.058953094482421875e+01
3.008440971374508877e+01 5.858006095886226205e+01 4.859730911254882812e+01 4.025607681274414062e+01
3.126759910583493252e+01 5.920149612426753549e+01 4.785068130493164062e+01 4.129065704345703125e+01
3.036874008178708095e+01 5.857917976379390268e+01 4.895276641845703125e+01 4.028522872924804688e+01
3.000255203247067470e+01 5.845959091186519174e+01 4.865518951416015625e+01 4.090613555908203125e+01
3.084032440185544033e+01 5.927303123474116830e+01 4.791798400878906250e+01 4.018951797485351562e+01
2.948967170715329189e+01 5.898785781860347299e+01 4.889474105834960938e+01 4.070873260498046875e+01
3.132973098754879970e+01 5.859876823425288705e+01 4.780391693115234375e+01 3.924885940551757812e+01
3.085048103332516689e+01 5.899698638916011362e+01 4.732126998901367188e+01 4.091137695312500000e+01
2.782220077514645595e+01 5.908658027648921518e+01 4.964359283447265625e+01 4.105758285522460938e+01
2.981877326965329189e+01 5.916228866577144174e+01 4.785917282104492188e+01 3.973891448974609375e+01
2.996426963806149502e+01 5.827012062072749643e+01 4.752197647094726562e+01 3.933938217163085938e+01
3.039071273803708095e+01 5.922600746154780893e+01 4.756008148193359375e+01 4.071224594116210938e+01
3.014312362670895595e+01 5.890330123901362924e+01 4.613106536865234375e+01 3.939229583740234375e+01
2.934743118286129970e+01 5.878077888488765268e+01 4.750986480712890625e+01 4.032407760620117188e+01
2.974186325073239345e+01 5.870689201354976205e+01 4.720995330810546875e+01 4.011276626586914062e+01
2.927518081665036220e+01 5.910669898986812143e+01 4.710073089599609375e+01 4.064045333862304688e+01
2.829417037963864345e+01 5.913124656677241830e+01 4.808663177490234375e+01 4.028218460083007812e+01
2.862770652770993252e+01 5.850203132629390268e+01 4.721078872680664062e+01 3.962137985229492188e+01
2.676816177368161220e+01 5.858296394348140268e+01 4.914507293701171875e+01 3.931861495971679688e+01
2.787929344177243252e+01 5.883266830444331674e+01 4.854722976684570312e+01 3.911333465576171875e+01
2.628724288940426845e+01 5.865019035339351205e+01 4.897197723388671875e+01 3.856702041625976562e+01
2.701277351379391689e+01 5.853592491149898080e+01 4.832220077514648438e+01 3.893371963500976562e+01
2.806298637390133877e+01 5.862574577331538705e+01 4.774858474731445312e+01 3.896129226684570312e+01
2.735631179809567470e+01 5.847786712646480112e+01 4.834679412841796875e+01 3.913734436035156250e+01
2.539062309265133877e+01 5.872210693359370737e+01 4.945988845825195312e+01 3.944578552246093750e+01
2.654336547851559658e+01 5.886086845397944955e+01 4.802203369140625000e+01 3.915649795532226562e+01
2.631961441040036220e+01 5.953041458129878549e+01 4.820635223388671875e+01 3.898479461669921875e+01
2.787426567077633877e+01 5.953273010253901987e+01 4.723817825317382812e+01 3.842633056640625000e+01
2.522679328918454189e+01 5.947441291809077768e+01 4.957908248901367188e+01 3.887932968139648438e+01
2.563204956054684658e+01 5.945477676391597299e+01 4.898995971679687500e+01 3.909535980224609375e+01
2.636119842529294033e+01 5.956038284301753549e+01 4.826100158691406250e+01 3.878734588623046875e+01
2.676457214355465908e+01 5.914898300170894174e+01 4.798669433593750000e+01 3.910079193115234375e+01
2.449118995666501064e+01 5.874928092956538705e+01 4.922466659545898438e+01 3.928718948364257812e+01
2.405643653869626064e+01 5.944307518005366830e+01 5.038695907592773438e+01 3.985478591918945312e+01
2.460622406005856533e+01 5.956785774230952768e+01 4.944340515136718750e+01 3.931902694702148438e+01
2.215350723266598720e+01 5.878968811035151987e+01 5.119397735595703125e+01 3.985714721679687500e+01
2.515857505798337002e+01 5.916608619689937143e+01 4.836417007446289062e+01 4.018799972534179688e+01
2.198852539062497158e+01 5.875323486328120737e+01 5.096876525878906250e+01 3.967295837402343750e+01
2.578494071960446377e+01 5.867627906799312143e+01 4.779707717895507812e+01 4.009208297729492188e+01
2.192437744140622158e+01 5.892927932739253549e+01 5.084614562988281250e+01 3.903200531005859375e+01
2.421697044372555752e+01 5.904445075988765268e+01 4.925986099243164062e+01 3.893192672729492188e+01
2.263083267211911220e+01 5.881387138366694955e+01 5.107157135009765625e+01 3.897676467895507812e+01
2.206073188781735439e+01 5.934017753601069955e+01 5.146429061889648438e+01 3.904199600219726562e+01
2.357463073730465908e+01 5.951407623291011362e+01 4.981835937500000000e+01 3.843186950683593750e+01
2.371829795837399502e+01 5.910799217224116830e+01 5.045384597778320312e+01 3.864316177368164062e+01
2.378841400146481533e+01 5.963453865051265268e+01 4.963156127929687500e+01 3.832169723510742188e+01
2.373593521118161220e+01 5.981065368652339487e+01 4.920858001708984375e+01 3.844482421875000000e+01
2.321141815185544033e+01 5.940134239196773080e+01 5.018371582031250000e+01 3.878288650512695312e+01
2.290848159790036220e+01 5.993632507324214487e+01 4.990482330322265625e+01 3.861381530761718750e+01
2.233056259155270595e+01 5.975668716430659799e+01 5.070487213134765625e+01 3.853002166748046875e+01
2.330235862731930752e+01 5.917246246337886362e+01 4.970601272583007812e+01 3.845623779296875000e+01
2.161384773254391689e+01 5.922920417785640268e+01 5.117461776733398438e+01 3.912769699096679688e+01
2.252339363098141689e+01 5.994871520996089487e+01 5.027972030639648438e+01 3.882711791992187500e+01
2.352128982543942470e+01 5.961374473571773080e+01 4.973328399658203125e+01 3.840434646606445312e+01
2.139288902282712002e+01 5.980376052856441049e+01 5.107661819458007812e+01 3.869809722900390625e+01
2.266141510009762783e+01 5.991378593444819955e+01 4.992742919921875000e+01 3.873768997192382812e+01
2.136022949218747158e+01 6.015025329589839487e+01 5.087924194335937500e+01 3.900007629394531250e+01
2.334152221679684658e+01 6.000754165649409799e+01 4.987580871582031250e+01 3.909619903564453125e+01
2.150043487548825283e+01 5.973592185974116830e+01 5.058168029785156250e+01 3.900223159790039062e+01
2.234631729125973720e+01 6.023673439025874643e+01 4.909493255615234375e+01 3.915087509155273438e+01
2.266859626770016689e+01 5.984582328796382455e+01 4.987118148803710938e+01 3.852472305297851562e+01
2.130117607116696377e+01 6.001201629638667612e+01 5.031381607055664062e+01 3.932299804687500000e+01
2.432389068603512783e+01 5.959706306457515268e+01 4.855413818359375000e+01 3.959675216674804688e+01
2.201641273498532314e+01 6.007603073120112924e+01 4.962461471557617188e+01 3.919428253173828125e+01
2.313338088989254970e+01 6.000074958801265268e+01 4.904788970947265625e+01 3.958314132690429688e+01
2.213784980773922939e+01 6.025728034973140268e+01 4.919123458862304688e+01 3.951119613647460938e+01
2.352642059326169033e+01 5.903090095520015268e+01 4.900869750976562500e+01 3.991788864135742188e+01
2.307637977600094814e+01 6.016707992553706674e+01 4.870866012573242188e+01 3.952767181396484375e+01
2.295897483825680752e+01 5.979129028320308237e+01 4.968608474731445312e+01 3.892745971679687500e+01
2.167114448547360439e+01 5.986943435668941049e+01 4.983324813842773438e+01 3.935562896728515625e+01
2.141697311401364345e+01 5.920380592346187143e+01 4.958022308349609375e+01 3.964141464233398438e+01
2.348275756835934658e+01 5.944919204711909799e+01 4.914880371093750000e+01 3.890781402587890625e+01
2.227638435363766689e+01 5.982277488708491830e+01 4.901624679565429688e+01 3.936188125610351562e+01
2.190654373168942470e+01 5.934562683105464487e+01 4.973490142822265625e+01 3.839910888671875000e+01
2.187331962585446377e+01 5.945772361755366830e+01 5.012611770629882812e+01 3.900037002563476562e+01
2.194660568237301845e+01 5.984033775329585580e+01 5.035103607177734375e+01 3.947768020629882812e+01
2.094897079467770595e+01 5.981731033325191049e+01 4.971057891845703125e+01 3.855863189697265625e+01
2.187926483154294033e+01 5.955363655090327768e+01 5.009713745117187500e+01 3.924312973022460938e+01
2.159264564514157314e+01 5.972480392456050424e+01 4.947288131713867188e+01 3.946743011474609375e+01
2.192484855651852627e+01 5.979315567016597299e+01 4.932561111450195312e+01 3.881574249267578125e+01
2.153909683227536220e+01 5.982329559326167612e+01 4.956391143798828125e+01 3.910665893554687500e+01
2.214281463623044033e+01 5.983908462524409799e+01 4.895471191406250000e+01 3.862502288818359375e+01
2.131627655029294033e+01 5.992545509338374643e+01 4.921166992187500000e+01 3.884255599975585938e+01
2.350395965576169033e+01 5.971965217590327768e+01 4.807388305664062500e+01 3.868287277221679688e+01
2.143537330627438564e+01 5.943742752075191049e+01 5.019990158081054688e+01 3.904213714599609375e+01
2.189724159240719814e+01 5.964667892456050424e+01 4.860941696166992188e+01 3.958289337158203125e+01
2.265769386291501064e+01 6.015542793273921518e+01 4.973488998413085938e+01 3.945116806030273438e+01
2.077560806274411220e+01 5.984711265563960580e+01 4.990998077392578125e+01 3.977486038208007812e+01
2.267464065551754970e+01 5.992594337463374643e+01 4.968099212646484375e+01 3.937775802612304688e+01
2.132862472534176845e+01 5.990892982482905893e+01 4.989418792724609375e+01 3.977117538452148438e+01
2.209209823608395595e+01 6.018128013610835580e+01 4.920055389404296875e+01 3.941455459594726562e+01
2.275933647155758877e+01 6.036288261413569955e+01 4.898566055297851562e+01 3.917332839965820312e+01
2.158202743530270595e+01 5.973199844360347299e+01 4.921002960205078125e+01 3.930130767822265625e+01
2.278162765502926845e+01 6.007554626464839487e+01 4.971738433837890625e+01 3.897386169433593750e+01
2.193757247924801845e+01 5.984011459350581674e+01 4.876471710205078125e+01 3.951496124267578125e+01
2.537914085388180752e+01 5.968231582641597299e+01 4.615069961547851562e+01 3.798807525634765625e+01
2.376253890991208095e+01 5.939615821838374643e+01 4.768347930908203125e+01 3.887678146362304688e+01
2.306374359130856533e+01 5.985458946228023080e+01 4.707914733886718750e+01 3.934645462036132812e+01
2.200542068481442470e+01 6.002883720397944955e+01 4.855355072021484375e+01 3.861664199829101562e+01
2.190003204345700283e+01 6.017041397094722299e+01 4.858282470703125000e+01 3.929050445556640625e+01
2.193021392822262783e+01 6.020740890502925424e+01 4.745921325683593750e+01 3.936046600341796875e+01
2.417622756958004970e+01 6.044721221923823862e+01 4.624744415283203125e+01 3.896742248535156250e+01
2.314837455749508877e+01 5.988312530517573862e+01 4.650679397583007812e+01 3.929733276367187500e+01
2.448861885070797939e+01 5.967188644409175424e+01 4.563299179077148438e+01 3.948424530029296875e+01
2.221187210083004970e+01 6.042519760131831674e+01 4.765612030029296875e+01 3.909061431884765625e+01
2.120534515380856533e+01 6.041960525512691049e+01 4.756494140625000000e+01 3.907170867919921875e+01
2.437265396118161220e+01 6.078269195556636362e+01 4.539850616455078125e+01 3.786863708496093750e+01
2.531706809997555752e+01 5.909752655029292612e+01 4.330302810668945312e+01 3.915463256835937500e+01
2.389212799072262783e+01 6.013511466979976205e+01 4.599879455566406250e+01 3.734926223754882812e+01
2.137619018554684658e+01 5.958507347106929330e+01 4.761253356933593750e+01 3.859643936157226562e+01
2.300931549072262783e+01 5.998501014709468393e+01 4.672354125976562500e+01 3.935247421264648438e+01
2.450236701965329189e+01 5.917201423645015268e+01 4.481588363647460938e+01 4.021027755737304688e+01
2.193893432617184658e+01 6.037387275695796518e+01 4.717608642578125000e+01 3.865157699584960938e+01
2.318743133544919033e+01 6.023001098632808237e+01 4.576191711425781250e+01 3.906591796875000000e+01
2.688488960266110439e+01 5.946985816955562143e+01 4.170435714721679688e+01 3.899668502807617188e+01
2.270530319213864345e+01 5.953955459594722299e+01 4.521355438232421875e+01 3.891553497314453125e+01
2.421051406860348720e+01 6.041977119445796518e+01 4.384650421142578125e+01 3.737699508666992188e+01
2.238159179687497158e+01 5.996423149108882455e+01 4.475714111328125000e+01 3.779651260375976562e+01
2.499043464660641689e+01 6.057529830932612924e+01 4.375579452514648438e+01 3.697855377197265625e+01
3.216118431091305752e+01 5.953596687316890268e+01 3.634282302856445312e+01 3.800214767456054688e+01
3.037056350708004970e+01 6.016419792175288705e+01 3.624341583251953125e+01 3.723219680786132812e+01
2.633031845092770595e+01 6.013506126403804330e+01 4.015349578857421875e+01 3.733296585083007812e+01
2.756014823913571377e+01 6.053917884826655893e+01 3.915576553344726562e+01 3.680915451049804688e+01
2.693897056579587002e+01 6.016629981994624643e+01 3.982188796997070312e+01 3.685343551635742188e+01
2.866064071655270595e+01 5.977254486083980112e+01 3.777950286865234375e+01 3.705113220214843750e+01
2.873058128356930752e+01 6.029148864746089487e+01 3.629426956176757812e+01 3.663516235351562500e+01
3.163281249999997158e+01 6.015165328979487924e+01 3.427949523925781250e+01 3.671050262451171875e+01
3.117066001892087002e+01 5.997578239440913705e+01 3.337930679321289062e+01 3.689737319946289062e+01
3.068758773803708095e+01 6.012219238281245737e+01 3.447333526611328125e+01 3.729447937011718750e+01
2.883048248291012783e+01 5.996346664428706674e+01 3.606355285644531250e+01 3.705658721923828125e+01
