3.030000000000000000e+02 1.230000000000000000e+02 1.800000000000000000e+01 2.000000000000000000e+01
3.022199735641479492e+02 1.232176866531372070e+02 1.957785224914550781e+01 1.926798820495605469e+01
3.022361373901367188e+02 1.231040163040161133e+02 1.964704132080078125e+01 1.930497550964355469e+01
3.022398757934570312e+02 1.230343828201293945e+02 1.964934539794921875e+01 1.926938438415527344e+01
3.023117160797119141e+02 1.228929367065429688e+02 1.962936019897460938e+01 1.934576416015625000e+01
3.022888574600219727e+02 1.228386650085449219e+02 1.964696311950683594e+01 1.928456115722656250e+01
3.022822275161743164e+02 1.236780281066894531e+02 1.977243614196777344e+01 1.912026214599609375e+01
3.022999782562255859e+02 1.234796514511108398e+02 1.968328475952148438e+01 1.925664710998535156e+01
3.023003206253051758e+02 1.233584880828857422e+02 1.967054557800292969e+01 1.931151199340820312e+01
3.023369321823120117e+02 1.231677370071411133e+02 1.962449836730957031e+01 1.939195823669433594e+01
3.020183210372924805e+02 1.236222858428955078e+02 1.960152626037597656e+01 1.916949081420898438e+01
3.019837846755981445e+02 1.233763256072998047e+02 1.965913200378417969e+01 1.937221908569335938e+01
3.027808685302734375e+02 1.227852306365966797e+02 1.919642639160156250e+01 1.912527084350585938e+01
3.022350492477416992e+02 1.230856046676635742e+02 1.954954719543457031e+01 1.903669929504394531e+01
3.021827077865600586e+02 1.228113203048706055e+02 1.962984657287597656e+01 1.928466987609863281e+01
3.022201700210571289e+02 1.237318944931030273e+02 1.970378684997558594e+01 1.902180671691894531e+01
3.022630929946899414e+02 1.234891052246093750e+02 1.968344688415527344e+01 1.931622314453125000e+01
3.022854852676391602e+02 1.233761491775512695e+02 1.965231132507324219e+01 1.930635643005371094e+01
3.022709045410156250e+02 1.232172594070434570e+02 1.964260864257812500e+01 1.940572929382324219e+01
3.019379501342773438e+02 1.236872940063476562e+02 1.961732482910156250e+01 1.923851013183593750e+01
3.018888988494873047e+02 1.235622262954711914e+02 1.969680404663085938e+01 1.935341453552246094e+01
3.027632360458374023e+02 1.229197692871093750e+02 1.919221687316894531e+01 1.923467254638671875e+01
3.021148519515991211e+02 1.233084421157836914e+02 1.948363685607910156e+01 1.904523277282714844e+01
3.019464941024780273e+02 1.232098579406738281e+02 1.954290962219238281e+01 1.935007476806640625e+01
3.018123407363891602e+02 1.232038383483886719e+02 1.963664817810058594e+01 1.949561309814453125e+01
3.023738660812377930e+02 1.237024135589599609e+02 1.940931129455566406e+01 1.942459487915039062e+01
3.021789884567260742e+02 1.235090618133544922e+02 1.966883277893066406e+01 1.970373153686523438e+01
3.018074922561645508e+02 1.229805698394775391e+02 1.958347892761230469e+01 1.936951828002929688e+01
3.016774215698242188e+02 1.227026739120483398e+02 1.962509918212890625e+01 1.980180549621582031e+01
3.024263401031494141e+02 1.232783069610595703e+02 1.940656661987304688e+01 1.950452804565429688e+01
3.021925716400146484e+02 1.231826753616333008e+02 1.977680587768554688e+01 1.957180595397949219e+01
3.018245077133178711e+02 1.236684894561767578e+02 1.975948524475097656e+01 1.933519363403320312e+01
3.026312026977539062e+02 1.229065179824829102e+02 1.936177825927734375e+01 1.945163536071777344e+01
3.024508571624755859e+02 1.227942781448364258e+02 1.973896408081054688e+01 1.958639335632324219e+01
3.021517982482910156e+02 1.233087244033813477e+02 1.965868377685546875e+01 1.925758934020996094e+01
3.021665115356445312e+02 1.231485786437988281e+02 1.968136596679687500e+01 1.950844573974609375e+01
3.018007888793945312e+02 1.236341190338134766e+02 1.969512176513671875e+01 1.924852371215820312e+01
3.018378601074218750e+02 1.234407367706298828e+02 1.971656036376953125e+01 1.940835189819335938e+01
3.026147699356079102e+02 1.227915649414062500e+02 1.939618492126464844e+01 1.928869628906250000e+01
3.024882259368896484e+02 1.236256656646728516e+02 1.981595230102539062e+01 1.912913131713867188e+01
3.025087203979492188e+02 1.233236436843872070e+02 1.971084594726562500e+01 1.949912071228027344e+01
3.022304391860961914e+02 1.227712869644165039e+02 1.962893486022949219e+01 1.910048484802246094e+01
3.021897459030151367e+02 1.234468488693237305e+02 1.980429267883300781e+01 1.915022468566894531e+01
3.021998376846313477e+02 1.231955499649047852e+02 1.976162528991699219e+01 1.947426414489746094e+01
3.019271192550659180e+02 1.235562782287597656e+02 1.967354774475097656e+01 1.941484069824218750e+01
3.025451631546020508e+02 1.227897586822509766e+02 1.939396476745605469e+01 1.950471115112304688e+01
3.022598237991333008e+02 1.228105306625366211e+02 1.973994255065917969e+01 1.938991737365722656e+01
3.017270956039428711e+02 1.232769927978515625e+02 1.976830482482910156e+01 1.940778350830078125e+01
3.022102785110473633e+02 1.238038415908813477e+02 1.954450035095214844e+01 1.935444450378417969e+01
3.018741912841796875e+02 1.236863918304443359e+02 1.983926391601562500e+01 1.966924667358398438e+01
3.021784296035766602e+02 1.227285490036010742e+02 1.924223899841308594e+01 1.911337471008300781e+01
3.027285079956054688e+02 1.234516553878784180e+02 1.921778869628906250e+01 1.916574287414550781e+01
3.022141323089599609e+02 1.225014696121215820e+02 1.959134292602539062e+01 1.872828483581542969e+01
3.018008213043212891e+02 1.233945684432983398e+02 1.952482986450195312e+01 1.878338813781738281e+01
3.025006017684936523e+02 1.227609186172485352e+02 1.923405647277832031e+01 1.893134117126464844e+01
3.016037082672119141e+02 1.218333358764648438e+02 1.943719863891601562e+01 1.890486907958984375e+01
3.008333749771118164e+02 1.222742815017700195e+02 1.930187034606933594e+01 1.905796623229980469e+01
3.003100643157958984e+02 1.233454504013061523e+02 1.925732803344726562e+01 1.860503578186035156e+01
2.998704757690429688e+02 1.235733404159545898e+02 1.918129730224609375e+01 1.897715950012207031e+01
2.992500209808349609e+02 1.242204818725585938e+02 1.890274429321289062e+01 1.916383361816406250e+01
2.983488855361938477e+02 1.273133125305175781e+02 1.876801872253417969e+01 1.799868774414062500e+01
2.967904434204101562e+02 1.288122043609619141e+02 1.874217224121093750e+01 1.769132614135742188e+01
2.957095222473144531e+02 1.278604755401611328e+02 1.903436279296875000e+01 1.893775558471679688e+01
2.947673912048339844e+02 1.286002902984619141e+02 1.906214141845703125e+01 1.840111160278320312e+01
2.933302097320556641e+02 1.287201929092407227e+02 1.916576766967773438e+01 1.798099327087402344e+01
2.931854362487792969e+02 1.287567358016967773e+02 1.891194152832031250e+01 1.748056221008300781e+01
2.928230800628662109e+02 1.282567319869995117e+02 1.864976119995117188e+01 1.776414680480957031e+01
2.919808368682861328e+02 1.280811262130737305e+02 1.826465988159179688e+01 1.727021217346191406e+01
2.916929130554199219e+02 1.284366273880004883e+02 1.864067840576171875e+01 1.736079978942871094e+01
2.915899248123168945e+02 1.298496570587158203e+02 1.850539207458496094e+01 1.684548568725585938e+01
2.916745090484619141e+02 1.299621391296386719e+02 1.848609542846679688e+01 1.630668640136718750e+01
2.906063156127929688e+02 1.281874942779541016e+02 1.903791809082031250e+01 1.839334487915039062e+01
2.901829566955566406e+02 1.275957260131835938e+02 1.921280670166015625e+01 1.853867340087890625e+01
2.907063283920288086e+02 1.273832368850708008e+02 1.884308052062988281e+01 1.837249565124511719e+01
2.906224889755249023e+02 1.247373418807983398e+02 1.939377021789550781e+01 1.951548194885253906e+01
2.915050554275512695e+02 1.207991285324096680e+02 2.022341728210449219e+01 2.174547767639160156e+01
2.916091089248657227e+02 1.142809095382690430e+02 2.064211082458496094e+01 2.255491065979003906e+01
2.939965867996215820e+02 1.129400730133056641e+02 2.112164115905761719e+01 2.223443222045898438e+01
2.951399478912353516e+02 1.122105731964111328e+02 1.949266433715820312e+01 2.114243698120117188e+01
2.956235952377319336e+02 1.093068504333496094e+02 1.994043922424316406e+01 1.983245086669921875e+01
2.963470916748046875e+02 1.069288129806518555e+02 1.999065399169921875e+01 1.992366981506347656e+01
2.968800220489501953e+02 9.978442192077636719e+01 2.129756546020507812e+01 2.217711257934570312e+01
2.985216732025146484e+02 9.976533508300781250e+01 2.016978073120117188e+01 1.990252685546875000e+01
2.999593343734741211e+02 9.618045043945312500e+01 1.980630683898925781e+01 2.146405029296875000e+01
3.009310083389282227e+02 9.385743999481201172e+01 1.982133293151855469e+01 2.140192604064941406e+01
2.964606266021728516e+02 8.926555347442626953e+01 2.337190628051757812e+01 2.281652641296386719e+01
2.937482070922851562e+02 8.718311691284179688e+01 2.541641235351562500e+01 2.257303619384765625e+01
2.968357467651367188e+02 8.493966865539550781e+01 2.459564208984375000e+01 2.310236740112304688e+01
2.993425645828247070e+02 8.382655715942382812e+01 2.317639732360839844e+01 2.218795776367187500e+01
2.991445159912109375e+02 8.197660732269287109e+01 2.336015319824218750e+01 2.282018470764160156e+01
2.986382417678833008e+02 8.104464817047119141e+01 2.364943504333496094e+01 2.367254447937011719e+01
2.946921024322509766e+02 8.098968124389648438e+01 2.553567123413085938e+01 2.509323883056640625e+01
2.835987472534179688e+02 7.921891212463378906e+01 3.247855377197265625e+01 2.913653182983398438e+01
2.996801090240478516e+02 9.065029335021972656e+01 2.054103469848632812e+01 2.221680831909179688e+01
3.011777143478393555e+02 1.069125547409057617e+02 1.932799720764160156e+01 1.924441719055175781e+01
3.006184377670288086e+02 1.226122322082519531e+02 1.950868415832519531e+01 1.877697753906250000e+01
3.008415994644165039e+02 1.120730600357055664e+02 1.912628746032714844e+01 1.922728919982910156e+01
2.999492807388305664e+02 1.062734870910644531e+02 2.000176811218261719e+01 1.811687850952148438e+01
3.009462223052978516e+02 1.022132778167724609e+02 1.925823593139648438e+01 1.928235626220703125e+01
3.005996465682983398e+02 1.035933847427368164e+02 1.941227149963378906e+01 1.924395942687988281e+01
3.013988456726074219e+02 1.096581830978393555e+02 1.955997467041015625e+01 1.907427787780761719e+01
3.019971914291381836e+02 1.194632778167724609e+02 1.903499031066894531e+01 1.859661865234375000e+01
3.017384710311889648e+02 1.185461101531982422e+02 1.936314582824707031e+01 1.884994506835937500e+01
3.030899991989135742e+02 1.139934015274047852e+02 1.937802314758300781e+01 1.915552711486816406e+01
3.042051401138305664e+02 1.121185884475708008e+02 1.924900627136230469e+01 1.882827949523925781e+01
3.057175559997558594e+02 1.154780960083007812e+02 1.915945434570312500e+01 1.873200607299804688e+01
3.070895261764526367e+02 1.226202983856201172e+02 1.900041389465332031e+01 1.883001708984375000e+01
3.071474275588989258e+02 1.195802145004272461e+02 1.946661949157714844e+01 1.893913078308105469e+01
3.092971572875976562e+02 1.172967939376831055e+02 1.928849029541015625e+01 1.860368156433105469e+01
3.097979049682617188e+02 1.194102792739868164e+02 1.927491760253906250e+01 1.884568214416503906e+01
3.108483572006225586e+02 1.244577522277832031e+02 1.920476722717285156e+01 1.895563888549804688e+01
3.120634613037109375e+02 1.216532287597656250e+02 1.967716217041015625e+01 1.915291976928710938e+01
3.134074897766113281e+02 1.226618375778198242e+02 1.946379852294921875e+01 1.922682762145996094e+01
3.151412372589111328e+02 1.243940582275390625e+02 1.903048324584960938e+01 1.901417160034179688e+01
3.162854490280151367e+02 1.234611616134643555e+02 1.891082954406738281e+01 1.930965995788574219e+01
3.177331199645996094e+02 1.246114206314086914e+02 1.904274749755859375e+01 1.903330421447753906e+01
3.189675359725952148e+02 1.238810834884643555e+02 1.909857368469238281e+01 1.960503959655761719e+01
3.199139575958251953e+02 1.243653364181518555e+02 1.948834609985351562e+01 1.969908714294433594e+01
3.220186529159545898e+02 1.247883005142211914e+02 1.954141426086425781e+01 1.986399269104003906e+01
3.235160913467407227e+02 1.253984861373901367e+02 1.954878807067871094e+01 1.995567131042480469e+01
3.244437646865844727e+02 1.255209522247314453e+02 1.982345390319824219e+01 2.014411926269531250e+01
3.257715377807617188e+02 1.249074878692626953e+02 1.978856658935546875e+01 2.006627655029296875e+01
3.260262603759765625e+02 1.253071880340576172e+02 2.001541900634765625e+01 2.017279815673828125e+01
3.271546831130981445e+02 1.252389526367187500e+02 1.980967521667480469e+01 2.026700210571289062e+01
3.280537528991699219e+02 1.255463256835937500e+02 1.994416809082031250e+01 2.002140426635742188e+01
3.295519571304321289e+02 1.254118194580078125e+02 2.001112937927246094e+01 2.001532363891601562e+01
3.302479991912841797e+02 1.258707942962646484e+02 1.984076309204101562e+01 1.985938262939453125e+01
3.310904359817504883e+02 1.256591405868530273e+02 1.980094718933105469e+01 1.987675285339355469e+01
3.315063314437866211e+02 1.251719341278076172e+02 1.979824256896972656e+01 2.014689636230468750e+01
3.324243965148925781e+02 1.256939945220947266e+02 1.975675964355468750e+01 1.997000885009765625e+01
3.327685680389404297e+02 1.250215034484863281e+02 1.984969711303710938e+01 2.037557601928710938e+01
3.329420804977416992e+02 1.248558902740478516e+02 2.016166877746582031e+01 2.067556762695312500e+01
3.328178100585937500e+02 1.255502824783325195e+02 2.006595611572265625e+01 2.047892189025878906e+01
3.326565179824829102e+02 1.251368818283081055e+02 2.027067375183105469e+01 2.022981071472167969e+01
3.324878950119018555e+02 1.256411390304565430e+02 2.004974555969238281e+01 2.050102806091308594e+01
3.319496431350708008e+02 1.255211286544799805e+02 2.013311576843261719e+01 2.002237510681152344e+01
3.316527070999145508e+02 1.256454296112060547e+02 2.009514427185058594e+01 2.036366271972656250e+01
3.320305652618408203e+02 1.261435537338256836e+02 1.997444534301757812e+01 2.012656211853027344e+01
3.312386751174926758e+02 1.253388757705688477e+02 1.939481163024902344e+01 1.977441596984863281e+01
3.311882991790771484e+02 1.256207962036132812e+02 2.000036239624023438e+01 1.976559829711914062e+01
3.307420234680175781e+02 1.252000465393066406e+02 2.012551879882812500e+01 1.990710830688476562e+01
3.303855304718017578e+02 1.251500196456909180e+02 2.001185989379882812e+01 2.026885795593261719e+01
3.296919603347778320e+02 1.252582559585571289e+02 1.977042961120605469e+01 2.018675422668457031e+01
3.287565631866455078e+02 1.261541051864624023e+02 1.987250900268554688e+01 1.992593193054199219e+01
3.282929487228393555e+02 1.260768241882324219e+02 2.009194374084472656e+01 1.972331619262695312e+01
3.284057292938232422e+02 1.262268972396850586e+02 2.001420211791992188e+01 1.928644371032714844e+01
3.279727163314819336e+02 1.278072929382324219e+02 1.914982032775878906e+01 1.840836715698242188e+01
3.266795082092285156e+02 1.268999271392822266e+02 1.976684570312500000e+01 1.897238159179687500e+01
3.258501663208007812e+02 1.278330078125000000e+02 1.896764373779296875e+01 1.872139358520507812e+01
3.251108798980712891e+02 1.269595699310302734e+02 1.935271072387695312e+01 1.917379760742187500e+01
3.227678775787353516e+02 1.255918579101562500e+02 1.913860702514648438e+01 1.963074874877929688e+01
3.207977666854858398e+02 1.267791423797607422e+02 1.924412727355957031e+01 1.918667602539062500e+01
3.172867183685302734e+02 1.257454719543457031e+02 1.828164291381835938e+01 1.885338211059570312e+01
3.141380615234375000e+02 1.250367841720581055e+02 1.922779846191406250e+01 1.962428855895996094e+01
3.105107650756835938e+02 1.249334783554077148e+02 1.953020477294921875e+01 1.971294975280761719e+01
3.077616672515869141e+02 1.252200670242309570e+02 1.949917221069335938e+01 1.950995826721191406e+01
3.052207632064819336e+02 1.254240207672119141e+02 1.933197975158691406e+01 1.935969543457031250e+01
3.024667634963989258e+02 1.250743370056152344e+02 1.910206413269042969e+01 1.932082748413085938e+01
2.994275894165039062e+02 1.251545171737670898e+02 1.915678405761718750e+01 1.913720512390136719e+01
2.969446754455566406e+02 1.248839263916015625e+02 1.919505310058593750e+01 1.941216659545898438e+01
2.946731538772583008e+02 1.241411409378051758e+02 1.899233818054199219e+01 1.951626014709472656e+01
2.928948259353637695e+02 1.246806764602661133e+02 1.933042716979980469e+01 1.933176612854003906e+01
2.899623136520385742e+02 1.247754554748535156e+02 1.923172950744628906e+01 1.958739089965820312e+01
2.878886356353759766e+02 1.241160783767700195e+02 1.926041030883789062e+01 1.896398353576660156e+01
2.863665351867675781e+02 1.251053781509399414e+02 1.904410552978515625e+01 1.884208106994628906e+01
2.840490732192993164e+02 1.242996253967285156e+02 1.909129905700683594e+01 1.914410781860351562e+01
2.818448085784912109e+02 1.255374631881713867e+02 1.931437301635742188e+01 1.878578758239746094e+01
2.799542083740234375e+02 1.254360160827636719e+02 1.923925781250000000e+01 1.912759017944335938e+01
2.775299787521362305e+02 1.253964719772338867e+02 1.944660377502441406e+01 1.918925285339355469e+01
2.752665739059448242e+02 1.248595571517944336e+02 1.960196113586425781e+01 1.924767875671386719e+01
2.730487585067749023e+02 1.255851087570190430e+02 1.939033699035644531e+01 1.943309593200683594e+01
2.702652196884155273e+02 1.253322668075561523e+02 1.913597297668457031e+01 1.980637931823730469e+01
2.678420047760009766e+02 1.253709487915039062e+02 1.938560104370117188e+01 2.000096511840820312e+01
2.656318254470825195e+02 1.255495595932006836e+02 1.927426719665527344e+01 1.943182182312011719e+01
2.633065967559814453e+02 1.262062997817993164e+02 1.921342086791992188e+01 1.991810798645019531e+01
2.610465764999389648e+02 1.259460191726684570e+02 1.927300453186035156e+01 1.947236061096191406e+01
2.576913604736328125e+02 1.259337720870971680e+02 1.957957458496093750e+01 2.036335563659667969e+01
2.560433292388916016e+02 1.272609176635742188e+02 1.974022293090820312e+01 1.975285720825195312e+01
2.535454282760620117e+02 1.268847770690917969e+02 1.970447731018066406e+01 2.044839096069335938e+01
2.504703931808471680e+02 1.267800941467285156e+02 2.003186225891113281e+01 2.093763351440429688e+01
2.505818777084350586e+02 1.284207105636596680e+02 2.011022377014160156e+01 2.026508903503417969e+01
2.517845363616943359e+02 1.287131214141845703e+02 1.987800979614257812e+01 2.020108032226562500e+01
2.533829860687255859e+02 1.301015148162841797e+02 2.007659530639648438e+01 2.014447021484375000e+01
2.543062372207641602e+02 1.303141031265258789e+02 2.014362907409667969e+01 2.037512397766113281e+01
2.559172792434692383e+02 1.313502845764160156e+02 2.038294792175292969e+01 2.059993362426757812e+01
2.565812330245971680e+02 1.325849952697753906e+02 1.988250160217285156e+01 2.048419570922851562e+01
2.575950965881347656e+02 1.344487466812133789e+02 1.987372589111328125e+01 2.045598793029785156e+01
2.584814929962158203e+02 1.351958389282226562e+02 1.954556655883789062e+01 2.037448501586914062e+01
2.595658798217773438e+02 1.364025001525878906e+02 1.959114837646484375e+01 2.024001693725585938e+01
2.601019020080566406e+02 1.364445028305053711e+02 1.990965270996093750e+01 2.035417747497558594e+01
2.600358543395996094e+02 1.379808931350708008e+02 1.987848663330078125e+01 2.006424903869628906e+01
2.612820854187011719e+02 1.387844209671020508e+02 1.960971832275390625e+01 2.001922798156738281e+01
2.619545745849609375e+02 1.394074544906616211e+02 1.943409729003906250e+01 2.007887077331542969e+01
2.622586383819580078e+02 1.411450519561767578e+02 1.974018478393554688e+01 2.023365783691406250e+01
2.640024452209472656e+02 1.418776674270629883e+02 1.996012115478515625e+01 2.023220252990722656e+01
2.646904697418212891e+02 1.428750076293945312e+02 1.962770462036132812e+01 2.025188064575195312e+01
2.642010021209716797e+02 1.433456392288208008e+02 2.021459579467773438e+01 2.015790748596191406e+01
2.656179065704345703e+02 1.442780332565307617e+02 1.983599472045898438e+01 2.023737144470214844e+01
2.665354642868041992e+02 1.452523279190063477e+02 2.000117683410644531e+01 2.033670234680175781e+01
2.673605537414550781e+02 1.462930946350097656e+02 1.993972778320312500e+01 2.023521804809570312e+01
2.680006628036499023e+02 1.473666324615478516e+02 2.001056861877441406e+01 2.032818603515625000e+01
2.686790552139282227e+02 1.486806449890136719e+02 2.015642356872558594e+01 2.027978134155273438e+01
2.704298963546752930e+02 1.500265522003173828e+02 2.019592475891113281e+01 2.031512451171875000e+01
2.698169813156127930e+02 1.508819942474365234e+02 2.057552528381347656e+01 2.009760284423828125e+01
2.709387693405151367e+02 1.518155851364135742e+02 2.023190498352050781e+01 2.038172721862792969e+01
2.712056303024291992e+02 1.529607124328613281e+02 2.031218910217285156e+01 2.027121353149414062e+01
2.720893545150756836e+02 1.541152687072753906e+02 2.017680549621582031e+01 2.046923446655273438e+01
2.721150751113891602e+02 1.553516931533813477e+02 2.040585136413574219e+01 2.039931678771972656e+01
2.725783653259277344e+02 1.556042652130126953e+02 2.021648406982421875e+01 2.035009765625000000e+01
2.717758903503417969e+02 1.568433780670166016e+02 2.099679565429687500e+01 2.042815399169921875e+01
2.722491016387939453e+02 1.574113922119140625e+02 2.071121597290039062e+01 2.064460372924804688e+01
2.726056499481201172e+02 1.587539119720458984e+02 2.082832717895507812e+01 2.082696533203125000e+01
2.724434423446655273e+02 1.594149703979492188e+02 2.088753700256347656e+01 2.084454727172851562e+01
2.723082561492919922e+02 1.599328002929687500e+02 2.083870315551757812e+01 2.086196517944335938e+01
2.718512039184570312e+02 1.611764039993286133e+02 2.112427520751953125e+01 2.085065650939941406e+01
2.725188932418823242e+02 1.609791669845581055e+02 2.067546272277832031e+01 2.103889274597167969e+01
2.716600275039672852e+02 1.625965242385864258e+02 2.110190391540527344e+01 2.093149757385253906e+01
2.716799697875976562e+02 1.625739011764526367e+02 2.087465667724609375e+01 2.087197685241699219e+01
2.722026443481445312e+02 1.636345424652099609e+02 2.087899017333984375e+01 2.101439666748046875e+01
2.722100429534912109e+02 1.643942890167236328e+02 2.076547622680664062e+01 2.087017059326171875e+01
2.725774440765380859e+02 1.647120447158813477e+02 2.078865432739257812e+01 2.094872474670410156e+01
2.735884695053100586e+02 1.654461917877197266e+02 2.071645545959472656e+01 2.125121307373046875e+01
2.739262876510620117e+02 1.661519603729248047e+02 2.086999702453613281e+01 2.095795440673828125e+01
2.750762882232666016e+02 1.657165937423706055e+02 2.060219192504882812e+01 2.110614585876464844e+01
2.752463016510009766e+02 1.671461267471313477e+02 2.111188888549804688e+01 2.100767707824707031e+01
2.760194320678710938e+02 1.672839336395263672e+02 2.092363739013671875e+01 2.119076538085937500e+01
2.764344043731689453e+02 1.683114099502563477e+02 2.105965805053710938e+01 2.111542701721191406e+01
2.782519817352294922e+02 1.685292453765869141e+02 2.092751693725585938e+01 2.144125366210937500e+01
2.787792625427246094e+02 1.686331481933593750e+02 2.103586578369140625e+01 2.115062332153320312e+01
2.792643289566040039e+02 1.687105731964111328e+02 2.107840538024902344e+01 2.173966979980468750e+01
2.805043430328369141e+02 1.693439359664916992e+02 2.104603958129882812e+01 2.180450248718261719e+01
2.809796400070190430e+02 1.720665864944458008e+02 2.169523048400878906e+01 2.066372108459472656e+01
2.818536672592163086e+02 1.718546504974365234e+02 2.117830085754394531e+01 2.089344024658203125e+01
2.817930135726928711e+02 1.719418172836303711e+02 2.019330787658691406e+01 2.094722557067871094e+01
2.833154554367065430e+02 1.718435916900634766e+02 1.924791908264160156e+01 2.051621246337890625e+01
2.825345582962036133e+02 1.713469295501708984e+02 1.993733024597167969e+01 1.982436370849609375e+01
2.823284826278686523e+02 1.706617145538330078e+02 1.980814552307128906e+01 1.960008239746093750e+01
2.832353639602661133e+02 1.676347188949584961e+02 2.064970207214355469e+01 2.041456413269042969e+01
2.860463542938232422e+02 1.636080436706542969e+02 2.106395339965820312e+01 2.121055984497070312e+01
2.880226755142211914e+02 1.594457950592041016e+02 2.072721672058105469e+01 2.112593078613281250e+01
2.907086553573608398e+02 1.561032800674438477e+02 2.061284065246582031e+01 2.090603828430175781e+01
2.924199542999267578e+02 1.524195919036865234e+02 2.047462844848632812e+01 2.093538665771484375e+01
2.948968734741210938e+02 1.496799659729003906e+02 2.048762512207031250e+01 2.089451217651367188e+01
2.965242404937744141e+02 1.458493671417236328e+02 2.041529464721679688e+01 2.080030059814453125e+01
2.996356782913208008e+02 1.426637020111083984e+02 2.020838737487792969e+01 2.040888977050781250e+01
3.011368856430053711e+02 1.397734165191650391e+02 1.988539314270019531e+01 2.031615447998046875e+01
3.035886945724487305e+02 1.370744743347167969e+02 1.967949104309082031e+01 2.024766159057617188e+01
3.067932538986206055e+02 1.342949161529541016e+02 1.917098426818847656e+01 1.924794769287109375e+01
3.089129810333251953e+02 1.316090011596679688e+02 1.867073440551757812e+01 1.926374435424804688e+01
3.115898399353027344e+02 1.285163297653198242e+02 1.910352325439453125e+01 1.901735496520996094e+01
