1.790000000000000000e+02 4.900000000000000000e+01 1.600000000000000000e+01 1.300000000000000000e+01
1.800505928993225098e+02 4.809606885910034180e+01 1.368305492401123047e+01 1.383547306060791016e+01
1.800006890296936035e+02 4.754629087448120117e+01 1.347186565399169922e+01 1.390469074249267578e+01
1.803079524040222168e+02 4.744950819015502930e+01 1.352225971221923828e+01 1.405210971832275391e+01
1.805696616172790527e+02 4.758139085769653320e+01 1.316637134552001953e+01 1.496824169158935547e+01
1.794504413604736328e+02 4.730757999420166016e+01 1.371904373168945312e+01 1.407988929748535156e+01
1.805285935401916504e+02 4.768133115768432617e+01 1.305128002166748047e+01 1.478754901885986328e+01
1.801272177696228027e+02 4.760757589340209961e+01 1.368980121612548828e+01 1.396748065948486328e+01
1.799640836715698242e+02 4.714630079269409180e+01 1.364774894714355469e+01 1.393208789825439453e+01
1.802860832214355469e+02 4.720506715774536133e+01 1.319574737548828125e+01 1.479981899261474609e+01
1.798040862083435059e+02 4.727192735671997070e+01 1.363808536529541016e+01 1.362827968597412109e+01
1.801973667144775391e+02 4.705782604217529297e+01 1.352031326293945312e+01 1.415186500549316406e+01
1.803927845954895020e+02 4.733883762359619141e+01 1.316219234466552734e+01 1.465612220764160156e+01
1.799273700714111328e+02 4.722978019714355469e+01 1.370421981811523438e+01 1.395355987548828125e+01
1.801069645881652832e+02 4.751954507827758789e+01 1.330140590667724609e+01 1.437023067474365234e+01
1.797081227302551270e+02 4.728788995742797852e+01 1.372156429290771484e+01 1.394195842742919922e+01
1.801278910636901855e+02 4.744112920761108398e+01 1.311817646026611328e+01 1.470325565338134766e+01
1.796135044097900391e+02 4.728602504730224609e+01 1.375266647338867188e+01 1.404022026062011719e+01
1.806821303367614746e+02 4.777481889724731445e+01 1.308795261383056641e+01 1.447541713714599609e+01
1.801719894409179688e+02 4.760416555404663086e+01 1.371697998046875000e+01 1.382792758941650391e+01
1.800142011642456055e+02 4.707291698455810547e+01 1.362864875793457031e+01 1.391242790222167969e+01
1.803105158805847168e+02 4.709437799453735352e+01 1.308782672882080078e+01 1.472057628631591797e+01
1.803118548393249512e+02 4.758694887161254883e+01 1.319031238555908203e+01 1.490748119354248047e+01
1.800897684097290039e+02 4.709252691268920898e+01 1.399310874938964844e+01 1.435139942169189453e+01
1.796648097038269043e+02 4.719421482086181641e+01 1.321634769439697266e+01 1.436603736877441406e+01
1.804073171615600586e+02 4.784801530838012695e+01 1.327701759338378906e+01 1.453081417083740234e+01
1.798166151046752930e+02 4.778213739395141602e+01 1.395015525817871094e+01 1.364140987396240234e+01
1.798453817367553711e+02 4.709475421905517578e+01 1.360951042175292969e+01 1.397531700134277344e+01
1.798881673812866211e+02 4.740990495681762695e+01 1.336522865295410156e+01 1.451269435882568359e+01
1.796261506080627441e+02 4.717535448074340820e+01 1.360672664642333984e+01 1.380260753631591797e+01
1.799724321365356445e+02 4.697387981414794922e+01 1.355211830139160156e+01 1.417581748962402344e+01
1.801078662872314453e+02 4.727400827407836914e+01 1.331814956665039062e+01 1.469328594207763672e+01
1.796816964149475098e+02 4.720515298843383789e+01 1.371942043304443359e+01 1.387162303924560547e+01
1.800679888725280762e+02 4.721436500549316406e+01 1.312049961090087891e+01 1.487554168701171875e+01
1.795608892440795898e+02 4.719235467910766602e+01 1.381196403503417969e+01 1.390507411956787109e+01
1.804903950691223145e+02 4.766139841079711914e+01 1.330467510223388672e+01 1.446338558197021484e+01
1.801352615356445312e+02 4.747777462005615234e+01 1.371999740600585938e+01 1.382157707214355469e+01
1.801012468338012695e+02 4.763611555099487305e+01 1.379052543640136719e+01 1.509610080718994141e+01
1.786354866027832031e+02 4.822539424896240234e+01 1.374429702758789062e+01 1.514887428283691406e+01
1.792209405899047852e+02 4.854863929748535156e+01 1.630371284484863281e+01 1.584298706054687500e+01
1.777842082977294922e+02 5.520816755294799805e+01 1.699532318115234375e+01 1.589428424835205078e+01
1.752210202217102051e+02 4.934573602676391602e+01 1.410480785369873047e+01 1.476621532440185547e+01
1.747601146697998047e+02 4.982072830200195312e+01 1.467727661132812500e+01 1.567254638671875000e+01
1.729186978340148926e+02 5.067428684234619141e+01 1.487968349456787109e+01 1.624364280700683594e+01
1.718380436897277832e+02 5.112586021423339844e+01 1.535993099212646484e+01 1.660414505004882812e+01
1.709349741935729980e+02 5.184307670593261719e+01 1.538165760040283203e+01 1.633717727661132812e+01
1.703467035293579102e+02 5.113085746765136719e+01 1.504589271545410156e+01 1.712490844726562500e+01
1.699068837165832520e+02 5.296255493164062500e+01 1.520408916473388672e+01 1.612330245971679688e+01
1.686802558898925781e+02 5.219451999664306641e+01 1.513346862792968750e+01 1.697134971618652344e+01
1.670031642913818359e+02 5.393011665344238281e+01 1.457920455932617188e+01 1.572661972045898438e+01
1.659043741226196289e+02 5.431402587890625000e+01 1.506484031677246094e+01 1.583614349365234375e+01
1.656211261749267578e+02 5.519615221023559570e+01 1.501129150390625000e+01 1.589659786224365234e+01
1.643532691001892090e+02 5.473907279968261719e+01 1.538728427886962891e+01 1.713156127929687500e+01
1.625483345985412598e+02 5.548326396942138672e+01 1.521303081512451172e+01 1.665107536315917969e+01
1.623779215812683105e+02 5.581336879730224609e+01 1.510689258575439453e+01 1.649129295349121094e+01
1.609836006164550781e+02 5.687904262542724609e+01 1.504879379272460938e+01 1.625899314880371094e+01
1.604478015899658203e+02 5.574693584442138672e+01 1.459156036376953125e+01 1.765848350524902344e+01
1.595441937446594238e+02 5.815101814270019531e+01 1.511512660980224609e+01 1.650817871093750000e+01
1.584084386825561523e+02 5.780428123474121094e+01 1.511535453796386719e+01 1.714214706420898438e+01
1.575696282386779785e+02 5.863240528106689453e+01 1.522393321990966797e+01 1.631030082702636719e+01
1.563503475189208984e+02 5.802183341979980469e+01 1.505113983154296875e+01 1.725980377197265625e+01
1.553560652732849121e+02 6.010719680786132812e+01 1.531071567535400391e+01 1.684975051879882812e+01
1.531863064765930176e+02 5.981817436218261719e+01 1.554092311859130859e+01 1.747136688232421875e+01
1.532571702003479004e+02 6.023608684539794922e+01 1.503437328338623047e+01 1.650934410095214844e+01
1.519502439498901367e+02 6.121876811981201172e+01 1.515727424621582031e+01 1.701620292663574219e+01
1.510277090072631836e+02 6.162709045410156250e+01 1.550675392150878906e+01 1.674608230590820312e+01
1.500145783424377441e+02 6.082486057281494141e+01 1.553980541229248047e+01 1.758539772033691406e+01
1.491841473579406738e+02 6.284843540191650391e+01 1.563184261322021484e+01 1.689937019348144531e+01
1.475799922943115234e+02 6.270529079437255859e+01 1.594845581054687500e+01 1.759898948669433594e+01
1.461021127700805664e+02 6.280370903015136719e+01 1.631292915344238281e+01 1.726494598388671875e+01
1.456632828712463379e+02 6.415659618377685547e+01 1.586310482025146484e+01 1.685632896423339844e+01
1.445480031967163086e+02 6.318666267395019531e+01 1.556736183166503906e+01 1.684139251708984375e+01
1.433308153152465820e+02 6.539448451995849609e+01 1.608561515808105469e+01 1.743260765075683594e+01
1.425070161819458008e+02 6.431645107269287109e+01 1.603566551208496094e+01 1.767348289489746094e+01
1.409609394073486328e+02 6.601028251647949219e+01 1.612013626098632812e+01 1.683391571044921875e+01
1.406216821670532227e+02 6.652927780151367188e+01 1.608878135681152344e+01 1.712604904174804688e+01
1.401517739295959473e+02 6.566277122497558594e+01 1.575592327117919922e+01 1.773692321777343750e+01
1.378514080047607422e+02 6.686549377441406250e+01 1.671875762939453125e+01 1.716289901733398438e+01
1.379204521179199219e+02 6.786669063568115234e+01 1.612028884887695312e+01 1.720260429382324219e+01
1.191980075836181641e+02 4.951143741607666016e+01 4.888952255249023438e+01 3.134934425354003906e+01
8.449801254272460938e+01 5.159906387329101562e+00 1.221756515502929688e+02 7.833576202392578125e+01
0.000000000000000000e+00 0.000000000000000000e+00 2.771489486694335938e+02 1.072407665252685263e+02
0.000000000000000000e+00 0.000000000000000000e+00 3.467885093688964844e+02 2.720000000000000000e+02
0.000000000000000000e+00 0.000000000000000000e+00 5.120000000000000000e+02 2.720000000000000000e+02
0.000000000000000000e+00 0.000000000000000000e+00 5.120000000000000000e+02 2.720000000000000000e+02
0.000000000000000000e+00 0.000000000000000000e+00 5.120000000000000000e+02 2.720000000000000000e+02
0.000000000000000000e+00 0.000000000000000000e+00 5.120000000000000000e+02 2.720000000000000000e+02
0.000000000000000000e+00 0.000000000000000000e+00 5.120000000000000000e+02 2.720000000000000000e+02
0.000000000000000000e+00 0.000000000000000000e+00 5.120000000000000000e+02 2.720000000000000000e+02
0.000000000000000000e+00 0.000000000000000000e+00 5.120000000000000000e+02 2.720000000000000000e+02
0.000000000000000000e+00 0.000000000000000000e+00 5.120000000000000000e+02 2.720000000000000000e+02
0.000000000000000000e+00 0.000000000000000000e+00 5.120000000000000000e+02 2.720000000000000000e+02
0.000000000000000000e+00 0.000000000000000000e+00 5.120000000000000000e+02 2.720000000000000000e+02
0.000000000000000000e+00 0.000000000000000000e+00 5.120000000000000000e+02 2.720000000000000000e+02
0.000000000000000000e+00 0.000000000000000000e+00 5.120000000000000000e+02 2.720000000000000000e+02
0.000000000000000000e+00 0.000000000000000000e+00 5.120000000000000000e+02 2.720000000000000000e+02
0.000000000000000000e+00 0.000000000000000000e+00 5.120000000000000000e+02 2.720000000000000000e+02
0.000000000000000000e+00 0.000000000000000000e+00 5.120000000000000000e+02 2.720000000000000000e+02
0.000000000000000000e+00 0.000000000000000000e+00 5.120000000000000000e+02 2.720000000000000000e+02
0.000000000000000000e+00 0.000000000000000000e+00 5.120000000000000000e+02 2.720000000000000000e+02
0.000000000000000000e+00 0.000000000000000000e+00 5.120000000000000000e+02 2.720000000000000000e+02
0.000000000000000000e+00 0.000000000000000000e+00 5.120000000000000000e+02 2.720000000000000000e+02
0.000000000000000000e+00 0.000000000000000000e+00 5.120000000000000000e+02 2.720000000000000000e+02
0.000000000000000000e+00 0.000000000000000000e+00 5.120000000000000000e+02 2.720000000000000000e+02
0.000000000000000000e+00 0.000000000000000000e+00 5.120000000000000000e+02 2.720000000000000000e+02
0.000000000000000000e+00 0.000000000000000000e+00 5.120000000000000000e+02 2.720000000000000000e+02
0.000000000000000000e+00 0.000000000000000000e+00 5.120000000000000000e+02 2.704288024902343750e+02
9.862747192382812500e+00 1.643035888671875000e+00 5.021372528076171875e+02 2.655870666503906250e+02
1.085169219970703125e+01 7.139114379882812500e+00 5.011483078002929688e+02 2.639067993164062500e+02
0.000000000000000000e+00 0.000000000000000000e+00 5.085260200500488281e+02 2.663531341552734375e+02
6.097391128540039062e+00 5.561820983886718750e+00 5.059026088714599609e+02 2.664381790161132812e+02
0.000000000000000000e+00 0.000000000000000000e+00 5.093485155105590820e+02 2.667920799255371094e+02
9.258028507232666016e+00 5.228773117065429688e+00 5.027419714927673340e+02 2.667712268829345703e+02
2.459992647171020508e+00 2.760870933532714844e+00 5.094088439941406250e+02 2.647366943359375000e+02
6.608536958694458008e+00 6.684729576110839844e+00 5.043230590820312500e+02 2.653152704238891602e+02
2.435467243194580078e-01 5.882906913757324219e-01 5.078950805664062500e+02 2.655165710449218750e+02
6.023331880569458008e+00 6.510272502899169922e+00 5.059766681194305420e+02 2.654897274971008301e+02
0.000000000000000000e+00 0.000000000000000000e+00 5.088918844461441040e+02 2.659051759243011475e+02
9.179600059986114502e+00 1.490826117992401123e+01 5.028203999400138855e+02 2.570917388200759888e+02
1.358864036202430725e+01 4.438810765743255615e+00 4.984113596379756927e+02 2.650916748046875000e+02
2.399682119488716125e+00 1.347395360469818115e+00 5.061957702636718750e+02 2.687947692871093750e+02
5.103432729840278625e+00 2.467283666133880615e+00 5.066351928710937500e+02 2.632938842773437500e+02
5.442238882184028625e+00 6.903807103633880615e+00 5.032053833007812500e+02 2.644371948242187500e+02
0.000000000000000000e+00 0.000000000000000000e+00 5.102272425442934036e+02 2.659223007559776306e+02
6.515751399099713126e+00 7.607772082090264121e+00 5.054842486009002869e+02 2.643922279179097359e+02
0.000000000000000000e+00 0.000000000000000000e+00 5.074230063147842316e+02 2.660952221006155014e+02
5.737473616376519203e+00 6.272037319839000702e+00 5.062625263836234808e+02 2.657279626801609993e+02
0.000000000000000000e+00 0.000000000000000000e+00 5.099847493814304471e+02 2.658264636062085629e+02
1.000621441239491105e+01 1.397530455701053143e+01 5.019937855876050889e+02 2.580246954429894686e+02
3.410204519447870553e+01 6.590984798036515713e+00 4.778979548055212945e+02 2.624212646484375000e+02
2.605701930134091526e+01 4.881466365419328213e+00 4.822637634277343750e+02 2.627162780761718750e+02
2.311139174387790263e+00 6.525600886903703213e+00 5.070357971191406250e+02 2.613175354003906250e+02
0.000000000000000000e+00 0.000000000000000000e+00 5.094022036275127903e+02 2.653958554035052657e+02
1.061443189188139513e+01 1.421237777499482036e+01 5.013855681081186049e+02 2.577876222250051796e+02
0.000000000000000000e+00 0.000000000000000000e+00 5.120000000000000000e+02 2.720000000000000000e+02
0.000000000000000000e+00 0.000000000000000000e+00 5.120000000000000000e+02 2.720000000000000000e+02
0.000000000000000000e+00 0.000000000000000000e+00 5.120000000000000000e+02 2.720000000000000000e+02
0.000000000000000000e+00 0.000000000000000000e+00 5.120000000000000000e+02 2.720000000000000000e+02
0.000000000000000000e+00 0.000000000000000000e+00 5.120000000000000000e+02 2.720000000000000000e+02
0.000000000000000000e+00 0.000000000000000000e+00 5.120000000000000000e+02 2.720000000000000000e+02
0.000000000000000000e+00 0.000000000000000000e+00 5.120000000000000000e+02 2.720000000000000000e+02
0.000000000000000000e+00 0.000000000000000000e+00 5.120000000000000000e+02 2.720000000000000000e+02
0.000000000000000000e+00 0.000000000000000000e+00 5.120000000000000000e+02 2.720000000000000000e+02
0.000000000000000000e+00 0.000000000000000000e+00 5.120000000000000000e+02 2.720000000000000000e+02
0.000000000000000000e+00 0.000000000000000000e+00 5.120000000000000000e+02 2.720000000000000000e+02
0.000000000000000000e+00 0.000000000000000000e+00 5.120000000000000000e+02 2.720000000000000000e+02
0.000000000000000000e+00 0.000000000000000000e+00 5.120000000000000000e+02 2.720000000000000000e+02
0.000000000000000000e+00 0.000000000000000000e+00 5.120000000000000000e+02 2.720000000000000000e+02
0.000000000000000000e+00 0.000000000000000000e+00 5.120000000000000000e+02 2.720000000000000000e+02
0.000000000000000000e+00 0.000000000000000000e+00 5.120000000000000000e+02 2.720000000000000000e+02
0.000000000000000000e+00 0.000000000000000000e+00 5.120000000000000000e+02 2.720000000000000000e+02
0.000000000000000000e+00 0.000000000000000000e+00 5.120000000000000000e+02 2.720000000000000000e+02
0.000000000000000000e+00 0.000000000000000000e+00 5.120000000000000000e+02 2.720000000000000000e+02
0.000000000000000000e+00 0.000000000000000000e+00 5.120000000000000000e+02 2.720000000000000000e+02
0.000000000000000000e+00 0.000000000000000000e+00 5.120000000000000000e+02 2.720000000000000000e+02
0.000000000000000000e+00 0.000000000000000000e+00 5.120000000000000000e+02 2.720000000000000000e+02
0.000000000000000000e+00 0.000000000000000000e+00 5.120000000000000000e+02 2.720000000000000000e+02
0.000000000000000000e+00 1.352066040039062500e+00 5.120000000000000000e+02 2.658860778808593750e+02
7.401794433593750000e+00 5.546463012695312500e+00 5.045982055664062500e+02 2.664535369873046875e+02
1.554718017578125000e-01 0.000000000000000000e+00 5.100918273925781250e+02 2.664506301879882812e+02
5.428512573242187500e+00 9.500812530517578125e+00 5.065714874267578125e+02 2.624991874694824219e+02
9.194564819335937500e-01 0.000000000000000000e+00 5.049392089843750000e+02 2.657902774810791016e+02
4.363395690917968750e+00 4.311825752258300781e+00 5.076366043090820312e+02 2.673226318359375000e+02
0.000000000000000000e+00 4.774188995349959441e-02 5.105297203063963707e+02 2.667110290527343750e+02
4.809293746948185344e+00 4.776257514953499594e+00 5.071907062530518147e+02 2.672237424850465004e+02
0.000000000000000000e+00 0.000000000000000000e+00 5.105129537582397461e+02 2.662032227516174316e+02
6.493552684783935547e+00 9.769397020339965820e+00 5.055064473152160645e+02 2.622306029796600342e+02
2.350948095321655273e+00 9.762359857559204102e-01 5.058552551269531250e+02 2.662210998535156250e+02
2.719829320907592773e+00 6.812646508216857910e+00 5.092801706790924072e+02 2.651873534917831421e+02
0.000000000000000000e+00 0.000000000000000000e+00 5.071912745237350464e+02 2.664706695675849915e+02
2.726954400539398193e+00 1.634947210550308228e+00 5.092730455994606018e+02 2.687850036621093750e+02
0.000000000000000000e+00 7.238754332065582275e-01 5.114582953155040741e+02 2.649020690917968750e+02
6.242407545447349548e+00 5.005842596292495728e+00 5.057575924545526505e+02 2.669941574037075043e+02
0.000000000000000000e+00 0.000000000000000000e+00 5.097439149543642998e+02 2.650467750579118729e+02
7.476937945932149887e+00 3.446162797510623932e+00 5.045230620540678501e+02 2.685538372024893761e+02
2.511967508122324944e+00 8.594491966068744659e-01 5.086851806640625000e+02 2.651121520996093750e+02
4.198216287419199944e+00 5.333097267895936966e+00 5.078017837125808001e+02 2.666669027321040630e+02
0.000000000000000000e+00 0.000000000000000000e+00 5.081879753312096000e+02 2.655355519298464060e+02
4.576043329667299986e+00 3.372725916095077991e+00 5.074239566703327000e+02 2.678967895507812500e+02
0.000000000000000000e+00 2.975306035950779915e-01 5.110891080906149000e+02 2.657186889648437500e+02
4.814436247455887496e+00 4.616591882891952991e+00 5.071855637525441125e+02 2.673834081171080470e+02
0.000000000000000000e+00 0.000000000000000000e+00 5.098414832604465801e+02 2.667939831973052378e+02
3.903178764012352531e+00 4.350833761738613248e+00 5.080968212359876475e+02 2.676491662382613868e+02
0.000000000000000000e+00 4.927233994239941239e-01 5.105197351339593297e+02 2.666594543457031250e+02
2.324519056237477344e+00 2.981965953134931624e+00 5.093587341308593750e+02 2.679110717773437500e+02
4.774027723229664844e+00 5.248353892588056624e+00 5.072259722767703352e+02 2.625899658203125000e+02
2.229360053021082422e+00 0.000000000000000000e+00 5.056413574218750000e+02 2.686151751816505566e+02
0.000000000000000000e+00 0.000000000000000000e+00 5.120000000000000000e+02 2.720000000000000000e+02
0.000000000000000000e+00 0.000000000000000000e+00 5.120000000000000000e+02 2.720000000000000000e+02
0.000000000000000000e+00 0.000000000000000000e+00 5.120000000000000000e+02 2.720000000000000000e+02
0.000000000000000000e+00 0.000000000000000000e+00 5.120000000000000000e+02 2.720000000000000000e+02
0.000000000000000000e+00 0.000000000000000000e+00 5.120000000000000000e+02 2.720000000000000000e+02
0.000000000000000000e+00 0.000000000000000000e+00 5.120000000000000000e+02 2.720000000000000000e+02
0.000000000000000000e+00 0.000000000000000000e+00 5.120000000000000000e+02 2.720000000000000000e+02
0.000000000000000000e+00 0.000000000000000000e+00 5.120000000000000000e+02 2.720000000000000000e+02
0.000000000000000000e+00 0.000000000000000000e+00 5.120000000000000000e+02 2.720000000000000000e+02
0.000000000000000000e+00 0.000000000000000000e+00 5.120000000000000000e+02 2.720000000000000000e+02
0.000000000000000000e+00 0.000000000000000000e+00 5.120000000000000000e+02 2.720000000000000000e+02
0.000000000000000000e+00 0.000000000000000000e+00 5.120000000000000000e+02 2.720000000000000000e+02
0.000000000000000000e+00 0.000000000000000000e+00 5.120000000000000000e+02 2.720000000000000000e+02
0.000000000000000000e+00 0.000000000000000000e+00 5.120000000000000000e+02 2.720000000000000000e+02
0.000000000000000000e+00 0.000000000000000000e+00 5.120000000000000000e+02 2.720000000000000000e+02
0.000000000000000000e+00 0.000000000000000000e+00 5.120000000000000000e+02 2.720000000000000000e+02
0.000000000000000000e+00 0.000000000000000000e+00 5.120000000000000000e+02 2.720000000000000000e+02
0.000000000000000000e+00 0.000000000000000000e+00 5.120000000000000000e+02 2.720000000000000000e+02
0.000000000000000000e+00 0.000000000000000000e+00 5.120000000000000000e+02 2.720000000000000000e+02
0.000000000000000000e+00 0.000000000000000000e+00 5.120000000000000000e+02 2.720000000000000000e+02
0.000000000000000000e+00 0.000000000000000000e+00 5.120000000000000000e+02 2.720000000000000000e+02
0.000000000000000000e+00 0.000000000000000000e+00 5.120000000000000000e+02 2.720000000000000000e+02
0.000000000000000000e+00 1.484512329101562500e+00 5.120000000000000000e+02 2.656840515136718750e+02
5.977416992187500000e+00 5.305725097656250000e+00 5.060225830078125000e+02 2.666942749023437500e+02
0.000000000000000000e+00 0.000000000000000000e+00 5.088599700927734375e+02 2.651663360595703125e+02
3.513786315917968750e+00 2.185661315917968750e+00 5.084862136840820312e+02 2.685215759277343750e+02
2.385433197021484375e+00 5.666481018066406250e+00 5.096145668029785156e+02 2.619211425781250000e+02
4.866466522216796875e-01 1.932449340820312500e-01 5.084420471191406250e+02 2.673888549804687500e+02
2.774351119995117188e+00 2.321739196777343750e+00 5.092256488800048828e+02 2.690875549316406250e+02
6.292715072631835938e-01 5.543357849121093750e+00 5.113707284927368164e+02 2.623464660644531250e+02
4.787078380584716797e+00 2.404655456542968750e+00 5.072129216194152832e+02 2.629057312011718750e+02
4.878371953964233398e+00 6.458198547363281250e+00 5.048615112304687500e+02 2.655418014526367188e+02
0.000000000000000000e+00 0.000000000000000000e+00 5.052640225887298584e+02 2.653700447082519531e+02
6.241325259208679199e+00 7.881036758422851562e+00 5.057586747407913208e+02 2.641189632415771484e+02
0.000000000000000000e+00 0.000000000000000000e+00 5.068584555983543396e+02 2.650776338577270508e+02
5.928281754255294800e+00 1.031114053726196289e+01 5.060717182457447052e+02 2.616888594627380371e+02
1.100897119939327240e+01 4.991095781326293945e+00 5.001784057617187500e+02 2.642873229980468750e+02
0.000000000000000000e+00 0.000000000000000000e+00 5.086547994464635849e+02 2.663741676807403564e+02
1.847358219325542450e+00 1.491664528846740723e+00 5.101526417806744576e+02 2.691739196777343750e+02
3.114398714154958725e+00 1.539264917373657227e-01 5.087129211425781250e+02 2.664306945800781250e+02
0.000000000000000000e+00 2.726527810096740723e+00 5.106846654377877712e+02 2.692734721899032593e+02
0.000000000000000000e+00 0.000000000000000000e+00 5.098333605509251356e+02 2.665988138318061829e+02
2.093987404368817806e+00 1.913039118051528931e+00 5.099060125956311822e+02 2.688070373535156250e+02
1.033993213903158903e+00 5.583784967660903931e+00 5.109660067860968411e+02 2.625494079589843750e+02
3.095838872250169516e-01 2.011198908090591431e+00 5.075012512207031250e+02 2.633073730468750000e+02
9.322263940935954452e+00 5.932173639535903931e+00 5.026777360590640455e+02 2.660678263604640961e+02
1.997214480070397258e-01 4.977240994572639465e+00 5.106651306152343750e+02 2.639151916503906250e+02
2.049380408960860223e+01 5.070441678166389465e+00 4.915061959103913978e+02 2.626502990722656250e+02
7.548812445194926113e+00 2.277884915471076965e+00 5.015646362304687500e+02 2.639529418945312500e+02
6.676086004765238613e+00 6.046180203557014465e+00 5.032828674316406250e+02 2.659538197964429855e+02
0.000000000000000000e+00 0.000000000000000000e+00 5.065433803162886761e+02 2.660411717668175697e+02
2.027824191347463056e+00 1.155687201768159866e+00 5.099721758086525369e+02 2.688600463867187500e+02
2.164119615204981528e+00 0.000000000000000000e+00 5.091403808593750000e+02 2.649452837593853474e+02
0.000000000000000000e+00 5.067871982231736183e+00 5.086803091904002940e+02 2.669321280177682638e+02
1.572627494969083273e-01 0.000000000000000000e+00 5.118427372505030917e+02 2.659468083055688794e+02
6.539355251701579164e+00 6.880066140089184046e+00 5.054606447482984208e+02 2.651199338599108160e+02
0.000000000000000000e+00 0.000000000000000000e+00 5.082261595594445680e+02 2.658472138561774045e+02
6.472393744566034002e+00 4.052955682971514761e+00 5.055276062554339660e+02 2.679470443170284852e+02
0.000000000000000000e+00 0.000000000000000000e+00 5.106961120334158295e+02 2.658887825289857574e+02
5.095782457137488564e+00 3.860788359219327504e+00 5.069042175428625114e+02 2.681392116407806725e+02
2.892455376405678180e-02 9.719133446487830952e-01 5.114455261230468750e+02 2.659934997558593750e+02
6.075524895560931782e+00 5.356663710859720595e+00 5.059244751044390682e+02 2.666433362891402794e+02
0.000000000000000000e+00 0.000000000000000000e+00 5.092545898403585625e+02 2.651752495800392353e+02
