2.550000000000000000e+02 1.480000000000000000e+02 2.500000000000000000e+01 3.700000000000000000e+01
2.550179939270019531e+02 1.473386554718017578e+02 2.739421844482421875e+01 3.618418502807617188e+01
2.550843677520751953e+02 1.488748016357421875e+02 2.703718185424804688e+01 3.538290405273437500e+01
2.550623474121093750e+02 1.474122734069824219e+02 2.753127288818359375e+01 3.636061859130859375e+01
2.565981826782226562e+02 1.485499343872070312e+02 2.731227874755859375e+01 3.581718444824218750e+01
2.577529773712158203e+02 1.488088817596435547e+02 2.718202590942382812e+01 3.605432510375976562e+01
2.590729293823242188e+02 1.477183475494384766e+02 2.761646270751953125e+01 3.626384353637695312e+01
2.608949213027954102e+02 1.485342063903808594e+02 2.744840049743652344e+01 3.574238586425781250e+01
2.620266551971435547e+02 1.481809806823730469e+02 2.740293502807617188e+01 3.634500122070312500e+01
2.647718992233276367e+02 1.474087066650390625e+02 2.716014289855957031e+01 3.600088500976562500e+01
2.669723529815673828e+02 1.483080520629882812e+02 2.716290664672851562e+01 3.557365417480468750e+01
2.688838968276977539e+02 1.469301643371582031e+02 2.715323448181152344e+01 3.600000000000000000e+01
2.714368124008178711e+02 1.476446876525878906e+02 2.698366737365722656e+01 3.576026153564453125e+01
2.732912998199462891e+02 1.473134155273437500e+02 2.704568862915039062e+01 3.634741210937500000e+01
2.745114841461181641e+02 1.482697029113769531e+02 2.719795608520507812e+01 3.572559356689453125e+01
2.754750499725341797e+02 1.470443801879882812e+02 2.739117813110351562e+01 3.615885925292968750e+01
2.774423751831054688e+02 1.479043254852294922e+02 2.721409606933593750e+01 3.571118545532226562e+01
2.786613798141479492e+02 1.477867012023925781e+02 2.731066322326660156e+01 3.626981353759765625e+01
2.814557771682739258e+02 1.473575096130371094e+02 2.741861534118652344e+01 3.631684112548828125e+01
2.828814926147460938e+02 1.475904502868652344e+02 2.755807495117187500e+01 3.623040008544921875e+01
2.859099378585815430e+02 1.478578720092773438e+02 2.728228187561035156e+01 3.601506042480468750e+01
2.875764589309692383e+02 1.473678283691406250e+02 2.745194053649902344e+01 3.617046356201171875e+01
2.897357387542724609e+02 1.478496189117431641e+02 2.726413345336914062e+01 3.595323562622070312e+01
2.916448221206665039e+02 1.478616218566894531e+02 2.732642936706542969e+01 3.601327514648437500e+01
2.930392026901245117e+02 1.485015144348144531e+02 2.736576271057128906e+01 3.592934417724609375e+01
2.938336286544799805e+02 1.495385055541992188e+02 2.706659889221191406e+01 3.579161834716796875e+01
2.952968597412109375e+02 1.489822559356689453e+02 2.727349853515625000e+01 3.628480911254882812e+01
2.968039703369140625e+02 1.499183235168457031e+02 2.738943481445312500e+01 3.567521667480468750e+01
2.982634687423706055e+02 1.495173664093017578e+02 2.737944984436035156e+01 3.636949539184570312e+01
2.991664142608642578e+02 1.508402023315429688e+02 2.687801742553710938e+01 3.580869293212890625e+01
2.995038614273071289e+02 1.510701599121093750e+02 2.721299552917480469e+01 3.607830047607421875e+01
2.999918441772460938e+02 1.516070671081542969e+02 2.716304016113281250e+01 3.576494598388671875e+01
3.001692914962768555e+02 1.522384586334228516e+02 2.699848365783691406e+01 3.576505661010742188e+01
3.005532541275024414e+02 1.526989650726318359e+02 2.705399131774902344e+01 3.589805221557617188e+01
3.005536088943481445e+02 1.544679679870605469e+02 2.678645133972167969e+01 3.534295654296875000e+01
3.010823507308959961e+02 1.552982902526855469e+02 2.693914985656738281e+01 3.558931732177734375e+01
3.011385517120361328e+02 1.557454109191894531e+02 2.697075271606445312e+01 3.588042449951171875e+01
3.016612062454223633e+02 1.565554904937744141e+02 2.707726860046386719e+01 3.569474411010742188e+01
3.016499977111816406e+02 1.564403343200683594e+02 2.704597473144531250e+01 3.627288818359375000e+01
3.021685285568237305e+02 1.571611995697021484e+02 2.709858894348144531e+01 3.593376541137695312e+01
3.023565444946289062e+02 1.583526191711425781e+02 2.682778167724609375e+01 3.546537780761718750e+01
3.021144018173217773e+02 1.599690036773681641e+02 2.640023231506347656e+01 3.546612930297851562e+01
3.018705987930297852e+02 1.604604282379150391e+02 2.699560356140136719e+01 3.558746719360351562e+01
3.024228887557983398e+02 1.617265396118164062e+02 2.677267646789550781e+01 3.547064208984375000e+01
3.019264345169067383e+02 1.627516574859619141e+02 2.656384849548339844e+01 3.556906509399414062e+01
3.014543542861938477e+02 1.630508117675781250e+02 2.683827781677246094e+01 3.584727478027343750e+01
3.019260950088500977e+02 1.646405029296875000e+02 2.680964469909667969e+01 3.543183898925781250e+01
3.017437705993652344e+02 1.653471088409423828e+02 2.692109680175781250e+01 3.567543411254882812e+01
3.014945526123046875e+02 1.658478221893310547e+02 2.686301422119140625e+01 3.599552536010742188e+01
3.015004386901855469e+02 1.677698802947998047e+02 2.652769470214843750e+01 3.529276657104492188e+01
3.012229661941528320e+02 1.686392517089843750e+02 2.677587699890136719e+01 3.563914489746093750e+01
3.007326717376708984e+02 1.704740886688232422e+02 2.623936080932617188e+01 3.538559341430664062e+01
3.004256324768066406e+02 1.713753032684326172e+02 2.681922912597656250e+01 3.546690750122070312e+01
3.002108983993530273e+02 1.721425666809082031e+02 2.685858345031738281e+01 3.577854156494140625e+01
3.000549249649047852e+02 1.728081550598144531e+02 2.681583213806152344e+01 3.585899353027343750e+01
3.001953964233398438e+02 1.742799453735351562e+02 2.674565887451171875e+01 3.530170440673828125e+01
3.001433801651000977e+02 1.755293960571289062e+02 2.662870597839355469e+01 3.549884796142578125e+01
2.999604263305664062e+02 1.751480426788330078e+02 2.698764038085937500e+01 3.640163803100585938e+01
3.004818649291992188e+02 1.776320610046386719e+02 2.678296661376953125e+01 3.571105194091796875e+01
2.998341197967529297e+02 1.794565029144287109e+02 2.633352279663085938e+01 3.544705581665039062e+01
2.992047805786132812e+02 1.802199783325195312e+02 2.660437774658203125e+01 3.572562408447265625e+01
2.992665586471557617e+02 1.825601558685302734e+02 2.637825202941894531e+01 3.567885971069335938e+01
2.994130373001098633e+02 1.845327663421630859e+02 2.661054801940917969e+01 3.533288192749023438e+01
2.998051910400390625e+02 1.863217411041259766e+02 2.658110046386718750e+01 3.552371597290039062e+01
2.993501186370849609e+02 1.879325828552246094e+02 2.629390335083007812e+01 3.551429748535156250e+01
2.993333206176757812e+02 1.901286201477050781e+02 2.661870574951171875e+01 3.588520050048828125e+01
2.992497043609619141e+02 1.921303405761718750e+02 2.616564559936523438e+01 3.569657897949218750e+01
2.991971044540405273e+02 1.928233242034912109e+02 2.686604499816894531e+01 3.557571792602539062e+01
2.988110485076904297e+02 1.916881484985351562e+02 2.741775131225585938e+01 3.661760711669921875e+01
2.994650926589965820e+02 1.934788951873779297e+02 2.666424369812011719e+01 3.568732833862304688e+01
2.988142757415771484e+02 1.925025310516357422e+02 2.721117782592773438e+01 3.666762924194335938e+01
2.991171655654907227e+02 1.924229946136474609e+02 2.737421989440917969e+01 3.650813674926757812e+01
2.994081745147705078e+02 1.913162975311279297e+02 2.761633682250976562e+01 3.683419418334960938e+01
2.993156394958496094e+02 1.904592075347900391e+02 2.752060699462890625e+01 3.695781326293945312e+01
2.991523361206054688e+02 1.897592811584472656e+02 2.740657043457031250e+01 3.687493133544921875e+01
2.989527606964111328e+02 1.892538032531738281e+02 2.719577407836914062e+01 3.687725830078125000e+01
2.990183820724487305e+02 1.882647056579589844e+02 2.750834846496582031e+01 3.672041320800781250e+01
2.986785593032836914e+02 1.861450748443603516e+02 2.731007194519042969e+01 3.661268234252929688e+01
2.983876552581787109e+02 1.844164295196533203e+02 2.742093276977539062e+01 3.641019821166992188e+01
2.983681869506835938e+02 1.814709949493408203e+02 2.752274322509765625e+01 3.657089614868164062e+01
2.980804758071899414e+02 1.777897167205810547e+02 2.748394584655761719e+01 3.695424270629882812e+01
2.979466695785522461e+02 1.752059917449951172e+02 2.745567512512207031e+01 3.669335556030273438e+01
2.981354055404663086e+02 1.719632759094238281e+02 2.769487190246582031e+01 3.668065643310546875e+01
2.982965745925903320e+02 1.695208969116210938e+02 2.721648216247558594e+01 3.658814239501953125e+01
2.983175992965698242e+02 1.673510932922363281e+02 2.768142890930175781e+01 3.632958221435546875e+01
2.974557323455810547e+02 1.648276939392089844e+02 2.773035812377929688e+01 3.633004760742187500e+01
2.977082834243774414e+02 1.634175910949707031e+02 2.749704551696777344e+01 3.668248748779296875e+01
2.980526304244995117e+02 1.610105895996093750e+02 2.776536750793457031e+01 3.645236968994140625e+01
2.978978242874145508e+02 1.594080104827880859e+02 2.755821800231933594e+01 3.644100570678710938e+01
2.980544252395629883e+02 1.573990020751953125e+02 2.774766349792480469e+01 3.652370452880859375e+01
2.978891420364379883e+02 1.549825344085693359e+02 2.739944267272949219e+01 3.645399093627929688e+01
2.977316923141479492e+02 1.533375225067138672e+02 2.768113136291503906e+01 3.647896194458007812e+01
2.974108142852783203e+02 1.512637157440185547e+02 2.759738540649414062e+01 3.664191055297851562e+01
2.976347570419311523e+02 1.496477928161621094e+02 2.784911537170410156e+01 3.641754913330078125e+01
2.973727540969848633e+02 1.482855262756347656e+02 2.758685111999511719e+01 3.665787506103515625e+01
2.975424003601074219e+02 1.462506370544433594e+02 2.781237792968750000e+01 3.673655700683593750e+01
2.978179368972778320e+02 1.445598201751708984e+02 2.790962028503417969e+01 3.663782882690429688e+01
2.974262084960937500e+02 1.425884704589843750e+02 2.768305969238281250e+01 3.660957336425781250e+01
2.977167644500732422e+02 1.409256458282470703e+02 2.790118789672851562e+01 3.657315444946289062e+01
2.973625574111938477e+02 1.395579814910888672e+02 2.772152519226074219e+01 3.634726333618164062e+01
2.971629810333251953e+02 1.378216266632080078e+02 2.781617355346679688e+01 3.634653091430664062e+01
2.975556459426879883e+02 1.358182888031005859e+02 2.799951744079589844e+01 3.671352005004882812e+01
2.976416225433349609e+02 1.333400135040283203e+02 2.775120925903320312e+01 3.652032089233398438e+01
2.970229215621948242e+02 1.316048889160156250e+02 2.787087440490722656e+01 3.636125946044921875e+01
2.972526779174804688e+02 1.292581043243408203e+02 2.784814453125000000e+01 3.654097366333007812e+01
2.974269733428955078e+02 1.266531333923339844e+02 2.759083175659179688e+01 3.664925384521484375e+01
2.974332447052001953e+02 1.242602844238281250e+02 2.768853378295898438e+01 3.658477020263671875e+01
2.974847230911254883e+02 1.189897708892822266e+02 2.732810020446777344e+01 3.600253677368164062e+01
2.973645067214965820e+02 1.136349506378173828e+02 2.710133171081542969e+01 3.594244766235351562e+01
2.968688545227050781e+02 1.074895706176757812e+02 2.761862182617187500e+01 3.583271789550781250e+01
2.960824546813964844e+02 1.016154346466064453e+02 2.724422454833984375e+01 3.554066848754882812e+01
2.960486068725585938e+02 9.648295974731445312e+01 2.751868438720703125e+01 3.598664093017578125e+01
2.953539257049560547e+02 9.264156341552734375e+01 2.801692581176757812e+01 3.683074188232421875e+01
2.955481500625610352e+02 8.874061393737792969e+01 2.736680412292480469e+01 3.688201522827148438e+01
2.952236833572387695e+02 8.730581283569335938e+01 2.824761009216308594e+01 3.638017272949218750e+01
2.949331483840942383e+02 8.608486557006835938e+01 2.806337547302246094e+01 3.615064239501953125e+01
2.949873552322387695e+02 8.580921554565429688e+01 2.803896141052246094e+01 3.656267547607421875e+01
2.947095098495483398e+02 8.534120368957519531e+01 2.785672187805175781e+01 3.651176071166992188e+01
2.947156352996826172e+02 8.597609710693359375e+01 2.795843887329101562e+01 3.610380554199218750e+01
2.948761014938354492e+02 8.633489418029785156e+01 2.794696998596191406e+01 3.623408126831054688e+01
2.950017223358154297e+02 8.695478439331054688e+01 2.795134353637695312e+01 3.599825286865234375e+01
2.956169891357421875e+02 8.720065307617187500e+01 2.776776123046875000e+01 3.638236999511718750e+01
2.949845361709594727e+02 8.661952590942382812e+01 2.803458976745605469e+01 3.649302673339843750e+01
2.955933656692504883e+02 8.672865295410156250e+01 2.785246849060058594e+01 3.652704620361328125e+01
2.952999887466430664e+02 8.663042640686035156e+01 2.816041374206542969e+01 3.644276809692382812e+01
2.960270242691040039e+02 8.778637123107910156e+01 2.771372795104980469e+01 3.610208511352539062e+01
2.966001644134521484e+02 8.732840919494628906e+01 2.773585891723632812e+01 3.661653518676757812e+01
2.969740219116210938e+02 8.683826446533203125e+01 2.806007385253906250e+01 3.641406250000000000e+01
2.969223957061767578e+02 8.777705764770507812e+01 2.797457504272460938e+01 3.594071197509765625e+01
2.976007833480834961e+02 8.793915939331054688e+01 2.778897285461425781e+01 3.638553619384765625e+01
2.979954462051391602e+02 8.784920120239257812e+01 2.785976982116699219e+01 3.624263763427734375e+01
2.975940513610839844e+02 8.755954933166503906e+01 2.799275970458984375e+01 3.643523025512695312e+01
2.972070398330688477e+02 8.790423202514648438e+01 2.813288688659667969e+01 3.621588134765625000e+01
2.981772127151489258e+02 8.856691741943359375e+01 2.776540184020996094e+01 3.618607330322265625e+01
2.984984207153320312e+02 8.868614578247070312e+01 2.790769958496093750e+01 3.618432617187500000e+01
3.000333423614501953e+02 8.864921569824218750e+01 2.784074020385742188e+01 3.654735565185546875e+01
3.005995912551879883e+02 8.913767433166503906e+01 2.780544090270996094e+01 3.638139724731445312e+01
3.010935611724853516e+02 9.024822998046875000e+01 2.776452255249023438e+01 3.608019256591796875e+01
3.025802726745605469e+02 8.945948219299316406e+01 2.787168121337890625e+01 3.649058914184570312e+01
3.031706113815307617e+02 8.991374015808105469e+01 2.787172889709472656e+01 3.629304122924804688e+01
3.057019519805908203e+02 9.016543006896972656e+01 2.770591354370117188e+01 3.630669021606445312e+01
3.076456995010375977e+02 8.952968597412109375e+01 2.775158500671386719e+01 3.669014739990234375e+01
3.093969535827636719e+02 9.015899658203125000e+01 2.780649566650390625e+01 3.626451873779296875e+01
3.131206521987915039e+02 8.986614036560058594e+01 2.758437919616699219e+01 3.645563125610351562e+01
3.174086494445800781e+02 8.889897155761718750e+01 2.779328155517578125e+01 3.628941345214843750e+01
3.216011657714843750e+02 8.889979553222656250e+01 2.780833435058593750e+01 3.655187988281250000e+01
3.261598949432373047e+02 8.858281517028808594e+01 2.791260147094726562e+01 3.641991806030273438e+01
3.317223320007324219e+02 8.753396606445312500e+01 2.782297515869140625e+01 3.671337890625000000e+01
3.358031921386718750e+02 8.726378059387207031e+01 2.788383483886718750e+01 3.657531356811523438e+01
3.401068677902221680e+02 8.664316177368164062e+01 2.777436256408691406e+01 3.657741546630859375e+01
3.442267990112304688e+02 8.657480621337890625e+01 2.785884094238281250e+01 3.666251373291015625e+01
3.473401794433593750e+02 8.643795776367187500e+01 2.793196105957031250e+01 3.638250732421875000e+01
3.498366622924804688e+02 8.611660575866699219e+01 2.810285949707031250e+01 3.653353500366210938e+01
3.518026218414306641e+02 8.635486030578613281e+01 2.794340133666992188e+01 3.623987197875976562e+01
3.527057485580444336e+02 8.703554725646972656e+01 2.784602546691894531e+01 3.626216506958007812e+01
3.535018787384033203e+02 8.616141891479492188e+01 2.811867904663085938e+01 3.650440979003906250e+01
3.552810115814208984e+02 8.592002487182617188e+01 2.806457901000976562e+01 3.661961364746093750e+01
3.558692779541015625e+02 8.562080192565917969e+01 2.809269714355468750e+01 3.677474594116210938e+01
3.564308271408081055e+02 8.535336875915527344e+01 2.812391090393066406e+01 3.683111190795898438e+01
3.561435270309448242e+02 8.659430313110351562e+01 2.773027992248535156e+01 3.609828186035156250e+01
3.555357866287231445e+02 8.570395469665527344e+01 2.810883903503417969e+01 3.689682388305664062e+01
3.557862415313720703e+02 8.563237380981445312e+01 2.810274124145507812e+01 3.653168487548828125e+01
3.561049203872680664e+02 8.670499038696289062e+01 2.790871238708496094e+01 3.619022369384765625e+01
3.556814985275268555e+02 8.543988800048828125e+01 2.819983863830566406e+01 3.684993743896484375e+01
3.556319942474365234e+02 8.649979972839355469e+01 2.788228225708007812e+01 3.622941207885742188e+01
3.545734338760375977e+02 8.522255134582519531e+01 2.823222160339355469e+01 3.717770767211914062e+01
3.540857210159301758e+02 8.573810768127441406e+01 2.827467918395996094e+01 3.633183670043945312e+01
3.538854808807373047e+02 8.642928123474121094e+01 2.801021194458007812e+01 3.616769027709960938e+01
3.534618024826049805e+02 8.497399902343750000e+01 2.809828376770019531e+01 3.706714630126953125e+01
3.528068084716796875e+02 8.521833419799804688e+01 2.789736175537109375e+01 3.635618591308593750e+01
3.524702110290527344e+02 8.623213386535644531e+01 2.772772216796875000e+01 3.611944961547851562e+01
3.518737707138061523e+02 8.505759620666503906e+01 2.798964118957519531e+01 3.677764511108398438e+01
3.519494142532348633e+02 8.569500732421875000e+01 2.805463218688964844e+01 3.612829589843750000e+01
3.512927112579345703e+02 8.472279930114746094e+01 2.798772811889648438e+01 3.689081192016601562e+01
3.505117731094360352e+02 8.486288261413574219e+01 2.789632225036621094e+01 3.652835464477539062e+01
3.500280885696411133e+02 8.559723663330078125e+01 2.801968955993652344e+01 3.624571228027343750e+01
3.492612791061401367e+02 8.466045761108398438e+01 2.804821968078613281e+01 3.691049194335937500e+01
3.486719007492065430e+02 8.456968498229980469e+01 2.804211616516113281e+01 3.669065475463867188e+01
3.485068063735961914e+02 8.568932151794433594e+01 2.800725364685058594e+01 3.612025070190429688e+01
3.477175931930541992e+02 8.448028564453125000e+01 2.799547004699707031e+01 3.706265258789062500e+01
3.477118263244628906e+02 8.429633712768554688e+01 2.800358581542968750e+01 3.677347564697265625e+01
3.473846225738525391e+02 8.529132461547851562e+01 2.792662429809570312e+01 3.611289215087890625e+01
3.472533702850341797e+02 8.520431518554687500e+01 2.792991256713867188e+01 3.651736450195312500e+01
3.468288822174072266e+02 8.504810333251953125e+01 2.815866470336914062e+01 3.673506164550781250e+01
3.467326040267944336e+02 8.449237060546875000e+01 2.802855873107910156e+01 3.671780395507812500e+01
3.462395372390747070e+02 8.520075798034667969e+01 2.790150260925292969e+01 3.621249771118164062e+01
3.456549015045166016e+02 8.480940055847167969e+01 2.777895736694335938e+01 3.658019638061523438e+01
3.446265974044799805e+02 8.454973030090332031e+01 2.786676216125488281e+01 3.659718704223632812e+01
3.441634502410888672e+02 8.428786277770996094e+01 2.795370101928710938e+01 3.657166671752929688e+01
3.438882884979248047e+02 8.416014480590820312e+01 2.794979476928710938e+01 3.658234405517578125e+01
3.431205711364746094e+02 8.533095741271972656e+01 2.759588623046875000e+01 3.607845687866210938e+01
3.425581655502319336e+02 8.429078102111816406e+01 2.811372566223144531e+01 3.680515670776367188e+01
3.416527414321899414e+02 8.516028404235839844e+01 2.763065147399902344e+01 3.625656509399414062e+01
3.405698328018188477e+02 8.422036552429199219e+01 2.788016319274902344e+01 3.702664566040039062e+01
3.395550680160522461e+02 8.528730392456054688e+01 2.784633827209472656e+01 3.620798492431640625e+01
3.390531892776489258e+02 8.561633872985839844e+01 2.802646446228027344e+01 3.627894973754882812e+01
3.380011682510375977e+02 8.417189216613769531e+01 2.794326591491699219e+01 3.698376083374023438e+01
3.374317169189453125e+02 8.563952064514160156e+01 2.765660858154296875e+01 3.594335556030273438e+01
3.347782802581787109e+02 8.464822959899902344e+01 2.800342178344726562e+01 3.689048385620117188e+01
3.341143522262573242e+02 8.544764900207519531e+01 2.795665168762207031e+01 3.601738357543945312e+01
3.316598176956176758e+02 8.490216636657714844e+01 2.796309471130371094e+01 3.664394760131835938e+01
3.310992460250854492e+02 8.564185714721679688e+01 2.777223396301269531e+01 3.609083557128906250e+01
3.296752548217773438e+02 8.585723304748535156e+01 2.759523773193359375e+01 3.616076278686523438e+01
3.269792890548706055e+02 8.626501274108886719e+01 2.778351020812988281e+01 3.627534866333007812e+01
3.249733705520629883e+02 8.605883026123046875e+01 2.783238792419433594e+01 3.644316864013671875e+01
3.221542224884033203e+02 8.654196548461914062e+01 2.773733139038085938e+01 3.645448303222656250e+01
3.210331459045410156e+02 8.620955467224121094e+01 2.762739562988281250e+01 3.654282760620117188e+01
3.180501852035522461e+02 8.729371452331542969e+01 2.754851722717285156e+01 3.617451095581054688e+01
3.165152730941772461e+02 8.657234573364257812e+01 2.774426460266113281e+01 3.669010925292968750e+01
3.136771497726440430e+02 8.738696479797363281e+01 2.774308204650878906e+01 3.610832595825195312e+01
3.111662178039550781e+02 8.716146087646484375e+01 2.782703399658203125e+01 3.623873138427734375e+01
3.092748451232910156e+02 8.826176071166992188e+01 2.760613250732421875e+01 3.593519592285156250e+01
3.066408433914184570e+02 8.783557701110839844e+01 2.803530693054199219e+01 3.653812789916992188e+01
3.041959161758422852e+02 8.780134963989257812e+01 2.784966087341308594e+01 3.624816894531250000e+01
3.007248582839965820e+02 8.851651382446289062e+01 2.761594963073730469e+01 3.640464782714843750e+01
2.970873327255249023e+02 8.883298492431640625e+01 2.773488807678222656e+01 3.640187835693359375e+01
2.935974826812744141e+02 8.953700828552246094e+01 2.771347427368164062e+01 3.627685165405273438e+01
2.899933567047119141e+02 8.938421058654785156e+01 2.771298599243164062e+01 3.633346176147460938e+01
2.870769605636596680e+02 9.047858047485351562e+01 2.770107460021972656e+01 3.598667144775390625e+01
2.839776935577392578e+02 9.032983398437500000e+01 2.777199935913085938e+01 3.636219024658203125e+01
2.808712978363037109e+02 8.994998741149902344e+01 2.780546951293945312e+01 3.660622024536132812e+01
2.785536565780639648e+02 9.159082984924316406e+01 2.761030006408691406e+01 3.585427474975585938e+01
2.771420907974243164e+02 9.057773208618164062e+01 2.807557487487792969e+01 3.651299285888671875e+01
2.745963373184204102e+02 9.199036026000976562e+01 2.759596061706542969e+01 3.581816864013671875e+01
2.739979305267333984e+02 9.155468750000000000e+01 2.766698074340820312e+01 3.628388977050781250e+01
2.731075782775878906e+02 9.189204025268554688e+01 2.746885681152343750e+01 3.608036041259765625e+01
2.709343099594116211e+02 9.199689483642578125e+01 2.778461647033691406e+01 3.604935455322265625e+01
2.701242265701293945e+02 9.128889465332031250e+01 2.749208641052246094e+01 3.651364898681640625e+01
2.674890222549438477e+02 9.267155265808105469e+01 2.761220359802246094e+01 3.580840682983398438e+01
2.641390514373779297e+02 9.191939353942871094e+01 2.804110336303710938e+01 3.660824203491210938e+01
2.599950408935546875e+02 9.285158348083496094e+01 2.799049377441406250e+01 3.634870529174804688e+01
2.574708957672119141e+02 9.369118690490722656e+01 2.782438278198242188e+01 3.584206008911132812e+01
2.535655994415283203e+02 9.354876518249511719e+01 2.776536941528320312e+01 3.645715713500976562e+01
2.501963071823120117e+02 9.420397377014160156e+01 2.786801338195800781e+01 3.619353866577148438e+01
2.453059654235839844e+02 9.520943641662597656e+01 2.771860504150390625e+01 3.597085189819335938e+01
2.409475450515747070e+02 9.484108352661132812e+01 2.775796318054199219e+01 3.644243621826171875e+01
2.372587461471557617e+02 9.626465988159179688e+01 2.781646919250488281e+01 3.601729583740234375e+01
2.342245836257934570e+02 9.591676139831542969e+01 2.794646263122558594e+01 3.635707473754882812e+01
2.330722198486328125e+02 9.696875762939453125e+01 2.773941802978515625e+01 3.576979064941406250e+01
2.307512979507446289e+02 9.626932144165039062e+01 2.804284477233886719e+01 3.639586639404296875e+01
2.291501455307006836e+02 9.771876716613769531e+01 2.765584754943847656e+01 3.572428512573242188e+01
2.283218116760253906e+02 9.658815956115722656e+01 2.788992309570312500e+01 3.651245498657226562e+01
2.276002264022827148e+02 9.721929740905761719e+01 2.796048927307128906e+01 3.576258468627929688e+01
2.259008064270019531e+02 9.709805107116699219e+01 2.780447387695312500e+01 3.602613449096679688e+01
2.238486719131469727e+02 9.709853744506835938e+01 2.778769493103027344e+01 3.608641815185546875e+01
2.216618423461914062e+02 9.763086509704589844e+01 2.777150726318359375e+01 3.606790542602539062e+01
2.192261352539062500e+02 9.840164756774902344e+01 2.783092498779296875e+01 3.592099380493164062e+01
2.171604595184326172e+02 9.823628616333007812e+01 2.767013931274414062e+01 3.605975341796875000e+01
2.162688083648681641e+02 9.841248703002929688e+01 2.765728378295898438e+01 3.602484130859375000e+01
2.124141693115234375e+02 9.851210594177246094e+01 2.785968017578125000e+01 3.649955368041992188e+01
2.107189807891845703e+02 9.878381919860839844e+01 2.787026596069335938e+01 3.608268356323242188e+01
2.071822671890258789e+02 9.993394470214843750e+01 2.767379570007324219e+01 3.619480133056640625e+01
2.038856916427612305e+02 9.908354949951171875e+01 2.807007026672363281e+01 3.658255004882812500e+01
2.024889144897460938e+02 1.000701675415039062e+02 2.796553039550781250e+01 3.592192077636718750e+01
1.992851381301879883e+02 9.993396186828613281e+01 2.795563316345214844e+01 3.646375656127929688e+01
1.978241539001464844e+02 1.008994941711425781e+02 2.789461517333984375e+01 3.574810028076171875e+01
1.962459402084350586e+02 1.013920421600341797e+02 2.805455207824707031e+01 3.618109512329101562e+01
1.947438859939575195e+02 1.013473339080810547e+02 2.795369529724121094e+01 3.621109390258789062e+01
1.928173980712890625e+02 1.018839702606201172e+02 2.811065673828125000e+01 3.586339187622070312e+01
1.920389242172241211e+02 1.010651931762695312e+02 2.828269386291503906e+01 3.643591308593750000e+01
1.913016452789306641e+02 1.015374813079833984e+02 2.846953964233398438e+01 3.604256057739257812e+01
1.911353740692138672e+02 1.019215831756591797e+02 2.834888076782226562e+01 3.567844009399414062e+01
1.906837310791015625e+02 1.010088748931884766e+02 2.838903045654296875e+01 3.635979080200195312e+01
1.901099443435668945e+02 1.017365112304687500e+02 2.813513755798339844e+01 3.589501190185546875e+01
1.893754796981811523e+02 1.010392990112304688e+02 2.820586585998535156e+01 3.634449768066406250e+01
1.887359762191772461e+02 1.018225879669189453e+02 2.824928474426269531e+01 3.610917282104492188e+01
1.881940784454345703e+02 1.012764072418212891e+02 2.811371231079101562e+01 3.639348220825195312e+01
1.877387638092041016e+02 1.024172401428222656e+02 2.793078994750976562e+01 3.595938110351562500e+01
1.870720214843750000e+02 1.017341156005859375e+02 2.796916198730468750e+01 3.651260375976562500e+01
1.859567241668701172e+02 1.016295986175537109e+02 2.807823562622070312e+01 3.625190353393554688e+01
1.850170841217041016e+02 1.020632610321044922e+02 2.798185348510742188e+01 3.604508590698242188e+01
1.838116388320922852e+02 1.020154762268066406e+02 2.814739799499511719e+01 3.614161682128906250e+01
1.825886354446411133e+02 1.025884075164794922e+02 2.807891654968261719e+01 3.581362533569335938e+01
1.813638124465942383e+02 1.018457679748535156e+02 2.815202903747558594e+01 3.649077606201171875e+01
1.801300945281982422e+02 1.025014362335205078e+02 2.811198043823242188e+01 3.613164901733398438e+01
1.794958009719848633e+02 1.018977622985839844e+02 2.832504081726074219e+01 3.650046539306640625e+01
1.792556877136230469e+02 1.027295093536376953e+02 2.832057189941406250e+01 3.594523239135742188e+01
1.790350761413574219e+02 1.021386089324951172e+02 2.861703491210937500e+01 3.652122116088867188e+01
1.787528295516967773e+02 1.032692680358886719e+02 2.809749794006347656e+01 3.611273193359375000e+01
1.767010736465454102e+02 1.028165893554687500e+02 2.828265190124511719e+01 3.647152709960937500e+01
1.755866260528564453e+02 1.028823547363281250e+02 2.793530654907226562e+01 3.617907714843750000e+01
1.721058568954467773e+02 1.028319892883300781e+02 2.822126197814941406e+01 3.663178253173828125e+01
1.710260162353515625e+02 1.035914878845214844e+02 2.846819305419921875e+01 3.610573577880859375e+01
1.695122518539428711e+02 1.038085079193115234e+02 2.818891334533691406e+01 3.618428421020507812e+01
1.679474029541015625e+02 1.037150630950927734e+02 2.827117156982421875e+01 3.640451431274414062e+01
1.670751571655273438e+02 1.046085128784179688e+02 2.804122924804687500e+01 3.618940734863281250e+01
1.665781335830688477e+02 1.035040473937988281e+02 2.867294883728027344e+01 3.670851135253906250e+01
1.660244007110595703e+02 1.040890064239501953e+02 2.858131790161132812e+01 3.600929641723632812e+01
1.655515823364257812e+02 1.040053520202636719e+02 2.855625152587890625e+01 3.594488525390625000e+01
1.662288827896118164e+02 1.049938507080078125e+02 2.807770347595214844e+01 3.609980010986328125e+01
1.664192934036254883e+02 1.042087135314941406e+02 2.844625663757324219e+01 3.651280212402343750e+01
1.663351345062255859e+02 1.043457870483398438e+02 2.846899032592773438e+01 3.621297454833984375e+01
1.661866283416748047e+02 1.041910667419433594e+02 2.845359420776367188e+01 3.632305908203125000e+01
1.661687765121459961e+02 1.043345813751220703e+02 2.850554847717285156e+01 3.605023574829101562e+01
1.666791114807128906e+02 1.041893138885498047e+02 2.833662414550781250e+01 3.641471481323242188e+01
1.673505191802978516e+02 1.044535846710205078e+02 2.819537734985351562e+01 3.631695938110351562e+01
1.677258853912353516e+02 1.039749469757080078e+02 2.846562576293945312e+01 3.652603530883789062e+01
1.681695652008056641e+02 1.044438991546630859e+02 2.831622695922851562e+01 3.605639266967773438e+01
1.683296709060668945e+02 1.053396854400634766e+02 2.838935661315917969e+01 3.607477188110351562e+01
1.682261447906494141e+02 1.041882514953613281e+02 2.872145462036132812e+01 3.623514556884765625e+01
1.684132328033447266e+02 1.052639350891113281e+02 2.852225112915039062e+01 3.600159454345703125e+01
1.694433031082153320e+02 1.041085186004638672e+02 2.836811637878417969e+01 3.638199234008789062e+01
1.704757699966430664e+02 1.048688220977783203e+02 2.804166221618652344e+01 3.618781661987304688e+01
1.715150403976440430e+02 1.047517032623291016e+02 2.800256538391113281e+01 3.664666366577148438e+01
1.715140342712402344e+02 1.041705760955810547e+02 2.833422851562500000e+01 3.684706497192382812e+01
1.714527091979980469e+02 1.048647060394287109e+02 2.846302795410156250e+01 3.600986099243164062e+01
1.733898077011108398e+02 1.059420433044433594e+02 2.806682777404785156e+01 3.583583831787109375e+01
1.750434360504150391e+02 1.053570137023925781e+02 2.783798599243164062e+01 3.666670989990234375e+01
1.753253898620605469e+02 1.048726062774658203e+02 2.837026977539062500e+01 3.652161026000976562e+01
1.756742448806762695e+02 1.055957660675048828e+02 2.822418022155761719e+01 3.604108047485351562e+01
1.761538572311401367e+02 1.049902038574218750e+02 2.829695320129394531e+01 3.659553527832031250e+01
1.780385971069335938e+02 1.056898117065429688e+02 2.779933929443359375e+01 3.581253051757812500e+01
1.805397348403930664e+02 1.054480133056640625e+02 2.788135337829589844e+01 3.617349243164062500e+01
1.825436248779296875e+02 1.043653259277343750e+02 2.813054656982421875e+01 3.660001373291015625e+01
1.842602043151855469e+02 1.052898139953613281e+02 2.794400024414062500e+01 3.593908691406250000e+01
1.859764184951782227e+02 1.043007411956787109e+02 2.796881675720214844e+01 3.655267715454101562e+01
1.890897817611694336e+02 1.039375267028808594e+02 2.800002479553222656e+01 3.631651306152343750e+01
1.923415565490722656e+02 1.042576198577880859e+02 2.794232177734375000e+01 3.637520980834960938e+01
1.963770332336425781e+02 1.038557968139648438e+02 2.794525146484375000e+01 3.652631378173828125e+01
2.007576980590820312e+02 1.032277851104736328e+02 2.800402069091796875e+01 3.643710708618164062e+01
2.057454452514648438e+02 1.028690395355224609e+02 2.789366912841796875e+01 3.632081222534179688e+01
2.112681226730346680e+02 1.015332317352294922e+02 2.809179878234863281e+01 3.655663681030273438e+01
2.166760272979736328e+02 1.018979434967041016e+02 2.779620742797851562e+01 3.587254714965820312e+01
2.208119392395019531e+02 1.009404830932617188e+02 2.785577392578125000e+01 3.646553802490234375e+01
2.245656824111938477e+02 1.007410850524902344e+02 2.775690269470214844e+01 3.643929290771484375e+01
2.298659954071044922e+02 9.973722457885742188e+01 2.781151962280273438e+01 3.645031738281250000e+01
2.335909528732299805e+02 9.927335548400878906e+01 2.773600959777832031e+01 3.636055374145507812e+01
2.387149429321289062e+02 9.947441864013671875e+01 2.752185821533203125e+01 3.612483978271484375e+01
2.415363054275512695e+02 9.834321594238281250e+01 2.772933769226074219e+01 3.624185943603515625e+01
2.440455675125122070e+02 9.827330970764160156e+01 2.773072624206542969e+01 3.619504165649414062e+01
2.463332185745239258e+02 9.786666488647460938e+01 2.762592887878417969e+01 3.624833679199218750e+01
2.469699001312255859e+02 9.865262603759765625e+01 2.758007431030273438e+01 3.599288177490234375e+01
2.487622232437133789e+02 9.814975547790527344e+01 2.764540672302246094e+01 3.631746292114257812e+01
2.500747251510620117e+02 9.733119773864746094e+01 2.783517646789550781e+01 3.650349807739257812e+01
2.516233491897583008e+02 9.738228416442871094e+01 2.776156425476074219e+01 3.624926376342773438e+01
2.535011253356933594e+02 9.786685752868652344e+01 2.760527038574218750e+01 3.604357528686523438e+01
2.556167325973510742e+02 9.771698951721191406e+01 2.759228706359863281e+01 3.632316970825195312e+01
2.580385322570800781e+02 9.740657424926757812e+01 2.769573974609375000e+01 3.633812713623046875e+01
2.603398599624633789e+02 9.667929458618164062e+01 2.777741050720214844e+01 3.631662750244140625e+01
2.618366947174072266e+02 9.635753822326660156e+01 2.784349441528320312e+01 3.629299545288085938e+01
2.623834829330444336e+02 9.595002365112304688e+01 2.803229713439941406e+01 3.628617858886718750e+01
2.642724046707153320e+02 9.667320442199707031e+01 2.774825859069824219e+01 3.595347976684570312e+01
2.642613916397094727e+02 9.642860603332519531e+01 2.800505638122558594e+01 3.627004623413085938e+01
2.651513242721557617e+02 9.574673080444335938e+01 2.789976692199707031e+01 3.626505279541015625e+01
2.657660646438598633e+02 9.637106132507324219e+01 2.784033012390136719e+01 3.596290969848632812e+01
2.663538761138916016e+02 9.616264915466308594e+01 2.783545303344726562e+01 3.636874008178710938e+01
2.670453147888183594e+02 9.633311653137207031e+01 2.782299804687500000e+01 3.637958145141601562e+01
2.672513828277587891e+02 9.556035804748535156e+01 2.808240127563476562e+01 3.640860366821289062e+01
2.678942337036132812e+02 9.568965530395507812e+01 2.794068145751953125e+01 3.632929992675781250e+01
2.682365694046020508e+02 9.581662178039550781e+01 2.788389396667480469e+01 3.624475479125976562e+01
2.688004922866821289e+02 9.577610969543457031e+01 2.792288780212402344e+01 3.627986526489257812e+01
2.693446989059448242e+02 9.570035552978515625e+01 2.787832832336425781e+01 3.625119781494140625e+01
2.702411365509033203e+02 9.551703834533691406e+01 2.774379348754882812e+01 3.632836532592773438e+01
2.706654319763183594e+02 9.586162757873535156e+01 2.783174896240234375e+01 3.617594528198242188e+01
2.715324993133544922e+02 9.608536338806152344e+01 2.779826736450195312e+01 3.625716018676757812e+01
2.719454402923583984e+02 9.501351928710937500e+01 2.802019119262695312e+01 3.603243255615234375e+01
2.724095697402954102e+02 9.589645385742187500e+01 2.776507377624511719e+01 3.595475006103515625e+01
2.721937894821166992e+02 9.574621772766113281e+01 2.779528999328613281e+01 3.611183547973632812e+01
2.718025302886962891e+02 9.628686332702636719e+01 2.748682785034179688e+01 3.594035720825195312e+01
2.712902927398681641e+02 9.578121376037597656e+01 2.803302383422851562e+01 3.641813278198242188e+01
2.719714431762695312e+02 9.620707130432128906e+01 2.782846832275390625e+01 3.631925582885742188e+01
2.716746501922607422e+02 9.758116912841796875e+01 2.742036819458007812e+01 3.599546813964843750e+01
2.720440874099731445e+02 9.820728492736816406e+01 2.782174491882324219e+01 3.588584518432617188e+01
2.726327495574951172e+02 1.002406177520751953e+02 2.739017868041992188e+01 3.555945968627929688e+01
2.719398784637451172e+02 1.032543792724609375e+02 2.725503921508789062e+01 3.648324584960937500e+01
2.719670190811157227e+02 1.071346073150634766e+02 2.786883354187011719e+01 3.718433761596679688e+01
2.723843336105346680e+02 1.126922245025634766e+02 2.803212928771972656e+01 3.704171371459960938e+01
2.720871038436889648e+02 1.184331264495849609e+02 2.818103218078613281e+01 3.664702224731445312e+01
2.724631013870239258e+02 1.221987152099609375e+02 2.694873619079589844e+01 3.657136535644531250e+01
2.727749843597412109e+02 1.247055892944335938e+02 2.701697921752929688e+01 3.528329467773437500e+01
2.730581245422363281e+02 1.256999645233154297e+02 2.691941833496093750e+01 3.558255386352539062e+01
2.726161289215087891e+02 1.274578151702880859e+02 2.649200057983398438e+01 3.539500808715820312e+01
2.727998857498168945e+02 1.277264442443847656e+02 2.722856712341308594e+01 3.595102691650390625e+01
2.728934803009033203e+02 1.302953910827636719e+02 2.690879440307617188e+01 3.560991668701171875e+01
2.727334890365600586e+02 1.325399684906005859e+02 2.680991554260253906e+01 3.580664443969726562e+01
2.725464286804199219e+02 1.355318183898925781e+02 2.711540222167968750e+01 3.623670196533203125e+01
2.723840970993041992e+02 1.379348354339599609e+02 2.685856056213378906e+01 3.544421768188476562e+01
2.721542320251464844e+02 1.409094676971435547e+02 2.702194213867187500e+01 3.633530044555664062e+01
2.717113361358642578e+02 1.444713726043701172e+02 2.695504379272460938e+01 3.642619705200195312e+01
2.718891572952270508e+02 1.474691810607910156e+02 2.721213340759277344e+01 3.640441131591796875e+01
2.719436063766479492e+02 1.515454730987548828e+02 2.748545265197753906e+01 3.702373886108398438e+01
2.713089694976806641e+02 1.558793125152587891e+02 2.733413314819335938e+01 3.702643966674804688e+01
2.713965864181518555e+02 1.609927883148193359e+02 2.753524208068847656e+01 3.678902053833007812e+01
2.714043865203857422e+02 1.661856174468994141e+02 2.753227615356445312e+01 3.649682235717773438e+01
2.710454044342041016e+02 1.701339588165283203e+02 2.719754409790039062e+01 3.701441574096679688e+01
2.711844644546508789e+02 1.753295555114746094e+02 2.765290641784667969e+01 3.660675811767578125e+01
2.713141708374023438e+02 1.785016613006591797e+02 2.701261138916015625e+01 3.697818374633789062e+01
2.713743610382080078e+02 1.821076107025146484e+02 2.697233200073242188e+01 3.702315139770507812e+01
2.713111991882324219e+02 1.849904766082763672e+02 2.666452026367187500e+01 3.583417129516601562e+01
2.706525554656982422e+02 1.875370712280273438e+02 2.616576004028320312e+01 3.592150878906250000e+01
2.710484619140625000e+02 1.899634475708007812e+02 2.666376495361328125e+01 3.615493774414062500e+01
2.710201768875122070e+02 1.921961593627929688e+02 2.620734977722167969e+01 3.550502014160156250e+01
2.705311594009399414e+02 1.945917987823486328e+02 2.634493827819824219e+01 3.607067489624023438e+01
2.702335643768310547e+02 1.965734615325927734e+02 2.614231491088867188e+01 3.541563796997070312e+01
2.707136077880859375e+02 1.984103775024414062e+02 2.644972229003906250e+01 3.588788604736328125e+01
2.705012187957763672e+02 1.985733776092529297e+02 2.676817703247070312e+01 3.626883316040039062e+01
2.706911354064941406e+02 1.988157596588134766e+02 2.682483673095703125e+01 3.643035507202148438e+01
2.702609004974365234e+02 1.985755996704101562e+02 2.688743209838867188e+01 3.661384582519531250e+01
2.698247985839843750e+02 1.981253032684326172e+02 2.700982666015625000e+01 3.658269119262695312e+01
2.704225883483886719e+02 1.987511005401611328e+02 2.701890563964843750e+01 3.615462875366210938e+01
