4.810000000000000000e+02 1.650000000000000000e+02 1.500000000000000000e+01 9.000000000000000000e+00
4.795935268402099609e+02 1.644010429382324219e+02 1.520671081542968750e+01 1.047830963134765625e+01
4.783650031089782715e+02 1.640844492912292480e+02 1.493731784820556641e+01 1.102228260040283203e+01
4.776245856285095215e+02 1.636114573478698730e+02 1.505233860015869141e+01 1.180295276641845703e+01
4.768150510787963867e+02 1.638222031593322754e+02 1.540174293518066406e+01 1.015758037567138672e+01
4.757522330284118652e+02 1.653038215637207031e+02 1.517508029937744141e+01 1.000000000000000000e+01
4.749608511924743652e+02 1.644142909049987793e+02 1.581708621978759766e+01 1.000000000000000000e+01
4.736612396240234375e+02 1.641767187118530273e+02 1.555606842041015625e+01 1.084052753448486328e+01
4.728203635215759277e+02 1.631993150711059570e+02 1.543824100494384766e+01 1.101670932769775391e+01
4.717278513908386230e+02 1.642357740402221680e+02 1.486419391632080078e+01 1.074524402618408203e+01
4.703551526069641113e+02 1.639258975982666016e+02 1.532669353485107422e+01 1.066106319427490234e+01
4.697697591781616211e+02 1.642298903465270996e+02 1.526189231872558594e+01 1.042745590209960938e+01
4.685927195549011230e+02 1.642507433891296387e+02 1.518579578399658203e+01 1.013920974731445312e+01
4.681102285385131836e+02 1.644275813102722168e+02 1.516767692565917969e+01 1.062320709228515625e+01
4.667810850143432617e+02 1.634208602905273438e+02 1.547576713562011719e+01 1.114395427703857422e+01
4.658451156616210938e+02 1.638862214088439941e+02 1.484266281127929688e+01 1.045721626281738281e+01
4.654088664054870605e+02 1.632474656105041504e+02 1.486094760894775391e+01 1.125177192687988281e+01
4.639967155456542969e+02 1.631447653770446777e+02 1.459613037109375000e+01 1.075689697265625000e+01
4.627712783813476562e+02 1.638824086189270020e+02 1.528016281127929688e+01 1.000000000000000000e+01
4.625564112663269043e+02 1.642677798271179199e+02 1.493682575225830078e+01 1.000000000000000000e+01
4.603104739189147949e+02 1.634828977584838867e+02 1.564986133575439453e+01 1.005739688873291016e+01
4.597133641242980957e+02 1.633009500503540039e+02 1.493771266937255859e+01 1.038573932647705078e+01
4.594949088096618652e+02 1.636957554817199707e+02 1.479821491241455078e+01 1.065650749206542969e+01
4.585267200469970703e+02 1.624608521461486816e+02 1.546638107299804688e+01 1.073401451110839844e+01
4.577872977256774902e+02 1.630979709625244141e+02 1.473445224761962891e+01 1.037131786346435547e+01
4.563095626831054688e+02 1.638455739021301270e+02 1.496484756469726562e+01 1.000000000000000000e+01
4.553886871337890625e+02 1.633016462326049805e+02 1.534618377685546875e+01 1.048858547210693359e+01
4.538057174682617188e+02 1.637975916862487793e+02 1.553514099121093750e+01 1.000000000000000000e+01
4.528479199409484863e+02 1.627840313911437988e+02 1.522021770477294922e+01 1.168471717834472656e+01
4.527883949279785156e+02 1.626334695816040039e+02 1.533779525756835938e+01 1.028944873809814453e+01
4.518584322929382324e+02 1.628184900283813477e+02 1.375624942779541016e+01 1.068562412261962891e+01
4.512978196144104004e+02 1.624642415046691895e+02 1.427085399627685547e+01 1.054638099670410156e+01
4.505362243652343750e+02 1.622046146392822266e+02 1.431183624267578125e+01 1.049002742767333984e+01
4.493097853660583496e+02 1.636582775115966797e+02 1.349208927154541016e+01 1.000000000000000000e+01
4.481782002449035645e+02 1.624987883567810059e+02 1.393704891204833984e+01 1.022903537750244141e+01
4.478337144851684570e+02 1.617586069107055664e+02 1.417635154724121094e+01 1.036392784118652344e+01
4.474158430099487305e+02 1.621972336769104004e+02 1.306701469421386719e+01 1.012870311737060547e+01
4.465372309684753418e+02 1.618710756301879883e+02 1.339641284942626953e+01 1.020879554748535156e+01
4.449130120277404785e+02 1.629604001045227051e+02 1.338101482391357422e+01 1.000000000000000000e+01
4.441379575729370117e+02 1.623357744216918945e+02 1.424165153503417969e+01 1.075899028778076172e+01
4.435570225715637207e+02 1.611456046104431152e+02 1.358168315887451172e+01 1.083473396301269531e+01
4.426963434219360352e+02 1.615290913581848145e+02 1.309242439270019531e+01 1.088761520385742188e+01
4.422732896804809570e+02 1.613547849655151367e+02 1.325040245056152344e+01 1.132966518402099609e+01
4.415001654624938965e+02 1.609138226509094238e+02 1.262231922149658203e+01 1.072500991821289062e+01
4.416663541793823242e+02 1.606743674278259277e+02 1.186010169982910156e+01 1.154458427429199219e+01
4.405924048423767090e+02 1.608497810363769531e+02 1.191027164459228516e+01 1.149060153961181641e+01
4.399643158912658691e+02 1.610384855270385742e+02 1.145449352264404297e+01 1.092387676239013672e+01
4.398356461524963379e+02 1.611563396453857422e+02 1.152970790863037109e+01 1.061844348907470703e+01
4.389476618766784668e+02 1.607118988037109375e+02 1.141149616241455078e+01 1.096487903594970703e+01
4.386628742218017578e+02 1.602902488708496094e+02 1.096973419189453125e+01 1.127568912506103516e+01
4.374059009552001953e+02 1.602445621490478516e+02 1.128992843627929688e+01 1.081000995635986328e+01
4.367943305969238281e+02 1.601178622245788574e+02 1.146371078491210938e+01 1.067275810241699219e+01
4.373151078224182129e+02 1.601853137016296387e+02 1.099979305267333984e+01 1.035962104797363281e+01
4.366830739974975586e+02 1.598209061622619629e+02 1.103190422058105469e+01 1.053098678588867188e+01
4.359960203170776367e+02 1.600460848808288574e+02 1.093279457092285156e+01 1.005987739562988281e+01
4.359872527122497559e+02 1.602880396842956543e+02 1.096847248077392578e+01 1.000000000000000000e+01
4.352711625099182129e+02 1.602376456260681152e+02 1.065524959564208984e+01 1.000000000000000000e+01
4.338211555480957031e+02 1.596744966506958008e+02 1.099275207519531250e+01 1.071920490264892578e+01
4.343486785888671875e+02 1.593856816291809082e+02 1.054963302612304688e+01 1.038479423522949219e+01
4.330714616775512695e+02 1.594561371803283691e+02 1.051479148864746094e+01 1.000000000000000000e+01
4.337585582733154297e+02 1.601126141548156738e+02 1.000000000000000000e+01 1.000000000000000000e+01
4.325012435913085938e+02 1.596986975669860840e+02 1.017955780029296875e+01 1.000000000000000000e+01
4.321356868743896484e+02 1.591538400650024414e+02 1.103435516357421875e+01 1.000000000000000000e+01
4.314549121856689453e+02 1.588226361274719238e+02 1.093115234375000000e+01 1.000000000000000000e+01
4.308724498748779297e+02 1.590507125854492188e+02 1.062210083007812500e+01 1.000000000000000000e+01
4.306370606422424316e+02 1.594494218826293945e+02 1.085028362274169922e+01 1.000000000000000000e+01
4.297479944229125977e+02 1.595059514045715332e+02 1.137394142150878906e+01 1.000000000000000000e+01
4.290085592269897461e+02 1.589250454902648926e+02 1.202204704284667969e+01 1.000000000000000000e+01
4.284984741210937500e+02 1.586352233886718750e+02 1.162133407592773438e+01 1.000000000000000000e+01
4.283680381774902344e+02 1.579592204093933105e+02 1.183086776733398438e+01 1.000000000000000000e+01
4.279676342010498047e+02 1.580139489173889160e+02 1.100448226928710938e+01 1.000000000000000000e+01
4.281338772773742676e+02 1.585127863883972168e+02 1.077323818206787109e+01 1.000000000000000000e+01
4.268211255073547363e+02 1.571897931098937988e+02 1.073693752288818359e+01 1.000000000000000000e+01
4.273741583824157715e+02 1.584535827636718750e+02 1.060967731475830078e+01 1.000000000000000000e+01
4.260587124824523926e+02 1.579848880767822266e+02 1.062550640106201172e+01 1.000000000000000000e+01
4.265560050010681152e+02 1.576403365135192871e+02 1.057771015167236328e+01 1.000000000000000000e+01
4.251734733581542969e+02 1.568375148773193359e+02 1.099281692504882812e+01 1.000000000000000000e+01
4.247129011154174805e+02 1.572589807510375977e+02 1.077593040466308594e+01 1.000000000000000000e+01
4.246333808898925781e+02 1.577217459678649902e+02 1.082662963867187500e+01 1.000000000000000000e+01
4.240594625473022461e+02 1.570370573997497559e+02 1.097361564636230469e+01 1.000000000000000000e+01
4.232745165824890137e+02 1.575777153968811035e+02 1.074538135528564453e+01 1.000000000000000000e+01
4.227144579887390137e+02 1.571190977096557617e+02 1.171704196929931641e+01 1.000000000000000000e+01
4.221822710037231445e+02 1.568898496627807617e+02 1.142967033386230469e+01 1.000000000000000000e+01
4.227055978775024414e+02 1.573218579292297363e+02 1.138670921325683594e+01 1.000000000000000000e+01
4.219424600601196289e+02 1.561211686134338379e+02 1.109894371032714844e+01 1.000000000000000000e+01
4.218513674736022949e+02 1.561764492988586426e+02 1.097571277618408203e+01 1.000000000000000000e+01
4.219674940109252930e+02 1.568878369331359863e+02 1.035227012634277344e+01 1.000000000000000000e+01
4.207046389579772949e+02 1.570088539123535156e+02 1.052839756011962891e+01 1.000000000000000000e+01
4.205315046310424805e+02 1.565501823425292969e+02 1.117885017395019531e+01 1.000000000000000000e+01
4.197122082710266113e+02 1.560434775352478027e+02 1.091622066497802734e+01 1.000000000000000000e+01
4.199707431793212891e+02 1.554503922462463379e+02 1.088169860839843750e+01 1.000000000000000000e+01
4.201274213790893555e+02 1.561189184188842773e+02 1.056483268737792969e+01 1.000000000000000000e+01
4.194468770027160645e+02 1.559620065689086914e+02 1.084142589569091797e+01 1.000000000000000000e+01
4.185417160987854004e+02 1.560554695129394531e+02 1.080998897552490234e+01 1.000000000000000000e+01
4.182547883987426758e+02 1.557331595420837402e+02 1.101636314392089844e+01 1.000000000000000000e+01
4.177723822593688965e+02 1.553148703575134277e+02 1.070840549468994141e+01 1.000000000000000000e+01
4.178913588523864746e+02 1.550153779983520508e+02 1.065925312042236328e+01 1.000000000000000000e+01
4.175715117454528809e+02 1.549347095489501953e+02 1.104604816436767578e+01 1.000000000000000000e+01
4.167230100631713867e+02 1.553227372169494629e+02 1.048884010314941406e+01 1.000000000000000000e+01
4.173873362541198730e+02 1.547359566688537598e+02 1.031315708160400391e+01 1.000000000000000000e+01
4.166705460548400879e+02 1.548874831199645996e+02 1.015887355804443359e+01 1.000000000000000000e+01
4.165329518318176270e+02 1.554403181076049805e+02 1.031368160247802734e+01 1.000000000000000000e+01
4.161310658454895020e+02 1.545860428810119629e+02 1.050050640106201172e+01 1.000000000000000000e+01
4.153766326904296875e+02 1.541443772315979004e+02 1.047680664062500000e+01 1.000000000000000000e+01
4.153553194999694824e+02 1.533818483352661133e+02 1.106840610504150391e+01 1.000000000000000000e+01
4.152778620719909668e+02 1.537757782936096191e+02 1.024060535430908203e+01 1.000000000000000000e+01
4.144874973297119141e+02 1.540764479637145996e+02 1.026195144653320312e+01 1.000000000000000000e+01
4.141520066261291504e+02 1.534734921455383301e+02 1.120371150970458984e+01 1.000000000000000000e+01
4.139586310386657715e+02 1.536568937301635742e+02 1.081064319610595703e+01 1.000000000000000000e+01
4.139347143173217773e+02 1.532107605934143066e+02 1.089282417297363281e+01 1.000000000000000000e+01
4.136697483062744141e+02 1.532417793273925781e+02 1.045584869384765625e+01 1.000000000000000000e+01
4.135127544403076172e+02 1.525142245292663574e+02 1.056158065795898438e+01 1.000000000000000000e+01
4.126606354713439941e+02 1.527946429252624512e+02 1.024325084686279297e+01 1.000000000000000000e+01
4.128718152046203613e+02 1.535392284393310547e+02 1.000000000000000000e+01 1.000000000000000000e+01
4.122592186927795410e+02 1.524046583175659180e+02 1.001477432250976562e+01 1.000000000000000000e+01
4.117766270637512207e+02 1.527504196166992188e+02 1.000000000000000000e+01 1.000000000000000000e+01
4.119927463531494141e+02 1.519413948059082031e+02 1.000000000000000000e+01 1.000000000000000000e+01
4.116191377639770508e+02 1.520455017089843750e+02 1.000795936584472656e+01 1.000000000000000000e+01
4.114009881019592285e+02 1.511979289054870605e+02 1.001914882659912109e+01 1.000000000000000000e+01
4.109283242225646973e+02 1.517698502540588379e+02 1.000000000000000000e+01 1.000000000000000000e+01
4.107796292304992676e+02 1.519441709518432617e+02 1.031104278564453125e+01 1.000000000000000000e+01
4.110521149635314941e+02 1.524227867126464844e+02 1.030781555175781250e+01 1.000000000000000000e+01
4.099554142951965332e+02 1.510799856185913086e+02 1.059129333496093750e+01 1.000000000000000000e+01
4.102202291488647461e+02 1.515096807479858398e+02 1.012845897674560547e+01 1.000000000000000000e+01
4.094260673522949219e+02 1.512126331329345703e+02 1.038961505889892578e+01 1.000000000000000000e+01
4.093545160293579102e+02 1.509614152908325195e+02 1.054856014251708984e+01 1.000000000000000000e+01
4.084591917991638184e+02 1.507851233482360840e+02 1.045834922790527344e+01 1.000000000000000000e+01
4.092901411056518555e+02 1.511663808822631836e+02 1.005980205535888672e+01 1.000000000000000000e+01
4.085820183753967285e+02 1.500521502494812012e+02 1.022570419311523438e+01 1.000000000000000000e+01
4.090321655273437500e+02 1.497027688026428223e+02 1.015193271636962891e+01 1.000000000000000000e+01
4.079788761138916016e+02 1.498335161209106445e+02 1.000000000000000000e+01 1.000000000000000000e+01
4.081834692955017090e+02 1.497730245590209961e+02 1.018792057037353516e+01 1.000000000000000000e+01
4.074569163322448730e+02 1.499476885795593262e+02 1.000000000000000000e+01 1.000000000000000000e+01
4.081798458099365234e+02 1.496981062889099121e+02 1.000000000000000000e+01 1.000000000000000000e+01
4.074800796508789062e+02 1.490163106918334961e+02 1.028170776367187500e+01 1.000000000000000000e+01
4.074465894699096680e+02 1.491034917831420898e+02 1.000000000000000000e+01 1.000000000000000000e+01
4.075145850181579590e+02 1.491771550178527832e+02 1.000000000000000000e+01 1.000000000000000000e+01
4.064782571792602539e+02 1.488464360237121582e+02 1.000000000000000000e+01 1.000000000000000000e+01
4.072009801864624023e+02 1.486397051811218262e+02 1.000000000000000000e+01 1.000000000000000000e+01
4.067100529670715332e+02 1.488523998260498047e+02 1.000000000000000000e+01 1.000000000000000000e+01
4.059772567749023438e+02 1.486709861755371094e+02 1.000000000000000000e+01 1.000000000000000000e+01
4.061187133789062500e+02 1.484781413078308105e+02 1.000000000000000000e+01 1.000000000000000000e+01
4.056395349502563477e+02 1.489461202621459961e+02 1.000000000000000000e+01 1.000000000000000000e+01
4.047819876670837402e+02 1.474871110916137695e+02 1.001042461395263672e+01 1.000000000000000000e+01
4.056632914543151855e+02 1.479136943817138672e+02 1.000000000000000000e+01 1.000000000000000000e+01
4.044875121116638184e+02 1.472185997962951660e+02 1.005401992797851562e+01 1.000000000000000000e+01
4.046179218292236328e+02 1.480062475204467773e+02 1.000000000000000000e+01 1.000000000000000000e+01
4.038952598571777344e+02 1.483343095779418945e+02 1.002307510375976562e+01 1.000000000000000000e+01
4.046225585937500000e+02 1.476093921661376953e+02 1.044918441772460938e+01 1.000000000000000000e+01
4.041393971443176270e+02 1.478686032295227051e+02 1.014377498626708984e+01 1.000000000000000000e+01
4.033081750869750977e+02 1.477373414039611816e+02 1.040038490295410156e+01 1.000000000000000000e+01
4.033784794807434082e+02 1.475361738204956055e+02 1.000000000000000000e+01 1.000000000000000000e+01
4.037490491867065430e+02 1.468319854736328125e+02 1.000000000000000000e+01 1.000000000000000000e+01
4.026902651786804199e+02 1.468950438499450684e+02 1.000000000000000000e+01 1.000000000000000000e+01
4.023122720718383789e+02 1.468906593322753906e+02 1.000000000000000000e+01 1.000000000000000000e+01
4.027447042465209961e+02 1.469319491386413574e+02 1.000000000000000000e+01 1.000000000000000000e+01
4.018660373687744141e+02 1.465168542861938477e+02 1.000000000000000000e+01 1.000000000000000000e+01
4.015780096054077148e+02 1.456148800849914551e+02 1.000000000000000000e+01 1.000000000000000000e+01
4.008943896293640137e+02 1.459559845924377441e+02 1.000000000000000000e+01 1.000000000000000000e+01
4.011302466392517090e+02 1.462828083038330078e+02 1.000000000000000000e+01 1.000000000000000000e+01
4.013454899787902832e+02 1.465248475074768066e+02 1.000000000000000000e+01 1.000000000000000000e+01
4.011980137825012207e+02 1.455501837730407715e+02 1.000000000000000000e+01 1.000000000000000000e+01
4.009927558898925781e+02 1.456198496818542480e+02 1.024231052398681641e+01 1.000000000000000000e+01
3.998036556243896484e+02 1.456368832588195801e+02 1.036602115631103516e+01 1.000000000000000000e+01
4.005221939086914062e+02 1.461828670501708984e+02 1.000000000000000000e+01 1.000000000000000000e+01
3.992943639755249023e+02 1.453435320854187012e+02 1.000000000000000000e+01 1.000000000000000000e+01
3.999448018074035645e+02 1.456212296485900879e+02 1.000000000000000000e+01 1.000000000000000000e+01
3.994114317893981934e+02 1.446596050262451172e+02 1.000000000000000000e+01 1.000000000000000000e+01
3.997564764022827148e+02 1.447739820480346680e+02 1.000000000000000000e+01 1.000000000000000000e+01
3.987941803932189941e+02 1.449279794692993164e+02 1.000000000000000000e+01 1.000000000000000000e+01
3.986321578025817871e+02 1.441696128845214844e+02 1.000000000000000000e+01 1.000000000000000000e+01
3.981480164527893066e+02 1.444131636619567871e+02 1.000000000000000000e+01 1.000000000000000000e+01
3.988130569458007812e+02 1.445574655532836914e+02 1.000000000000000000e+01 1.000000000000000000e+01
3.981124672889709473e+02 1.435212597846984863e+02 1.000000000000000000e+01 1.000000000000000000e+01
3.984721097946166992e+02 1.439046871662139893e+02 1.000000000000000000e+01 1.000000000000000000e+01
3.982759518623352051e+02 1.441019704341888428e+02 1.000000000000000000e+01 1.000000000000000000e+01
3.984372200965881348e+02 1.442346098423004150e+02 1.000000000000000000e+01 1.000000000000000000e+01
3.985660881996154785e+02 1.438869020938873291e+02 1.000000000000000000e+01 1.000000000000000000e+01
3.971557550430297852e+02 1.426502707004547119e+02 1.000000000000000000e+01 1.000000000000000000e+01
3.977075424194335938e+02 1.429078528881072998e+02 1.000000000000000000e+01 1.000000000000000000e+01
3.968847041130065918e+02 1.433518393039703369e+02 1.000000000000000000e+01 1.000000000000000000e+01
3.968781991004943848e+02 1.435149319171905518e+02 1.000000000000000000e+01 1.000000000000000000e+01
3.964484415054321289e+02 1.422742426395416260e+02 1.000000000000000000e+01 1.000000000000000000e+01
3.975758910179138184e+02 1.428902451992034912e+02 1.000000000000000000e+01 1.000000000000000000e+01
3.962942323684692383e+02 1.425108850002288818e+02 1.000000000000000000e+01 1.000000000000000000e+01
3.973845286369323730e+02 1.410236852169036865e+02 1.000000000000000000e+01 1.000000000000000000e+01
3.965526528358459473e+02 1.420733969211578369e+02 1.000000000000000000e+01 1.000000000000000000e+01
3.958961696624755859e+02 1.420247046947479248e+02 1.000000000000000000e+01 1.000000000000000000e+01
3.962954883575439453e+02 1.428779652118682861e+02 1.000000000000000000e+01 1.000000000000000000e+01
3.962131896018981934e+02 1.424297430515289307e+02 1.000000000000000000e+01 1.000000000000000000e+01
3.959649863243103027e+02 1.427805306911468506e+02 1.000000000000000000e+01 1.000000000000000000e+01
3.961690073013305664e+02 1.418354928493499756e+02 1.000000000000000000e+01 1.000000000000000000e+01
3.959784803390502930e+02 1.418440229892730713e+02 1.000000000000000000e+01 1.000000000000000000e+01
3.956121768951416016e+02 1.420838911533355713e+02 1.000000000000000000e+01 1.000000000000000000e+01
3.950546665191650391e+02 1.420300772190093994e+02 1.000000000000000000e+01 1.000000000000000000e+01
3.954011282920837402e+02 1.417287824153900146e+02 1.000000000000000000e+01 1.000000000000000000e+01
3.958285984992980957e+02 1.414786932468414307e+02 1.000000000000000000e+01 1.000000000000000000e+01
3.948825550079345703e+02 1.416436278820037842e+02 1.000000000000000000e+01 1.000000000000000000e+01
3.948828597068786621e+02 1.407223751544952393e+02 1.000000000000000000e+01 1.000000000000000000e+01
3.946896772384643555e+02 1.410112078189849854e+02 1.000000000000000000e+01 1.000000000000000000e+01
3.941006302833557129e+02 1.411584036350250244e+02 1.000000000000000000e+01 1.000000000000000000e+01
3.945841174125671387e+02 1.406583335399627686e+02 1.000000000000000000e+01 1.000000000000000000e+01
3.938663444519042969e+02 1.403928282260894775e+02 1.000000000000000000e+01 1.000000000000000000e+01
3.940416731834411621e+02 1.410072371959686279e+02 1.000000000000000000e+01 1.000000000000000000e+01
3.939788150787353516e+02 1.401104786396026611e+02 1.000000000000000000e+01 1.000000000000000000e+01
3.932033309936523438e+02 1.406102364063262939e+02 1.000000000000000000e+01 1.000000000000000000e+01
3.923288645744323730e+02 1.396810009479522705e+02 1.039385318756103516e+01 1.000000000000000000e+01
3.900130386352539062e+02 1.398603260517120361e+02 1.269736862182617188e+01 1.000000000000000000e+01
3.901813817024230957e+02 1.307909147739410400e+02 1.442896556854248047e+01 1.576490592956542969e+01
3.860774564743041992e+02 1.372598631381988525e+02 1.732674980163574219e+01 1.248413658142089844e+01
3.847041692733764648e+02 1.337532827854156494e+02 1.883537101745605469e+01 1.459094047546386719e+01
3.822351016998291016e+02 1.265764534473419189e+02 2.158515930175781250e+01 1.966343688964843750e+01
3.801625242233276367e+02 1.342363064289093018e+02 2.441817283630371094e+01 1.630522537231445312e+01
3.791664834022521973e+02 1.216655285358428955e+02 1.543448543548583984e+01 2.260779190063476562e+01
3.760657625198364258e+02 1.348148872852325439e+02 1.957357978820800781e+01 1.453990936279296875e+01
3.723657603263854980e+02 1.216059925556182861e+02 1.550364398956298828e+01 1.976394653320312500e+01
3.696217193603515625e+02 1.323420069217681885e+02 1.793970108032226562e+01 1.261829566955566406e+01
3.669047460556030273e+02 1.254314277172088623e+02 1.624994850158691406e+01 1.592535877227783203e+01
3.614721603393554688e+02 1.309128491878509521e+02 1.987615585327148438e+01 1.256471157073974609e+01
3.599772548675537109e+02 1.264795234203338623e+02 1.771039962768554688e+01 1.434463214874267578e+01
3.560972170829772949e+02 1.240230982303619385e+02 1.498861026763916016e+01 1.405911445617675781e+01
3.521916522979736328e+02 1.261965548992156982e+02 1.792602539062500000e+01 1.225943470001220703e+01
3.495379519462585449e+02 1.211764733791351318e+02 1.362391376495361328e+01 1.569348812103271484e+01
3.484088754653930664e+02 1.263779265880584717e+02 1.407560157775878906e+01 1.167912387847900391e+01
3.435001606941223145e+02 1.170565464496612549e+02 1.286912059783935547e+01 1.678680419921875000e+01
3.356239299774169922e+02 1.253201897144317627e+02 2.098809051513671875e+01 1.118040084838867188e+01
3.347110686302185059e+02 1.147181684970855713e+02 1.349344730377197266e+01 1.809174156188964844e+01
3.309928798675537109e+02 1.249361646175384521e+02 1.560994720458984375e+01 1.210215282440185547e+01
3.277450242042541504e+02 1.142117359638214111e+02 1.300306606292724609e+01 1.756262588500976562e+01
3.249813709259033203e+02 1.226129887104034424e+02 1.608240890502929688e+01 1.000000000000000000e+01
3.194181070327758789e+02 1.132298214435577393e+02 1.251800727844238281e+01 1.692107391357421875e+01
3.128813419342041016e+02 1.179948627948760986e+02 1.679423904418945312e+01 1.092150115966796875e+01
3.126657009124755859e+02 1.175546376705169678e+02 1.286864471435546875e+01 1.000000000000000000e+01
3.054471116065979004e+02 1.138591163158416748e+02 1.419236660003662109e+01 1.188218116760253906e+01
3.018323221206665039e+02 1.163697464466094971e+02 1.572087287902832031e+01 1.263941669464111328e+01
2.989882011413574219e+02 1.100244081020355225e+02 1.347415542602539062e+01 1.338227462768554688e+01
2.920700826644897461e+02 1.156114122867584229e+02 1.974091911315917969e+01 1.071610164642333984e+01
2.930595731735229492e+02 1.072018797397613525e+02 1.189048194885253906e+01 1.532584667205810547e+01
2.873858947753906250e+02 1.145014073848724365e+02 1.813546752929687500e+01 1.000000000000000000e+01
2.851981310844421387e+02 1.054746768474578857e+02 1.242611408233642578e+01 1.411940193176269531e+01
2.736462917327880859e+02 1.125677587985992432e+02 1.848698425292968750e+01 1.000000000000000000e+01
2.783849477767944336e+02 1.055996811389923096e+02 1.109160041809082031e+01 1.232756614685058594e+01
2.703395872116088867e+02 1.087721564769744873e+02 1.547706413269042969e+01 1.115772533416748047e+01
2.716207146644592285e+02 1.044186093807220459e+02 1.547749233245849609e+01 1.099052143096923828e+01
2.599305248260498047e+02 1.048121926784515381e+02 1.750258636474609375e+01 1.000000000000000000e+01
2.626968970298767090e+02 1.052701008319854736e+02 1.433251667022705078e+01 1.000000000000000000e+01
2.569847898483276367e+02 9.950777649879455566e+01 1.385574531555175781e+01 1.242604255676269531e+01
2.547060737609863281e+02 1.045274531841278076e+02 1.651546859741210938e+01 1.000000000000000000e+01
2.514637279510498047e+02 9.588149523735046387e+01 1.188233184814453125e+01 1.341178131103515625e+01
2.508077645301818848e+02 1.012457101345062256e+02 1.167779827117919922e+01 1.013456916809082031e+01
2.480216646194458008e+02 9.434911370277404785e+01 1.000000000000000000e+01 1.335740375518798828e+01
2.437041683197021484e+02 1.000270564556121826e+02 1.400431632995605469e+01 1.111735534667968750e+01
2.426558175086975098e+02 9.533043932914733887e+01 1.000000000000000000e+01 1.073037338256835938e+01
2.327971920967102051e+02 9.492873311042785645e+01 1.539148330688476562e+01 1.041697216033935547e+01
2.352370796203613281e+02 9.642017507553100586e+01 1.336962223052978516e+01 1.000000000000000000e+01
2.297633199691772461e+02 9.050691032409667969e+01 1.359882640838623047e+01 1.172790431976318359e+01
2.290949788093566895e+02 9.507711744308471680e+01 1.601376342773437500e+01 1.000000000000000000e+01
2.267481651306152344e+02 8.724782228469848633e+01 1.132525348663330078e+01 1.421928977966308594e+01
2.276129474639892578e+02 9.140488958358764648e+01 1.000000000000000000e+01 1.000000000000000000e+01
2.242095093727111816e+02 8.813692474365234375e+01 1.000000000000000000e+01 1.013249874114990234e+01
2.229393286705017090e+02 8.973496508598327637e+01 1.299641227722167969e+01 1.000000000000000000e+01
2.165974793434143066e+02 8.922188258171081543e+01 1.450514602661132812e+01 1.000000000000000000e+01
2.129186568260192871e+02 8.289982533454895020e+01 1.401444435119628906e+01 1.083102321624755859e+01
2.151628618240356445e+02 8.626363301277160645e+01 1.349270153045654297e+01 1.050191402435302734e+01
2.150731329917907715e+02 8.083621191978454590e+01 1.206876564025878906e+01 1.030340385437011719e+01
2.131469726562500000e+02 8.312513279914855957e+01 1.015186786651611328e+01 1.000000000000000000e+01
2.076633009910583496e+02 8.335309433937072754e+01 1.122870254516601562e+01 1.000000000000000000e+01
2.066247696876525879e+02 7.765646290779113770e+01 1.074541664123535156e+01 1.000000000000000000e+01
2.089662218093872070e+02 8.033863663673400879e+01 1.000000000000000000e+01 1.000000000000000000e+01
2.055490717887878418e+02 7.896466803550720215e+01 1.021047115325927734e+01 1.000000000000000000e+01
1.996251640319824219e+02 7.502890324592590332e+01 1.195772171020507812e+01 1.000000000000000000e+01
2.039929723739624023e+02 7.829023623466491699e+01 1.036515998840332031e+01 1.000000000000000000e+01
2.002385849952697754e+02 7.555198216438293457e+01 1.124365901947021484e+01 1.000000000000000000e+01
2.005176258087158203e+02 7.499942111968994141e+01 1.000000000000000000e+01 1.000000000000000000e+01
1.974506139755249023e+02 7.511182117462158203e+01 1.041060829162597656e+01 1.000000000000000000e+01
1.970555839538574219e+02 7.208741879463195801e+01 1.000000000000000000e+01 1.000000000000000000e+01
1.973973822593688965e+02 7.285646843910217285e+01 1.000000000000000000e+01 1.000000000000000000e+01
1.911249318122863770e+02 7.239657521247863770e+01 1.125538063049316406e+01 1.000000000000000000e+01
1.945341782569885254e+02 6.963472247123718262e+01 1.000000000000000000e+01 1.000000000000000000e+01
1.948558945655822754e+02 6.998037743568420410e+01 1.000000000000000000e+01 1.000000000000000000e+01
1.881211943626403809e+02 6.982481598854064941e+01 1.112427330017089844e+01 1.000000000000000000e+01
1.921723351478576660e+02 6.737460637092590332e+01 1.000000000000000000e+01 1.000000000000000000e+01
1.901470875740051270e+02 6.834871840476989746e+01 1.000000000000000000e+01 1.000000000000000000e+01
1.875719261169433594e+02 6.792849612236022949e+01 1.000000000000000000e+01 1.000000000000000000e+01
1.901358366012573242e+02 6.548310589790344238e+01 1.000000000000000000e+01 1.000000000000000000e+01
1.902832536697387695e+02 6.734047889709472656e+01 1.000000000000000000e+01 1.000000000000000000e+01
1.850852499008178711e+02 6.572484135627746582e+01 1.153054809570312500e+01 1.000000000000000000e+01
1.901530928611755371e+02 6.448013687133789062e+01 1.000000000000000000e+01 1.000000000000000000e+01
1.904413075447082520e+02 6.468739128112792969e+01 1.020983695983886719e+01 1.000000000000000000e+01
1.903807783126831055e+02 6.422852420806884766e+01 1.000000000000000000e+01 1.000000000000000000e+01
1.900262374877929688e+02 6.337779688835144043e+01 1.000000000000000000e+01 1.000000000000000000e+01
1.905636048316955566e+02 6.290385556221008301e+01 1.000000000000000000e+01 1.000000000000000000e+01
1.840173254013061523e+02 6.201028656959533691e+01 1.115194225311279297e+01 1.000000000000000000e+01
1.917218480110168457e+02 5.961818051338195801e+01 1.203355789184570312e+01 1.000000000000000000e+01
1.918454384803771973e+02 5.937661576271057129e+01 1.098315429687500000e+01 1.000000000000000000e+01
1.912426486015319824e+02 6.068782877922058105e+01 1.095499610900878906e+01 1.000000000000000000e+01
1.909424247741699219e+02 5.824939703941345215e+01 1.031196308135986328e+01 1.000000000000000000e+01
1.933845710754394531e+02 5.336443161964416504e+01 1.000000000000000000e+01 1.105800533294677734e+01
1.933623437881469727e+02 5.327120471000671387e+01 1.003395652770996094e+01 1.182378578186035156e+01
1.889156007766723633e+02 5.201616120338439941e+01 1.398538398742675781e+01 1.214769649505615234e+01
1.900186676979064941e+02 5.288950657844543457e+01 1.380192470550537109e+01 1.205043125152587891e+01
1.882049365043640137e+02 5.116451954841613770e+01 1.328207874298095703e+01 1.205223178863525391e+01
1.883655004501342773e+02 4.998244500160217285e+01 1.412224769592285156e+01 1.299663448333740234e+01
1.890910797119140625e+02 5.008061289787292480e+01 1.290879440307617188e+01 1.250813865661621094e+01
1.881733026504516602e+02 4.718469119071960449e+01 1.348482704162597656e+01 1.333572959899902344e+01
1.858150377273559570e+02 4.739335179328918457e+01 1.512891578674316406e+01 1.225834369659423828e+01
1.857797751426696777e+02 4.747583031654357910e+01 1.491609668731689453e+01 1.377852916717529297e+01
1.871406145095825195e+02 4.784772896766662598e+01 1.347713661193847656e+01 1.124754238128662109e+01
1.858055796623229980e+02 4.511619353294372559e+01 1.394152927398681641e+01 1.211925888061523438e+01
1.833282122611999512e+02 4.681069827079772949e+01 1.514621067047119141e+01 1.174104881286621094e+01
1.844767270088195801e+02 4.649011349678039551e+01 1.160758876800537109e+01 1.206957721710205078e+01
1.828597145080566406e+02 4.438831830024719238e+01 1.356576919555664062e+01 1.032948398590087891e+01
1.804608774185180664e+02 4.385444331169128418e+01 1.401463508605957031e+01 1.255645942687988281e+01
1.819539241790771484e+02 4.534197211265563965e+01 1.360363769531250000e+01 1.378591918945312500e+01
1.798257799148559570e+02 4.322819304466247559e+01 1.321107673645019531e+01 1.128864288330078125e+01
1.761464610099792480e+02 4.541691470146179199e+01 1.421118259429931641e+01 1.118481254577636719e+01
1.757693471908569336e+02 4.673476004600524902e+01 1.227734184265136719e+01 1.159746551513671875e+01
1.760731024742126465e+02 4.415577101707458496e+01 1.154734897613525391e+01 1.058195495605468750e+01
1.730370092391967773e+02 4.660726809501647949e+01 1.299411582946777344e+01 1.040788841247558594e+01
1.702582821846008301e+02 4.994799971580505371e+01 1.056514263153076172e+01 1.066282653808593750e+01
1.722810201644897461e+02 4.558973908424377441e+01 1.162518882751464844e+01 1.079684734344482422e+01
1.655681266784667969e+02 4.670436453819274902e+01 1.395938873291015625e+01 1.112300109863281250e+01
1.668563628196716309e+02 4.910683894157409668e+01 1.000000000000000000e+01 1.026051139831542969e+01
1.658632946014404297e+02 4.749991345405578613e+01 1.333600139617919922e+01 1.000000000000000000e+01
1.613775629997253418e+02 5.097046971321105957e+01 1.284334182739257812e+01 1.000000000000000000e+01
