1.500000000000000000e+01 1.440000000000000000e+02 2.100000000000000000e+01 4.500000000000000000e+01
1.569198989868164773e+01 1.435558967590332031e+02 2.110533905029296875e+01 4.592664337158203125e+01
1.672224617004395242e+01 1.431836929321289062e+02 2.037765121459960938e+01 4.623078155517578125e+01
1.831980895996095171e+01 1.422571067810058594e+02 1.979870605468750000e+01 4.748097991943359375e+01
1.875403499603273616e+01 1.433907260894775391e+02 1.942001533508300781e+01 4.688414382934570312e+01
1.952015209198000179e+01 1.423652400970458984e+02 2.100209999084472656e+01 4.746987533569335938e+01
2.029485797882082210e+01 1.417590065002441406e+02 2.092293357849121094e+01 4.760734558105468750e+01
2.289645576477052913e+01 1.432909317016601562e+02 2.316448593139648438e+01 4.626999664306640625e+01
2.445734977722170100e+01 1.435463924407958984e+02 2.553514480590820312e+01 4.586729049682617188e+01
2.588194656372072444e+01 1.434931221008300781e+02 2.678609466552734375e+01 4.628269958496093750e+01
2.657579994201662288e+01 1.431916847229003906e+02 2.939153671264648438e+01 4.726495361328125000e+01
2.808833980560304866e+01 1.443648815155029297e+02 2.894771003723144531e+01 4.543230819702148438e+01
2.851566219329836116e+01 1.442219028472900391e+02 2.852736091613769531e+01 4.612518692016601562e+01
2.994291877746584163e+01 1.442600440979003906e+02 2.852512741088867188e+01 4.633915710449218750e+01
3.162761878967287288e+01 1.445604820251464844e+02 2.787360763549804688e+01 4.579325866699218750e+01
3.407935523986818538e+01 1.439494743347167969e+02 2.489118576049804688e+01 4.584851074218750000e+01
3.452519035339357600e+01 1.435677299499511719e+02 2.363484573364257812e+01 4.614291381835937500e+01
3.749730682373049007e+01 1.431228961944580078e+02 2.117564392089843750e+01 4.675267410278320312e+01
3.903872203826906429e+01 1.427499370574951172e+02 2.022281837463378906e+01 4.747952651977539062e+01
3.994875144958498225e+01 1.422481651306152344e+02 2.141452407836914062e+01 4.775384521484375000e+01
4.120726394653322444e+01 1.415808467864990234e+02 2.255570220947265625e+01 4.804653549194335938e+01
4.319316577911379085e+01 1.408188800811767578e+02 2.419386863708496804e+01 4.811302566528320312e+01
4.447604179382327061e+01 1.426117496490478516e+02 2.490311050415039062e+01 4.714088821411132812e+01
4.570098018646243077e+01 1.405915985107421875e+02 2.649130439758300781e+01 4.915769195556640625e+01
4.703929805755618077e+01 1.412269306182861328e+02 2.798658943176269531e+01 4.779751968383789062e+01
4.882900333404543858e+01 1.398568248748779297e+02 2.628928947448730469e+01 4.990264511108398438e+01
5.193062114715579014e+01 1.430585136413574219e+02 2.534653663635253906e+01 4.660432434082031250e+01
5.325005626678469639e+01 1.434442958831787109e+02 2.373766517639160156e+01 4.708324813842773438e+01
5.631709671020510655e+01 1.405224189758300781e+02 2.203437042236328125e+01 4.892851257324218750e+01
5.827647590637209873e+01 1.423536586761474609e+02 2.148972702026367188e+01 4.806180953979492188e+01
6.023028945922854405e+01 1.393559360504150391e+02 2.314710235595703125e+01 5.026548385620117188e+01
6.284649085998537998e+01 1.383775596618652344e+02 2.399879074096679688e+01 5.239452362060546875e+01
6.208111953735354405e+01 1.385205898284912109e+02 2.524140167236328125e+01 4.995575332641601562e+01
6.443010330200198155e+01 1.391019210815429688e+02 2.350185394287109375e+01 5.211186218261718750e+01
6.537917423248293858e+01 1.377769756317138672e+02 2.317368888854980469e+01 5.333307266235351562e+01
6.641406440734866123e+01 1.358190364837646484e+02 2.465430831909179688e+01 5.450311660766601562e+01
6.796794414520266514e+01 1.349746093750000000e+02 2.574743080139160156e+01 5.478236389160156250e+01
7.070570564270022373e+01 1.377269821166992188e+02 3.378377914428710938e+01 5.207002258300781250e+01
7.077378463745120030e+01 1.375093116760253906e+02 3.588478851318359375e+01 5.525099945068359375e+01
7.314617538452151280e+01 1.426126708984375000e+02 3.677404022216796875e+01 5.288006591796875000e+01
7.300322151184084873e+01 1.461802539825439453e+02 3.869251632690429688e+01 4.716094589233398438e+01
7.373052406311037998e+01 1.473847599029541016e+02 3.617214584350585938e+01 4.914110946655273438e+01
7.665888404846194248e+01 1.451839084625244141e+02 3.733770370483398438e+01 4.698949813842773438e+01
7.966335105895998936e+01 1.423591690063476562e+02 3.918320083618164062e+01 6.003218078613281250e+01
7.791866302490237217e+01 1.461642684936523438e+02 4.125550842285156250e+01 7.613659667968750000e+01
7.626338195800784092e+01 1.417914505004882812e+02 4.548121643066406250e+01 8.878428649902343750e+01
8.325804519653323155e+01 1.442932319641113281e+02 5.018527984619140625e+01 7.220914459228515625e+01
6.917939949035647373e+01 1.448970279693603516e+02 4.988611984252929688e+01 5.957694625854492188e+01
7.905579757690432530e+01 1.429535751342773438e+02 4.134468841552734375e+01 7.267105102539062500e+01
6.864037322998049717e+01 1.366957244873046875e+02 5.133303833007812500e+01 7.390863037109375000e+01
8.062772941589358311e+01 1.467037124633789062e+02 4.085643386840820312e+01 9.631187438964843750e+01
7.709790611267092686e+01 1.428728866577148438e+02 4.713333511352539062e+01 8.182513427734375000e+01
7.474510002136231890e+01 1.255037727355957031e+02 5.139009475708007812e+01 8.475238800048828125e+01
8.000436973571778765e+01 1.361614265441894531e+02 5.399765396118162641e+01 7.995688629150390625e+01
6.226783752441406250e+01 1.292388916015625000e+02 5.437727355957031250e+01 7.200834655761718750e+01
7.816296386718750000e+01 1.412996673583984375e+02 4.700975036621093750e+01 7.597770690917968750e+01
7.726758193969726562e+01 1.474680938720703125e+02 4.502304840087890625e+01 5.712652587890625000e+01
7.461971664428710938e+01 1.461347122192382812e+02 4.570751190185546875e+01 4.952558898925781250e+01
7.540489768981933594e+01 1.483213043212890625e+02 4.691524124145507812e+01 4.020910644531250000e+01
8.906442642211914062e+01 1.438574447631835938e+02 3.685117340087890625e+01 4.333834838867187500e+01
9.725333595275878906e+01 1.421786403656005859e+02 3.450530624389648438e+01 4.611841201782226562e+01
1.068327074050903320e+02 1.396282291412353516e+02 2.657782554626464844e+01 4.626227951049804688e+01
1.086031408309936523e+02 1.407031517028808594e+02 2.489993476867675781e+01 4.407216644287109375e+01
1.098717193603515625e+02 1.417024154663085938e+02 2.362828063964843750e+01 4.200859069824218750e+01
1.106392993927001953e+02 1.433820877075195312e+02 2.570937728881835938e+01 4.068312072753906250e+01
1.121132240295410156e+02 1.406140823364257812e+02 2.561389923095703125e+01 4.436694335937500000e+01
1.144368991851806641e+02 1.398986835479736328e+02 2.374433517456054688e+01 4.565612411499023438e+01
1.146208515167236328e+02 1.376989974975585938e+02 2.414512252807617188e+01 4.742263793945312500e+01
1.141063499450683594e+02 1.389002170562744141e+02 2.472811126708984375e+01 4.693929672241210938e+01
1.177937746047973633e+02 1.370236854553222656e+02 2.338727378845214844e+01 4.975701141357421875e+01
1.188442354202270508e+02 1.373108959197998047e+02 2.178104209899902344e+01 4.755617141723632812e+01
1.209346580505371094e+02 1.361605377197265625e+02 2.267835235595703125e+01 4.764021301269531250e+01
1.223326902389526367e+02 1.354712181091308594e+02 2.471178627014160156e+01 5.044516754150390625e+01
1.229259300231933594e+02 1.345179595947265625e+02 2.643921661376953125e+01 5.141864013671875000e+01
1.240924978256225586e+02 1.372757282257080078e+02 2.783937263488769531e+01 4.976990890502929688e+01
1.256393451690673828e+02 1.335196704864501953e+02 2.775997543334960938e+01 5.072585678100585938e+01
1.270636606216430664e+02 1.375909309387207031e+02 2.947999382019042969e+01 4.619947052001953125e+01
1.272543478012084961e+02 1.358059349060058594e+02 2.797560310363769531e+01 4.791507720947265625e+01
1.284826774597167969e+02 1.378605632781982422e+02 2.646140289306640625e+01 4.626774978637695312e+01
1.306400604248046875e+02 1.371988296508789062e+02 2.483233642578125000e+01 4.591270446777343750e+01
1.324132881164550781e+02 1.366818542480468750e+02 2.432886505126953125e+01 4.691261291503906250e+01
1.339936666488647461e+02 1.367104873657226562e+02 2.198687934875488281e+01 4.540280151367187500e+01
1.350599060058593750e+02 1.372013626098632812e+02 2.261735534667968750e+01 4.441337585449218750e+01
1.369942378997802734e+02 1.372016391754150391e+02 2.140927505493164062e+01 4.134878158569335938e+01
1.367452869415283203e+02 1.348956718444824219e+02 2.102145767211914062e+01 4.957316589355468750e+01
1.388209543228149414e+02 1.354143180847167969e+02 1.976032066345214844e+01 4.281374359130859375e+01
1.392391986846923828e+02 1.356002254486083984e+02 2.130753707885742188e+01 4.597847366333007812e+01
1.390835380554199219e+02 1.351558170318603516e+02 2.360033416748046875e+01 4.645201492309570312e+01
1.421220788955688477e+02 1.346440429687500000e+02 2.254856681823730469e+01 4.948334503173828125e+01
1.431660232543945312e+02 1.368897247314453125e+02 2.235929870605468750e+01 4.483155059814453125e+01
1.433550491333007812e+02 1.373857517242431641e+02 2.170343780517578125e+01 4.136659622192382812e+01
1.437992086410522461e+02 1.368622875213623047e+02 2.359092903137207031e+01 4.586845779418945312e+01
1.441119565963745117e+02 1.358508834838867188e+02 2.394924354553222656e+01 4.391581726074218750e+01
1.485960836410522461e+02 1.374034080505371094e+02 2.582977485656738281e+01 4.343817901611328125e+01
1.465746164321899414e+02 1.371238536834716797e+02 2.667660331726074219e+01 4.405640029907226562e+01
1.469329605102539062e+02 1.367527923583984375e+02 2.719921875000000000e+01 4.647602844238281250e+01
1.518030757904052734e+02 1.361097946166992188e+02 3.032497024536132812e+01 4.859703063964843750e+01
1.525472259521484375e+02 1.366453628540039062e+02 3.260140991210937500e+01 4.884672546386718750e+01
1.526994590759277344e+02 1.350601654052734375e+02 3.092963409423828125e+01 5.050180053710937500e+01
1.533241405487060547e+02 1.343493747711181641e+02 3.143454360961914062e+01 5.267557907104492188e+01
1.552653350830078125e+02 1.331748542785644531e+02 3.267312622070312500e+01 5.280016326904296875e+01
1.574129734039306641e+02 1.337863521575927734e+02 3.398257064819335938e+01 5.334682083129882812e+01
1.587258043289184570e+02 1.328087787628173828e+02 3.118854331970214844e+01 5.405442428588867188e+01
1.606592741012573242e+02 1.357301616668701172e+02 3.174147987365722656e+01 5.269430923461914062e+01
1.621359195709228516e+02 1.359846515655517578e+02 3.034046554565429688e+01 5.106156539916992188e+01
1.667988157272338867e+02 1.347182865142822266e+02 2.724579811096191406e+01 5.007468795776367188e+01
1.680723648071289062e+02 1.354758205413818359e+02 2.847491455078125000e+01 5.088879776000976562e+01
1.693279018402099609e+02 1.369275455474853516e+02 2.886455154418945312e+01 4.974795150756835938e+01
1.721488180160522461e+02 1.347505111694335938e+02 2.683442878723144531e+01 5.108415222167968750e+01
1.768204040527343750e+02 1.350579051971435547e+02 3.095094299316406250e+01 4.732449722290039062e+01
1.806766662597656250e+02 1.412168655395507812e+02 4.257202148437500000e+01 4.123710632324218750e+01
1.702273845672607422e+02 1.341181774139404297e+02 3.757881546020507812e+01 4.664801406860351562e+01
1.793323392868041992e+02 1.352000732421875000e+02 2.943836402893066406e+01 5.088905334472656250e+01
1.801879711151123047e+02 1.349114456176757812e+02 3.273512649536132812e+01 4.656439208984375000e+01
1.822573623657226562e+02 1.341508007049560547e+02 4.799311828613281250e+01 4.652760696411132812e+01
1.834069805145263672e+02 1.323246746063232422e+02 4.354538345336914062e+01 5.028607559204101562e+01
1.845609626770019531e+02 1.322731418609619141e+02 4.024900054931640625e+01 4.919553756713867188e+01
1.839178256988525391e+02 1.320132637023925781e+02 4.038579940795898438e+01 4.756636810302734375e+01
1.832043361663818359e+02 1.321908130645751953e+02 4.184930801391601562e+01 4.919926071166992188e+01
1.911924514770507812e+02 1.343238773345947266e+02 3.764613342285156250e+01 4.459160995483398438e+01
1.919427795410156250e+02 1.325993347167968750e+02 3.639884948730468750e+01 4.620812988281250000e+01
1.930799598693847656e+02 1.335987892150878906e+02 3.794332122802734375e+01 4.578270721435546875e+01
1.934031963348388672e+02 1.327368049621582031e+02 3.692497634887695312e+01 4.575894927978515625e+01
1.976933879852294922e+02 1.328889751434326172e+02 3.600712966918945312e+01 4.553039932250976562e+01
1.980455150604248047e+02 1.305406532287597656e+02 3.689580154418945312e+01 4.673584747314453125e+01
1.976273021697998047e+02 1.320461883544921875e+02 3.506253433227539062e+01 4.616101074218750000e+01
1.995779342651367188e+02 1.299788284301757812e+02 3.543911743164062500e+01 4.726922607421875000e+01
2.032070980072021484e+02 1.309645080566406250e+02 3.104419326782226562e+01 4.699371337890625000e+01
2.064542560577392578e+02 1.301651840209960938e+02 2.772178268432617188e+01 4.757829284667968750e+01
2.095139141082763672e+02 1.299523506164550781e+02 2.449280166625976562e+01 4.681790924072265625e+01
2.115651655197143555e+02 1.318442096710205078e+02 2.446936988830566406e+01 4.234702682495117188e+01
2.138767976760864258e+02 1.313334617614746094e+02 2.638699913024902344e+01 4.039480590820312500e+01
2.133519382476806641e+02 1.326865978240966797e+02 2.686820602416992188e+01 3.821047592163085938e+01
2.169215717315673828e+02 1.318516902923583984e+02 2.507322311401367188e+01 4.455504989624023438e+01
2.196961946487426758e+02 1.312150440216064453e+02 2.467549705505371094e+01 4.424356460571289062e+01
2.207190790176391602e+02 1.310876960754394531e+02 2.286153984069824219e+01 4.532376098632812500e+01
2.234997749328613281e+02 1.318184642791748047e+02 2.234484100341796875e+01 4.212289810180664062e+01
2.265423564910888672e+02 1.317462882995605469e+02 2.124570846557617188e+01 3.951831054687500000e+01
2.272762069702148438e+02 1.289954872131347656e+02 2.074160003662109375e+01 4.418661499023437500e+01
2.278204402923583984e+02 1.304422798156738281e+02 2.071934127807617188e+01 4.589975738525390625e+01
2.311873006820678711e+02 1.293927555084228516e+02 1.973095130920410156e+01 4.457282638549804688e+01
2.319446344375610352e+02 1.293104286193847656e+02 2.123380088806152344e+01 4.375154113769531250e+01
2.327860040664672852e+02 1.313284587860107422e+02 2.146280479431152344e+01 4.117522048950195312e+01
2.340007743835449219e+02 1.303398036956787109e+02 2.268163299560546875e+01 4.375732803344726562e+01
2.355691871643066406e+02 1.290792884826660156e+02 2.496614837646484375e+01 4.475516510009765625e+01
2.372241096496582031e+02 1.300075263977050781e+02 2.788254547119140625e+01 4.773352813720703125e+01
2.402705974578857422e+02 1.286344394683837891e+02 2.777078628540039062e+01 4.770969772338867188e+01
2.423388242721557617e+02 1.298199939727783203e+02 2.686754798889160156e+01 4.717269515991210938e+01
2.450516328811645508e+02 1.263125476837158203e+02 2.501141929626464844e+01 5.045981979370117188e+01
2.466787815093994141e+02 1.280401916503906250e+02 2.388108444213867188e+01 4.911798095703125000e+01
2.488308544158935547e+02 1.280178165435791016e+02 2.215974807739257812e+01 5.004424667358398438e+01
2.505810441970825195e+02 1.280765800476074219e+02 2.071164512634277344e+01 4.981420135498046875e+01
2.509548616409301758e+02 1.279352798461914062e+02 2.027515220642089844e+01 5.214019775390625000e+01
2.525254096984863281e+02 1.267080821990966797e+02 1.865503692626953125e+01 5.038754653930664062e+01
2.535430536270141602e+02 1.277396678924560547e+02 1.901144218444824219e+01 5.148763656616210938e+01
2.542335910797119141e+02 1.277920017242431641e+02 2.104218673706054688e+01 5.316241073608398438e+01
2.557772102355957031e+02 1.269335746765136719e+02 2.411899566650390625e+01 5.183029937744140625e+01
2.575085639953613281e+02 1.256188373565673828e+02 2.639011383056640625e+01 5.197692489624023438e+01
2.599759712219238281e+02 1.264456253051757812e+02 2.743196868896484375e+01 5.058750915527343750e+01
2.601710519790649414e+02 1.257492809295654297e+02 2.977458000183105469e+01 5.184650039672851562e+01
2.609129800796508789e+02 1.245582447052001953e+02 3.067382621765136719e+01 5.400666427612304688e+01
2.623404150009155273e+02 1.257875938415527344e+02 3.028788948059082031e+01 5.224303436279296875e+01
2.649411687850952148e+02 1.247102813720703125e+02 2.845047187805175781e+01 5.210566711425781250e+01
2.666777753829956055e+02 1.265772399902343750e+02 2.647562599182128906e+01 5.040792846679687500e+01
2.706113634109497070e+02 1.254681262969970703e+02 2.271739768981933594e+01 5.115423202514648438e+01
2.729897546768188477e+02 1.256553401947021484e+02 2.136007499694824219e+01 5.021214675903320312e+01
2.748016471862792969e+02 1.254544601440429688e+02 2.023767852783203125e+01 5.078373718261718750e+01
2.758238716125488281e+02 1.256516819000244141e+02 2.050391387939453125e+01 5.045821762084960938e+01
2.765666837692260742e+02 1.258085746765136719e+02 2.057320594787597656e+01 5.045072174072265625e+01
2.793442811965942383e+02 1.254138660430908203e+02 2.077950096130371094e+01 5.034377670288085938e+01
2.800516614913940430e+02 1.251990718841552734e+02 2.395983314514160156e+01 5.062414932250976562e+01
2.824624938964843750e+02 1.245319995880126953e+02 2.623318481445312500e+01 5.205009078979492188e+01
2.834515228271484375e+02 1.248309593200683594e+02 2.856655883789062500e+01 5.107395172119140625e+01
2.849660005569458008e+02 1.241816921234130859e+02 2.944095420837402344e+01 5.222424697875976562e+01
2.857961273193359375e+02 1.254122829437255859e+02 2.910459899902343750e+01 5.059549331665039062e+01
2.869727754592895508e+02 1.242042312622070312e+02 2.905689048767089844e+01 5.188449096679687500e+01
2.876085395812988281e+02 1.256421890258789062e+02 2.794011688232421875e+01 5.135316467285156250e+01
2.909211521148681641e+02 1.262356014251708984e+02 2.467293930053710938e+01 4.965983963012695312e+01
2.940090847015380859e+02 1.237707862854003906e+02 2.241681289672851562e+01 5.087961578369140625e+01
2.954371976852416992e+02 1.242942047119140625e+02 2.142339515686035156e+01 5.080381774902343750e+01
2.978534555435180664e+02 1.233426074981689453e+02 1.945605278015136719e+01 5.115784835815429688e+01
2.985084323883056641e+02 1.238132362365722656e+02 1.941025924682617188e+01 5.177062225341796875e+01
2.993213768005371094e+02 1.243662147521972656e+02 2.107164764404296875e+01 5.104948425292968750e+01
3.013404903411865234e+02 1.237625427246093750e+02 2.083847427368164062e+01 5.500026702880859375e+01
3.031835680007934570e+02 1.248616390228271484e+02 2.303902244567871094e+01 5.422201156616210938e+01
3.040188827514648438e+02 1.274893245697021484e+02 2.818881225585937500e+01 5.369631576538085938e+01
3.042172193527221680e+02 1.263818225860595703e+02 2.844208717346191406e+01 5.537173843383789062e+01
3.064074287414550781e+02 1.272533226013183594e+02 2.477768707275390625e+01 5.388819885253906250e+01
3.087750072479248047e+02 1.253679275512695312e+02 2.484347915649414062e+01 5.571872711181640625e+01
3.074574108123779297e+02 1.238829879760742188e+02 2.522227859497070312e+01 5.895063018798828125e+01
3.065202655792236328e+02 1.270199871063232422e+02 2.671946334838867188e+01 5.345280075073242188e+01
3.054868907928466797e+02 1.243812255859375000e+02 2.801060867309570312e+01 5.553475189208984375e+01
3.014407367706298828e+02 1.373360481262207031e+02 3.165375900268554688e+01 4.485685729980468750e+01
2.977699670791625977e+02 1.334151268005371094e+02 2.297552299499511719e+01 4.922659301757812500e+01
2.962809572219848633e+02 1.344747924804687500e+02 2.283867454528808594e+01 4.759519195556640625e+01
2.928369216918945312e+02 1.362678985595703125e+02 2.543536376953125000e+01 4.592227935791015625e+01
2.893434677124023438e+02 1.352539138793945312e+02 2.934561157226562500e+01 4.702251434326171875e+01
2.867207517623901367e+02 1.385533885955810547e+02 3.109395790100097656e+01 4.464275741577148438e+01
2.859222135543823242e+02 1.380086326599121094e+02 3.178750038146972656e+01 4.497827148437500000e+01
2.851645498275756836e+02 1.361860618591308594e+02 2.946129035949707031e+01 4.731471252441406250e+01
2.844694118499755859e+02 1.368754291534423828e+02 2.733337783813476562e+01 4.571854019165039062e+01
2.833747367858886719e+02 1.364222412109375000e+02 2.424436187744140625e+01 4.618836212158203125e+01
2.830659770965576172e+02 1.371752433776855469e+02 2.088798904418945312e+01 4.504533386230468750e+01
2.796349124908447266e+02 1.369609012603759766e+02 2.125394821166992188e+01 4.549779129028320312e+01
2.786445484161376953e+02 1.360089988708496094e+02 2.030365371704101562e+01 4.597022247314453125e+01
2.770085325241088867e+02 1.365744018554687500e+02 1.925836372375488281e+01 4.732379150390625000e+01
2.761811800003051758e+02 1.364154949188232422e+02 1.870960044860839844e+01 4.563609695434570312e+01
2.742878789901733398e+02 1.357469673156738281e+02 2.023108100891113281e+01 4.779361724853515625e+01
2.705271625518798828e+02 1.359594745635986328e+02 2.377111434936523438e+01 4.710091018676757812e+01
2.687365379333496094e+02 1.376574745178222656e+02 2.543502044677734375e+01 4.461628723144531250e+01
2.651215867996215820e+02 1.387987861633300781e+02 2.892110252380371094e+01 4.497782897949218750e+01
2.640157051086425781e+02 1.387075767517089844e+02 2.876317596435546875e+01 4.585464477539062500e+01
2.623563213348388672e+02 1.402621612548828125e+02 2.884968948364257812e+01 4.551976776123046875e+01
2.621643209457397461e+02 1.338129653930664062e+02 2.640597724914550781e+01 5.129065704345703125e+01
2.612399520874023438e+02 1.391061935424804688e+02 2.245198059082031250e+01 4.413764190673828125e+01
2.598218860626220703e+02 1.417719497680664062e+02 2.256381607055664062e+01 4.487670135498046875e+01
2.548458499908447266e+02 1.393158607482910156e+02 2.212961959838867188e+01 4.534568786621093750e+01
2.563466186523437500e+02 1.381216163635253906e+02 1.909449005126953125e+01 4.593669891357421875e+01
2.560017356872558594e+02 1.364735279083251953e+02 1.803548431396484375e+01 4.963067245483398438e+01
2.544759378433227539e+02 1.351561317443847656e+02 1.863722038269042969e+01 5.190763092041015625e+01
2.528755025863647461e+02 1.347080230712890625e+02 2.034936714172363281e+01 4.941781616210937500e+01
2.503233413696289062e+02 1.350444660186767578e+02 2.148458099365234375e+01 4.820594406127929688e+01
2.476768360137939453e+02 1.351422748565673828e+02 2.323154830932617188e+01 4.723472213745117188e+01
2.468633460998535156e+02 1.303626441955566406e+02 2.376833343505859375e+01 5.330130767822265625e+01
2.448019437789916992e+02 1.358877754211425781e+02 2.491391944885253906e+01 4.583937835693359375e+01
2.375121545791625977e+02 1.369271678924560547e+02 2.665270805358886719e+01 4.550978469848632812e+01
2.394624738693237305e+02 1.355132045745849609e+02 2.203484535217285156e+01 4.749046707153320312e+01
2.341417036056518555e+02 1.340867900848388672e+02 2.430710029602050781e+01 4.951178359985351562e+01
2.320092353820800781e+02 1.348689918518066406e+02 2.636982727050781250e+01 4.851520538330078125e+01
2.312402381896972656e+02 1.343757419586181641e+02 2.624205017089843750e+01 5.106005477905273438e+01
2.314377784729003906e+02 1.350281333923339844e+02 2.394659423828125000e+01 4.825865936279296875e+01
2.308610210418701172e+02 1.345680122375488281e+02 2.383236312866210938e+01 4.868428802490234375e+01
2.307860937118530273e+02 1.371401596069335938e+02 2.173047828674316406e+01 4.485424804687500000e+01
2.291421718597412109e+02 1.345545082092285156e+02 2.156708908081054688e+01 4.840339660644531250e+01
2.270874462127685547e+02 1.364809970855712891e+02 2.194901657104492188e+01 4.540913772583007812e+01
2.220899276733398438e+02 1.350610008239746094e+02 2.502143096923828125e+01 4.762174224853515625e+01
2.175668869018554688e+02 1.380898761749267578e+02 2.781877899169921875e+01 4.207040023803710938e+01
2.176573810577392578e+02 1.382274742126464844e+02 2.584881973266601562e+01 4.017609405517578125e+01
2.163962364196777344e+02 1.383287429809570312e+02 2.439861297607421875e+01 3.900761413574218750e+01
2.152243347167968750e+02 1.383796005249023438e+02 2.353192901611328125e+01 3.898251342773437500e+01
2.116510467529296875e+02 1.395596847534179688e+02 2.614605712890625000e+01 3.775292205810546875e+01
2.089435005187988281e+02 1.387540836334228516e+02 2.643916320800781250e+01 3.972637557983398438e+01
2.078846635818481445e+02 1.387282123565673828e+02 2.657903861999511719e+01 3.820786666870117188e+01
2.045592317581176758e+02 1.379692211151123047e+02 3.008452415466308594e+01 4.009321975708007812e+01
2.022130966186523438e+02 1.353978939056396484e+02 3.186296081542968750e+01 4.303329849243164062e+01
2.021173191070556641e+02 1.370672397613525391e+02 3.134060287475585938e+01 4.179511642456054688e+01
2.002181262969970703e+02 1.363223457336425781e+02 3.390266036987304688e+01 4.356262969970703125e+01
1.983628787994384766e+02 1.378350276947021484e+02 3.589231491088867188e+01 4.132373428344726562e+01
1.970392570495605469e+02 1.384597110748291016e+02 3.524259185791015625e+01 3.994106674194335938e+01
1.964495773315429688e+02 1.382520351409912109e+02 3.479974365234375000e+01 3.976103591918945312e+01
1.959252357482910156e+02 1.379889278411865234e+02 3.579192352294921875e+01 3.990927505493164062e+01
1.947443218231201172e+02 1.388788681030273438e+02 3.665192031860351562e+01 3.995152282714843750e+01
1.923136825561523438e+02 1.367109584808349609e+02 3.770773315429687500e+01 4.151434707641601562e+01
1.901730556488037109e+02 1.370224552154541016e+02 3.895584487915039062e+01 4.149569320678710938e+01
1.901992931365966797e+02 1.352050857543945312e+02 3.557971572875976562e+01 4.476797485351562500e+01
1.908471717834472656e+02 1.347808799743652344e+02 3.912535858154296875e+01 4.599848175048828125e+01
1.842852649688720703e+02 1.339849433898925781e+02 4.692225265502929688e+01 4.557411956787109375e+01
1.835861587524414062e+02 1.342968044281005859e+02 4.489149475097656250e+01 4.693095779418945312e+01
1.829558429718017578e+02 1.323365974426269531e+02 4.561181259155273438e+01 4.996001434326171875e+01
1.797554130554199219e+02 1.339746704101562500e+02 4.677463531494140625e+01 4.837843322753906250e+01
1.788053913116455078e+02 1.325923194885253906e+02 4.881476974487304688e+01 4.795604705810546875e+01
1.804888458251953125e+02 1.360010852813720703e+02 4.809492492675781250e+01 4.679590988159179688e+01
1.804207229614257812e+02 1.329172611236572266e+02 4.787112426757812500e+01 5.133344650268554688e+01
1.801669692993164062e+02 1.360554695129394531e+02 4.776934814453125000e+01 4.745149993896484375e+01
1.795968036651611328e+02 1.379394283294677734e+02 5.093529891967773438e+01 4.417340469360351562e+01
1.783027877807617188e+02 1.343589973449707031e+02 4.757301330566406250e+01 4.799472808837890625e+01
1.783796901702880859e+02 1.368426933288574219e+02 4.913789749145507812e+01 4.493367767333984375e+01
1.670484428405761719e+02 1.349038238525390625e+02 3.240493011474609375e+01 5.319538879394531250e+01
1.656153335571289062e+02 1.369614810943603516e+02 3.410055541992187500e+01 4.975294113159179688e+01
1.664707193374633789e+02 1.373110542297363281e+02 2.999230766296386719e+01 4.958821868896484375e+01
1.658111743927001953e+02 1.355853290557861328e+02 2.758752059936523438e+01 4.973714828491210938e+01
1.641725339889526367e+02 1.395208435058593750e+02 2.924942970275878906e+01 4.705041503906250000e+01
1.626219615936279297e+02 1.371427001953125000e+02 2.817602920532226562e+01 4.826788330078125000e+01
1.607943487167358398e+02 1.386979637145996094e+02 2.988055610656738281e+01 4.654409027099609375e+01
1.608269758224487305e+02 1.391809253692626953e+02 2.848093605041503906e+01 4.667087936401367188e+01
