3.000000000000000000e+00 1.690000000000000000e+02 1.880000000000000000e+02 8.400000000000000000e+01
1.797841644287106533e+01 1.645408554077148153e+02 1.747930450439453125e+02 8.656636047363281250e+01
3.050273132324215908e+01 1.665291900634765341e+02 1.683945922851562500e+02 8.427975463867187500e+01
4.906876373291012783e+01 1.668808784484862997e+02 1.587061614990234375e+02 8.153923797607421875e+01
5.982559204101559658e+01 1.662376251220702841e+02 1.541020507812500000e+02 8.191326904296875000e+01
6.977117919921872158e+01 1.676764030456542685e+02 1.485306396484375000e+02 7.954553985595703125e+01
8.463731384277340908e+01 1.678799057006835653e+02 1.406062316894531250e+02 7.861726379394531250e+01
9.419907379150387783e+01 1.674255027770995810e+02 1.379323577880859375e+02 7.666269683837890625e+01
1.026893539428710369e+02 1.679037818908690838e+02 1.339330291748046875e+02 7.476711273193359375e+01
1.116908493041991619e+02 1.677739028930663494e+02 1.286438140869140625e+02 7.419676208496093750e+01
1.196049804687499716e+02 1.689590454101562216e+02 1.242416381835937500e+02 7.212878417968750000e+01
1.314696502685546591e+02 1.679408950805663778e+02 1.184185485839843750e+02 7.034931945800781250e+01
1.372869338989257528e+02 1.693861885070800497e+02 1.155534820556640625e+02 6.828780364990234375e+01
1.451292533874511435e+02 1.693047943115234091e+02 1.116951370239258097e+02 6.653497314453125000e+01
1.516868286132812500e+02 1.700318489074706747e+02 1.090922546386718750e+02 6.548677825927734375e+01
1.574515495300292969e+02 1.708476867675780966e+02 1.056228103637695312e+02 6.386303710937500000e+01
1.633627357482910156e+02 1.708481006622314169e+02 1.033047409057617188e+02 6.304073715209960938e+01
1.713500289916992188e+02 1.705750370025634481e+02 9.923658752441406250e+01 6.154279708862304688e+01
1.774057273864746094e+02 1.711677227020263388e+02 9.657459259033203125e+01 6.025381851196289062e+01
1.821866912841796875e+02 1.715756053924560263e+02 9.420880126953125000e+01 5.958337783813476562e+01
1.895032196044921875e+02 1.721551475524902060e+02 9.092663574218750000e+01 5.785153961181640625e+01
1.939583778381347656e+02 1.720381050109862997e+02 8.938802337646484375e+01 5.618373870849609375e+01
1.985036697387695312e+02 1.723889274597167685e+02 8.644996643066406250e+01 5.513352203369140625e+01
2.036142959594726562e+02 1.729309940338134481e+02 8.355076599121093750e+01 5.431333541870117188e+01
2.092843132019042969e+02 1.728236942291259481e+02 8.123792266845703125e+01 5.311988449096679688e+01
2.132138671875000000e+02 1.729119815826415731e+02 7.994253540039062500e+01 5.191413497924804688e+01
2.168093109130859375e+02 1.729066848754882528e+02 7.872042846679687500e+01 5.131712341308593750e+01
2.196552352905273438e+02 1.731905422210693075e+02 7.671586608886718750e+01 5.039714431762695312e+01
2.242180976867675781e+02 1.734930400848388103e+02 7.479930877685546875e+01 4.890077590942382812e+01
2.286321983337402344e+02 1.734989643096923260e+02 7.300984954833984375e+01 4.830828475952148438e+01
2.325823326110839844e+02 1.735377502441405682e+02 7.130014801025390625e+01 4.743969726562500000e+01
2.342478408813476562e+02 1.735403327941893963e+02 7.069429016113281250e+01 4.725783538818359375e+01
2.380977401733398438e+02 1.743403549194335369e+02 6.865184020996093750e+01 4.611271667480468750e+01
2.428392791748046875e+02 1.743804855346679119e+02 6.609461975097656250e+01 4.547267150878906250e+01
2.460481109619140625e+02 1.743865070343017010e+02 6.515222167968750000e+01 4.445629501342773438e+01
2.473290939331054688e+02 1.744191493988036541e+02 6.472589111328125000e+01 4.362266921997070312e+01
2.513701877593994141e+02 1.746473350524901775e+02 6.360686874389648438e+01 4.291011810302734375e+01
2.519805603027343750e+02 1.744894809722899822e+02 6.411273193359375000e+01 4.280973434448242188e+01
2.561145610809326172e+02 1.746873340606688885e+02 6.151114273071289062e+01 4.214226913452148438e+01
2.594585552215576172e+02 1.746789512634276775e+02 5.915033340454101562e+01 4.153939056396484375e+01
2.609356136322021484e+02 1.750332469940184978e+02 5.847671890258789062e+01 4.111063003540039062e+01
2.645831298828125000e+02 1.753085021972655682e+02 5.640856933593750000e+01 4.013598632812500000e+01
2.675475749969482422e+02 1.754367179870604900e+02 5.576329421997070312e+01 3.949793243408203125e+01
2.702143363952636719e+02 1.757899398803710369e+02 5.497467803955078125e+01 3.907580566406250000e+01
2.707686805725097656e+02 1.758713397979735760e+02 5.514592742919921875e+01 3.853582382202148438e+01
2.733588829040527344e+02 1.754807167053222088e+02 5.352530670166015625e+01 3.789659881591796875e+01
2.760249595642089844e+02 1.757244129180907635e+02 5.225514984130859375e+01 3.733344650268554688e+01
2.784040737152099609e+02 1.760478324890136150e+02 5.126564407348632812e+01 3.667641448974609375e+01
2.806248416900634766e+02 1.764345264434813885e+02 5.083689498901367188e+01 3.637827682495117188e+01
2.814156322479248047e+02 1.763311576843261150e+02 5.018452835083007812e+01 3.530011749267578125e+01
2.843154659271240234e+02 1.767111740112304119e+02 4.882004165649414062e+01 3.553492736816406250e+01
2.849645690917968750e+02 1.768595638275145916e+02 5.053698730468750000e+01 3.437765884399414062e+01
2.850719661712646484e+02 1.763959159851073650e+02 5.099156570434570312e+01 3.394231414794921875e+01
2.877937889099121094e+02 1.765683326721190838e+02 4.975769805908203125e+01 3.369910430908203125e+01
2.874970493316650391e+02 1.772814102172850994e+02 4.955967330932617188e+01 3.328573608398437500e+01
2.922182254791259766e+02 1.773477210998534588e+02 4.551166915893554688e+01 3.290999603271484375e+01
2.946265487670898438e+02 1.779367599487304119e+02 4.502493286132812500e+01 3.197558593750000000e+01
2.960229034423828125e+02 1.774211330413817791e+02 4.449082946777343750e+01 3.199011611938476562e+01
2.975578460693359375e+02 1.771155691146850018e+02 4.353096008300781250e+01 3.199600410461425781e+01
2.993680686950683594e+02 1.774040422439574627e+02 4.321004486083984375e+01 3.171587181091308594e+01
3.010618591308593750e+02 1.774854564666747478e+02 4.246011352539062500e+01 3.098210525512695312e+01
3.014327201843261719e+02 1.776163282394408611e+02 4.257254791259765625e+01 3.104116249084472656e+01
3.021834182739257812e+02 1.778439521789550213e+02 4.261204528808593750e+01 3.070142364501953125e+01
3.052422122955322266e+02 1.777078742980956463e+02 4.080875778198242188e+01 2.986832427978515625e+01
3.053681697845458984e+02 1.777692060470580486e+02 4.084997940063476562e+01 2.942432594299316406e+01
3.078137626647949219e+02 1.782145814895629314e+02 3.985335540771484375e+01 2.922365379333496094e+01
3.094647521972656250e+02 1.785309333801268963e+02 3.907780456542968750e+01 2.916271209716796875e+01
3.106864700317382812e+02 1.785891418457030682e+02 3.850415039062500000e+01 2.854238891601562500e+01
3.122588672637939453e+02 1.788448657989501385e+02 3.813187789916992188e+01 2.822579574584960938e+01
3.128817863464355469e+02 1.783342285156249432e+02 3.808670806884765625e+01 2.799291992187500000e+01
3.145893249511718750e+02 1.784425277709960369e+02 3.754585266113281250e+01 2.746823120117187500e+01
3.150434265136718750e+02 1.784083290100097088e+02 3.701124572753906250e+01 2.747122955322265625e+01
3.162891368865966797e+02 1.786943798065184978e+02 3.651161575317382812e+01 2.739693069458007812e+01
3.177028560638427734e+02 1.786261739730834393e+02 3.627396011352539062e+01 2.666546058654785156e+01
3.190212783813476562e+02 1.792469472885131268e+02 3.572898101806640625e+01 2.644380378723144531e+01
3.201153030395507812e+02 1.787614555358886150e+02 3.550938415527343750e+01 2.646590423583984375e+01
3.213940200805664062e+02 1.794102830886840252e+02 3.461563873291015625e+01 2.599652671813964844e+01
3.218289337158203125e+02 1.794368124008178143e+02 3.444050598144531250e+01 2.576973152160644531e+01
3.233597888946533203e+02 1.794588317871093182e+02 3.438872909545898438e+01 2.510073852539062500e+01
3.236255569458007812e+02 1.789892349243163494e+02 3.376404571533203125e+01 2.531963348388671875e+01
3.254872875213623047e+02 1.792283391952514080e+02 3.336784744262695312e+01 2.473670387268066406e+01
3.261415939331054688e+02 1.790243511199950603e+02 3.328702545166015625e+01 2.464707565307617188e+01
3.275024147033691406e+02 1.787007436752318768e+02 3.299986267089843750e+01 2.457065773010253906e+01
3.282304782867431641e+02 1.788747768402099041e+02 3.219801712036132812e+01 2.462166976928710938e+01
3.291538801193237305e+02 1.787329721450805096e+02 3.199601936340332031e+01 2.437823295593261719e+01
3.304767379760742188e+02 1.790503435134887127e+02 3.149835205078125000e+01 2.422425651550292969e+01
3.306326694488525391e+02 1.788221359252929119e+02 3.129272842407226562e+01 2.390443420410156250e+01
3.323894672393798828e+02 1.791585464477538494e+02 3.071635818481445312e+01 2.355637359619140625e+01
3.324471035003662109e+02 1.794027767181395916e+02 3.043059158325195312e+01 2.311120986938476562e+01
3.338833150863647461e+02 1.798514328002929119e+02 2.994565010070800781e+01 2.309454345703125000e+01
3.344538221359252930e+02 1.800566358566283611e+02 2.974207496643066406e+01 2.285321998596191406e+01
3.349127693176269531e+02 1.797110967636107830e+02 2.943540191650390625e+01 2.248753547668457031e+01
3.364368753433227539e+02 1.803181591033934978e+02 2.918580436706542969e+01 2.244025802612304688e+01
3.362700195312500000e+02 1.799423618316649822e+02 2.890502166748046875e+01 2.190441513061523438e+01
3.377252721786499023e+02 1.802809801101684002e+02 2.892219734191894531e+01 2.148859214782714844e+01
3.387774257659912109e+02 1.799802350997924236e+02 2.814754867553710938e+01 2.147860908508300781e+01
3.392843694686889648e+02 1.802120599746703533e+02 2.825911140441894531e+01 2.123941612243652344e+01
3.404953002929687500e+02 1.799630212783812908e+02 2.806648254394531250e+01 2.079923057556152344e+01
3.406780166625976562e+02 1.800224018096923260e+02 2.714907836914062500e+01 2.100077438354492188e+01
3.419112262725830078e+02 1.796280574798583416e+02 2.726414108276367188e+01 2.081144332885742188e+01
3.415339164733886719e+02 1.802186298370360760e+02 2.697656250000000000e+01 2.090726089477539062e+01
3.427762575149536133e+02 1.802075910568236736e+02 2.651967430114746094e+01 2.072606849670410156e+01
3.441235685348510742e+02 1.796957035064696697e+02 2.658552742004394531e+01 1.999633407592773438e+01
3.441013975143432617e+02 1.803977394104003338e+02 2.597105598449707031e+01 2.035909271240234375e+01
3.453258924484252930e+02 1.795471801757811932e+02 2.642392158508300781e+01 1.984439849853515625e+01
3.452202272415161133e+02 1.804728517532348064e+02 2.551229667663574219e+01 2.020638847351074219e+01
3.471161661148071289e+02 1.802004003524779705e+02 2.580412101745605469e+01 1.986142158508300781e+01
3.468818225860595703e+02 1.799026842117309002e+02 2.508302688598632812e+01 1.991774559020996094e+01
3.485934543609619141e+02 1.801278753280639080e+02 2.521006393432617188e+01 1.970288276672363281e+01
3.487192573547363281e+02 1.802678651809691814e+02 2.435337066650390625e+01 1.940291404724121094e+01
3.497998905181884766e+02 1.806483058929442791e+02 2.453442001342773438e+01 1.923600387573242188e+01
3.492483177185058594e+02 1.798953142166137127e+02 2.427173614501953125e+01 1.899480247497558594e+01
3.507485694885253906e+02 1.807450132369994549e+02 2.466512298583984375e+01 1.889241218566894531e+01
3.498735141754150391e+02 1.801754255294799236e+02 2.480636215209960938e+01 1.829136085510253906e+01
3.518771181106567383e+02 1.807585439682006268e+02 2.400095939636230469e+01 1.889330482482910156e+01
3.520872058868408203e+02 1.807613773345946697e+02 2.413055038452148438e+01 1.872073745727539062e+01
3.530578966140747070e+02 1.806311378479003338e+02 2.377935600280761719e+01 1.842828369140625000e+01
3.529648876190185547e+02 1.803128089904784588e+02 2.366351699829101562e+01 1.849187469482421875e+01
3.537986459732055664e+02 1.799600925445556072e+02 2.334665489196777344e+01 1.780765151977539062e+01
3.552408428192138672e+02 1.803066501617431072e+02 2.299602890014648438e+01 1.813066482543945312e+01
3.546680421829223633e+02 1.805134162902831463e+02 2.304922294616699219e+01 1.830175781250000000e+01
3.553066921234130859e+02 1.806544551849364666e+02 2.328997421264648438e+01 1.775139236450195312e+01
3.559739475250244141e+02 1.801036720275878338e+02 2.300783920288085938e+01 1.768745422363281250e+01
3.562505416870117188e+02 1.806984424591063885e+02 2.253266906738281250e+01 1.817976760864257812e+01
3.567518949508666992e+02 1.809841842651366619e+02 2.258749580383300781e+01 1.776299285888671875e+01
3.565942993164062500e+02 1.810964841842650799e+02 2.265803527832031250e+01 1.771152687072753906e+01
3.581309041976928711e+02 1.814637603759765057e+02 2.234951972961425781e+01 1.727916717529296875e+01
3.581434602737426758e+02 1.802659893035888103e+02 2.143939781188964844e+01 1.727161026000976562e+01
3.589695320129394531e+02 1.812601499557494549e+02 2.230634307861328125e+01 1.703579139709472656e+01
3.597410402297973633e+02 1.803503561019896893e+02 2.173257255554199219e+01 1.697544288635253906e+01
3.601650724411010742e+02 1.810671443939208416e+02 2.178685188293457031e+01 1.697292709350585938e+01
3.603670730590820312e+02 1.809482822418212322e+02 2.097760772705078125e+01 1.666659164428710938e+01
3.614254016876220703e+02 1.809213600158690838e+02 2.167238998413085938e+01 1.630950927734375000e+01
3.621095886230468750e+02 1.808257732391356853e+02 2.124364471435546875e+01 1.694773483276367188e+01
3.615642156600952148e+02 1.804257602691649822e+02 2.069460487365722656e+01 1.732275009155273438e+01
3.627569370269775391e+02 1.811320142745971111e+02 2.101002883911132812e+01 1.668367958068847656e+01
3.627943220138549805e+02 1.804158067703246502e+02 2.072179603576660156e+01 1.696774101257324219e+01
3.638370265960693359e+02 1.805804491043090252e+02 2.064508438110351562e+01 1.704685020446777344e+01
3.642014694213867188e+02 1.806874618530272869e+02 2.041487121582031250e+01 1.694121551513671875e+01
3.645577840805053711e+02 1.802596282958983807e+02 2.025099372863769531e+01 1.643820190429687500e+01
3.648396682739257812e+02 1.808944311141967205e+02 2.035903930664062500e+01 1.614882087707519531e+01
3.643037052154541016e+02 1.813087778091430096e+02 2.038370132446289062e+01 1.627180290222167969e+01
3.657808542251586914e+02 1.808498897552489666e+02 2.032656669616699219e+01 1.569841384887695312e+01
3.659308166503906250e+02 1.806034665107726482e+02 1.993359375000000000e+01 1.585124874114990234e+01
3.664122076034545898e+02 1.804623074531554607e+02 2.046984291076660156e+01 1.562163448333740234e+01
3.659540729522705078e+02 1.813616452217101482e+02 1.989442825317382812e+01 1.525986385345458984e+01
3.672673788070678711e+02 1.813459153175353435e+02 1.998996162414550781e+01 1.510010051727294922e+01
3.679074983596801758e+02 1.811737942695617107e+02 2.061630821228027344e+01 1.526244258880615234e+01
3.674317703247070312e+02 1.807328820228576092e+02 1.989418792724609375e+01 1.547479534149169922e+01
3.686507768630981445e+02 1.806212148666381268e+02 2.022913932800292969e+01 1.568470191955566406e+01
3.693724565505981445e+02 1.817126488685607342e+02 1.934736442565917969e+01 1.491282176971435547e+01
3.703417034149169922e+02 1.813186688423156170e+02 1.914406967163085938e+01 1.508765316009521484e+01
3.706410474777221680e+02 1.804522833824157146e+02 1.859437751770019531e+01 1.531874561309814453e+01
3.713390350341796875e+02 1.813922019004821209e+02 1.911048126220703125e+01 1.473737812042236328e+01
3.720114812850952148e+02 1.795468602180480389e+02 1.857467842102050781e+01 1.573354244232177734e+01
3.715630178451538086e+02 1.810505557060241131e+02 1.787713050842285156e+01 1.436246585845947266e+01
3.722498807907104492e+02 1.809747529029845623e+02 1.893273353576660156e+01 1.484292888641357422e+01
3.722779111862182617e+02 1.826284503936767010e+02 1.834173774719238281e+01 1.404236221313476562e+01
3.725484886169433594e+02 1.824500885009765057e+02 1.833237457275390625e+01 1.458734893798828125e+01
3.723384609222412109e+02 1.815480856895446209e+02 1.823352432250976562e+01 1.433452320098876953e+01
3.732250804901123047e+02 1.804359455108642010e+02 1.808835983276367188e+01 1.426409530639648438e+01
3.731633672714233398e+02 1.794888720512389568e+02 1.780503273010253906e+01 1.406061649322509766e+01
3.744820919036865234e+02 1.800493011474608807e+02 1.791292190551757812e+01 1.413550567626953125e+01
3.756612806320190430e+02 1.813372368812560467e+02 1.757005500793457031e+01 1.479394054412841797e+01
3.761069498062133789e+02 1.829127116203307537e+02 1.808668327331542969e+01 1.500071811676025391e+01
3.766598415374755859e+02 1.836342535018920330e+02 1.808363723754882812e+01 1.435276222229003906e+01
3.777264823913574219e+02 1.825081462860106853e+02 1.744234466552734375e+01 1.430882644653320312e+01
3.768568696975708008e+02 1.816188716888427166e+02 1.748107719421386719e+01 1.360141372680664062e+01
3.762682332992553711e+02 1.817469215393065838e+02 1.721608543395996094e+01 1.400085830688476562e+01
3.767748966217041016e+02 1.817559924125670818e+02 1.706746292114257812e+01 1.347625827789306641e+01
3.763326835632324219e+02 1.816608877182006268e+02 1.706708145141601562e+01 1.308411979675292969e+01
3.766001091003417969e+02 1.810912790298461346e+02 1.667079162597656250e+01 1.369716453552246094e+01
3.777261075973510742e+02 1.813316817283629803e+02 1.698579216003417969e+01 1.352066516876220703e+01
3.781599397659301758e+02 1.799335451126098064e+02 1.684930610656738281e+01 1.409302330017089844e+01
3.792583103179931641e+02 1.821147651672362713e+02 1.672485351562500000e+01 1.328546905517578125e+01
3.801629514694213867e+02 1.826701836585997967e+02 1.678264808654785156e+01 1.329907512664794922e+01
3.808854961395263672e+02 1.841906805038451580e+02 1.618421173095703125e+01 1.289792823791503906e+01
3.814456529617309570e+02 1.823042335510253338e+02 1.624423789978027344e+01 1.362835311889648438e+01
3.811463308334350586e+02 1.823073081970214275e+02 1.628371620178222656e+01 1.311396026611328125e+01
3.812267317771911621e+02 1.817853746414184002e+02 1.591642093658447266e+01 1.316066551208496094e+01
3.816865935325622559e+02 1.812369985580443768e+02 1.526521396636962891e+01 1.301149177551269531e+01
3.808913693428039551e+02 1.816513161659240154e+02 1.574940776824951172e+01 1.294766521453857422e+01
3.808816461563110352e+02 1.814358596801757244e+02 1.634249305725097656e+01 1.333927154541015625e+01
3.823534073829650879e+02 1.814305968284606365e+02 1.559960842132568359e+01 1.346935367584228516e+01
3.722156291007995605e+02 1.793049688339232830e+02 1.378354358673095703e+01 1.249438667297363281e+01
3.826138672828674316e+02 1.826301608085631756e+02 1.597394466400146484e+01 1.227010822296142578e+01
3.844606666564941406e+02 1.838056287765502361e+02 1.504493713378906250e+01 1.240029335021972656e+01
3.847302575111389160e+02 1.827902359962462810e+02 1.557354259490966797e+01 1.238426113128662109e+01
3.838786516189575195e+02 1.825365500450133709e+02 1.572924232482910156e+01 1.253184223175048828e+01
3.845800333023071289e+02 1.821748714447020916e+02 1.537174415588378906e+01 1.302263259887695312e+01
3.844403119087219238e+02 1.815676789283751873e+02 1.472179698944091797e+01 1.273078060150146484e+01
3.848166069984436035e+02 1.818198246955871014e+02 1.477884960174560547e+01 1.231562328338623047e+01
3.851259012222290039e+02 1.811277933120726971e+02 1.462744712829589844e+01 1.291951560974121094e+01
3.853910403251647949e+02 1.813817491531371502e+02 1.507067966461181641e+01 1.247089958190917969e+01
3.863211741447448730e+02 1.822047643661498455e+02 1.516367053985595703e+01 1.247756767272949219e+01
3.860255203247070312e+02 1.824635353088378338e+02 1.502193832397460938e+01 1.236230850219726562e+01
3.867855882644653320e+02 1.821722087860106853e+02 1.460111427307128906e+01 1.247283172607421875e+01
3.868808879852294922e+02 1.827572154998778728e+02 1.470151138305664062e+01 1.233327484130859375e+01
3.876216778755187988e+02 1.820735907554625896e+02 1.447736263275146484e+01 1.243125629425048828e+01
3.871423110961914062e+02 1.822799143791198162e+02 1.459421539306640625e+01 1.214272022247314453e+01
3.878039436340332031e+02 1.821138858795165447e+02 1.515388488769531250e+01 1.228343200683593750e+01
3.874474434852600098e+02 1.807952995300292400e+02 1.469679927825927734e+01 1.244006729125976562e+01
3.884019608497619629e+02 1.811811995506286053e+02 1.403233623504638672e+01 1.176215076446533203e+01
3.888042855262756348e+02 1.820297608375548748e+02 1.357046794891357422e+01 1.111820125579833984e+01
3.882667975425720215e+02 1.815733613967894939e+02 1.370708942413330078e+01 1.176870155334472656e+01
3.889957313537597656e+02 1.830231814384459881e+02 1.370733261108398438e+01 1.119176959991455078e+01
3.894101037979125977e+02 1.826779513359069256e+02 1.372067451477050781e+01 1.095957279205322266e+01
3.899425430297851562e+02 1.825157818794249920e+02 1.328355789184570312e+01 1.153100109100341797e+01
3.893884806632995605e+02 1.826918077468871502e+02 1.336060428619384766e+01 1.100943946838378906e+01
3.900785636901855469e+02 1.803565831184386639e+02 1.370760345458984375e+01 1.230641078948974609e+01
3.898462405204772949e+02 1.809650259017943768e+02 1.395760059356689453e+01 1.149050712585449219e+01
3.905519924163818359e+02 1.807375302314757732e+02 1.361935424804687500e+01 1.255288219451904297e+01
3.902760691642761230e+02 1.803908514976500896e+02 1.402881717681884766e+01 1.206634998321533203e+01
3.908908905982971191e+02 1.805796270370482830e+02 1.349754619598388672e+01 1.232807731628417969e+01
3.904487285614013672e+02 1.807873892784118084e+02 1.383086776733398438e+01 1.213020420074462891e+01
3.919336323738098145e+02 1.810012159347533611e+02 1.378750514984130859e+01 1.203433036804199219e+01
3.913942861557006836e+02 1.811396436691283611e+02 1.378033256530761719e+01 1.198697090148925781e+01
3.922749419212341309e+02 1.806984024047850994e+02 1.409601306915283203e+01 1.243672180175781250e+01
3.917263503074645996e+02 1.808215885162352947e+02 1.379675388336181641e+01 1.252663803100585938e+01
3.925707683563232422e+02 1.792044582366942791e+02 1.475841903686523438e+01 1.325594711303710938e+01
3.915983448028564453e+02 1.799209704399108318e+02 1.463879394531250000e+01 1.268249607086181641e+01
3.924543843269348145e+02 1.798597207069396404e+02 1.405317592620849609e+01 1.271319484710693359e+01
3.927410798072814941e+02 1.800461044311522869e+02 1.447838497161865234e+01 1.310989761352539062e+01
3.930296096801757812e+02 1.800337257385253338e+02 1.341921997070312500e+01 1.236306381225585938e+01
3.933546915054321289e+02 1.805078530311583904e+02 1.322686576843261719e+01 1.252239131927490234e+01
3.930388565063476562e+02 1.809659719467162518e+02 1.320059967041015625e+01 1.171776008605957031e+01
3.929022483825683594e+02 1.807651343345641521e+02 1.288803482055664062e+01 1.171370792388916016e+01
3.943495793342590332e+02 1.807643957138060955e+02 1.236860561370849609e+01 1.141819190979003906e+01
3.937650303840637207e+02 1.811574091911315350e+02 1.269131755828857422e+01 1.200068378448486328e+01
3.944627809524536133e+02 1.811583046913146404e+02 1.278152275085449219e+01 1.137001705169677734e+01
3.948564276695251465e+02 1.810569972991942791e+02 1.230053424835205078e+01 1.199534606933593750e+01
3.937066326141357422e+02 1.793633627891539959e+02 1.397076416015625000e+01 1.269748401641845703e+01
3.939151992797851562e+02 1.801464586257934002e+02 1.351085281372070312e+01 1.226500892639160156e+01
3.948641939163208008e+02 1.808829431533812908e+02 1.265912055969238281e+01 1.186258888244628906e+01
3.954757232666015625e+02 1.801096134185790447e+02 1.280563354492187500e+01 1.223250579833984375e+01
3.960455636978149414e+02 1.805404362678527264e+02 1.321164894104003906e+01 1.174142742156982422e+01
3.947422323226928711e+02 1.802878785133361248e+02 1.822825431823730469e+01 1.302903270721435547e+01
3.946148481369018555e+02 1.795111947059630779e+02 1.708783531188964844e+01 1.299068737030029297e+01
3.947795963287353516e+02 1.795283408164977459e+02 1.682273101806640625e+01 1.322503376007080078e+01
3.945005140304565430e+02 1.798853664398192791e+02 1.668457221984863281e+01 1.302095413208007812e+01
3.962409420013427734e+02 1.795632209777831463e+02 1.936574172973632812e+01 1.396574401855468750e+01
3.936545524597167969e+02 1.790432181358336834e+02 2.118411636352539062e+01 1.365906238555908203e+01
3.930820074081420898e+02 1.802103934288024334e+02 2.118581962585449219e+01 1.366480731964111328e+01
3.939646749496459961e+02 1.788149266242980389e+02 2.081582450866699219e+01 1.504285335540771484e+01
3.953444242477416992e+02 1.793991837501525310e+02 1.991506767272949219e+01 1.433304882049560547e+01
3.958308687210083008e+02 1.789787378311156658e+02 1.939676094055175781e+01 1.386794090270996094e+01
3.943154296875000000e+02 1.795079622268676189e+02 1.985261917114257812e+01 1.362970542907714844e+01
3.951609897613525391e+02 1.800272693634032635e+02 2.000691986083984375e+01 1.386660385131835938e+01
3.952229595184326172e+02 1.797779741287230877e+02 1.800296020507812500e+01 1.378447532653808594e+01
3.976619892120361328e+02 1.799229044914245037e+02 1.524743652343750000e+01 1.279816150665283203e+01
3.969779081344604492e+02 1.807031350135802654e+02 1.679753303527832031e+01 1.272328472137451172e+01
3.969494528770446777e+02 1.795907950401305584e+02 1.483591938018798828e+01 1.228692722320556641e+01
3.964717340469360352e+02 1.803985948562621502e+02 1.667879295349121094e+01 1.285191154479980469e+01
3.972372951507568359e+02 1.803668169975280193e+02 1.627865982055664062e+01 1.282616519927978516e+01
3.979364166259765625e+02 1.806224966049193768e+02 1.485848236083984375e+01 1.213118171691894531e+01
3.990333075523376465e+02 1.813042893409728435e+02 1.314375019073486328e+01 1.093174648284912109e+01
3.986495180130004883e+02 1.819712858200072674e+02 1.162982749938964844e+01 1.000000000000000000e+01
3.990025577545166016e+02 1.821502189636229900e+02 1.211367034912109375e+01 1.000000000000000000e+01
3.985245504379272461e+02 1.815274353027343182e+02 1.177235221862792969e+01 1.000000000000000000e+01
3.994417839050292969e+02 1.823944945335387615e+02 1.169719696044921875e+01 1.000000000000000000e+01
3.989054088592529297e+02 1.830452260971068768e+02 1.200476455688476562e+01 1.000000000000000000e+01
3.990583190917968750e+02 1.814441442489623455e+02 1.365148925781250000e+01 1.092690658569335938e+01
3.995069952011108398e+02 1.828726329803466228e+02 1.342085075378417969e+01 1.000000000000000000e+01
3.984962649345397949e+02 1.818198375701903728e+02 1.423288440704345703e+01 1.032631301879882812e+01
3.995888218879699707e+02 1.831758036613463787e+02 1.214123058319091797e+01 1.000000000000000000e+01
3.994843425750732422e+02 1.814347696304320721e+02 1.268859863281250000e+01 1.000000000000000000e+01
3.994432291984558105e+02 1.824807667732238201e+02 1.395729160308837891e+01 1.009216785430908203e+01
3.996458129882812500e+02 1.823240132331847576e+02 1.345404052734375000e+01 1.000000000000000000e+01
4.001212220191955566e+02 1.829716973304747967e+02 1.181239223480224609e+01 1.000000000000000000e+01
3.986993560791015625e+02 1.812874660491942791e+02 1.695517349243164062e+01 1.210789966583251953e+01
3.922901430130004883e+02 1.809631280899047283e+02 2.063725471496582031e+01 1.310246181488037109e+01
3.754580316543579102e+02 1.807324690818786053e+02 1.961527061462402344e+01 1.470209312438964844e+01
3.766941289901733398e+02 1.813956537246703533e+02 1.923842048645019531e+01 1.450808620452880859e+01
3.771148910522460938e+02 1.810579442977904705e+02 1.911804199218750000e+01 1.502955150604248047e+01
3.768835725784301758e+02 1.807113032341002850e+02 1.884981346130371094e+01 1.455602455139160156e+01
3.773378438949584961e+02 1.820919089317321209e+02 1.929677009582519531e+01 1.405072593688964844e+01
3.781014642715454102e+02 1.813723206520079998e+02 1.885883903503417969e+01 1.462209701538085938e+01
3.785050764083862305e+02 1.810947251319884685e+02 1.922070503234863281e+01 1.474605941772460938e+01
3.788053150177001953e+02 1.818407402038573650e+02 1.873647689819335938e+01 1.401104068756103516e+01
3.790380554199218750e+02 1.812681441307067303e+02 1.777004241943359375e+01 1.456386375427246094e+01
3.802531137466430664e+02 1.815586681365966228e+02 1.768500328063964844e+01 1.363741779327392578e+01
3.800934867858886719e+02 1.813004112243651775e+02 1.657000350952148438e+01 1.375047397613525391e+01
3.806424188613891602e+02 1.812133264541625408e+02 1.651671791076660156e+01 1.360740184783935547e+01
3.808206005096435547e+02 1.814506130218505291e+02 1.693478012084960938e+01 1.333112049102783203e+01
3.810887322425842285e+02 1.809068503379821209e+02 1.584503841400146484e+01 1.421393775939941406e+01
3.813302006721496582e+02 1.810343027114867596e+02 1.541742229461669922e+01 1.344224071502685547e+01
3.822864327430725098e+02 1.815998930931090740e+02 1.468634319305419922e+01 1.319949150085449219e+01
3.824845905303955078e+02 1.819010524749755291e+02 1.367715454101562500e+01 1.213101291656494141e+01
3.837680888175964355e+02 1.815503082275390057e+02 1.348389911651611328e+01 1.292097568511962891e+01
3.837255234718322754e+02 1.809890351295470623e+02 1.558207607269287109e+01 1.363645553588867188e+01
3.848857088088989258e+02 1.818724637031554607e+02 1.603069877624511719e+01 1.346471405029296875e+01
3.846378889083862305e+02 1.814254631996154217e+02 1.880329322814941406e+01 1.450531768798828125e+01
3.847626628875732422e+02 1.816076250076293377e+02 1.948379898071289062e+01 1.415832805633544922e+01
3.849074211120605469e+02 1.810521378517150310e+02 2.029374694824218750e+01 1.507917022705078125e+01
3.846168727874755859e+02 1.808912720680236248e+02 2.091883468627929688e+01 1.734948730468750000e+01
3.846964025497436523e+02 1.811038441658019451e+02 1.967665290832519531e+01 1.730749893188476562e+01
3.840453987121582031e+02 1.815216989517211346e+02 1.928747558593750000e+01 1.556097698211669922e+01
3.831171712875366211e+02 1.819266691207885174e+02 1.964402198791503906e+01 1.562082576751708984e+01
3.830644149780273438e+02 1.831511330604552654e+02 1.976428222656250000e+01 1.488871002197265625e+01
3.826473207473754883e+02 1.827939715385436443e+02 1.973998069763183594e+01 1.457140922546386719e+01
3.813470478057861328e+02 1.815927567481994060e+02 2.034785842895507812e+01 1.584960174560546875e+01
3.821673927307128906e+02 1.811072669029235271e+02 2.006645965576171875e+01 1.397470283508300781e+01
3.824417896270751953e+02 1.809406623840331463e+02 2.040322494506835938e+01 1.455536365509033203e+01
3.850225839614868164e+02 1.810651216506957439e+02 1.863817405700683594e+01 1.380083751678466797e+01
3.846629209518432617e+02 1.822681694030761150e+02 1.893345832824707031e+01 1.396813678741455078e+01
3.865485343933105469e+02 1.824845132827758221e+02 1.713484954833984375e+01 1.246232128143310547e+01
3.874497623443603516e+02 1.823384947776793865e+02 1.523821640014648438e+01 1.230410194396972656e+01
3.880002117156982422e+02 1.823721275329589275e+02 1.455522155761718750e+01 1.187968540191650391e+01
3.886232304573059082e+02 1.824278588294982342e+02 1.426101207733154297e+01 1.176196670532226562e+01
3.888178262710571289e+02 1.828368806838988689e+02 1.386620903015136719e+01 1.147201442718505859e+01
3.899637708663940430e+02 1.825358452796935467e+02 1.350063896179199219e+01 1.172490310668945312e+01
3.893877062797546387e+02 1.825772275924682049e+02 1.419299411773681641e+01 1.180975627899169922e+01
3.898173074722290039e+02 1.830662393569945721e+02 1.454685783386230469e+01 1.191863918304443359e+01
3.889945392608642578e+02 1.820890464782714275e+02 1.462094879150390625e+01 1.158421802520751953e+01
3.898519678115844727e+02 1.828494052886962322e+02 1.450071525573730469e+01 1.156530475616455078e+01
3.899594793319702148e+02 1.826249508857726482e+02 1.429073524475097656e+01 1.147390747070312500e+01
3.908174219131469727e+02 1.830506615638732342e+02 1.369534492492675781e+01 1.142726516723632812e+01
3.905123624801635742e+02 1.828786253929137615e+02 1.413514137268066406e+01 1.159914970397949219e+01
3.896340827941894531e+02 1.820083384513854412e+02 1.415773010253906250e+01 1.176684761047363281e+01
3.900427560806274414e+02 1.822694830894469646e+02 1.383401679992675781e+01 1.165633201599121094e+01
3.905836811065673828e+02 1.820993380546569256e+02 1.417439270019531250e+01 1.160083961486816406e+01
3.904676284790039062e+02 1.814500732421874432e+02 1.393312454223632812e+01 1.192788410186767578e+01
3.906497635841369629e+02 1.823636679649352459e+02 1.409402751922607422e+01 1.170029258728027344e+01
3.911884155273437500e+02 1.817317166328429607e+02 1.370659255981445312e+01 1.145203781127929688e+01
3.902964205741882324e+02 1.815953269004821209e+02 1.460507297515869141e+01 1.160780906677246094e+01
3.904257059097290039e+02 1.820977392196654705e+02 1.451101112365722656e+01 1.127936840057373047e+01
3.886339044570922852e+02 1.818729329109191326e+02 1.600529670715332031e+01 1.158306503295898438e+01
3.888858804702758789e+02 1.815464501380919842e+02 1.722038459777832031e+01 1.255527877807617188e+01
3.868277168273925781e+02 1.823201766014098553e+02 1.865753936767578125e+01 1.305185127258300781e+01
3.871823825836181641e+02 1.817568907737731365e+02 1.803321075439453125e+01 1.638272285461425781e+01
3.861310014724731445e+02 1.811981945037841228e+02 1.942528724670410156e+01 1.531227207183837891e+01
