3.060000000000000000e+02 1.600000000000000000e+02 1.100000000000000000e+01 1.200000000000000000e+01
3.061981654167175293e+02 1.579065852165222168e+02 1.103607654571533203e+01 1.139767169952392578e+01
3.065214166641235352e+02 1.566871781349182129e+02 1.039851188659667969e+01 1.146900081634521484e+01
3.066151905059814453e+02 1.569534344673156738e+02 1.152884292602539062e+01 1.135130977630615234e+01
3.081174426078796387e+02 1.561531686782836914e+02 1.142520999908447266e+01 1.137749290466308594e+01
3.088826732635498047e+02 1.564875822067260742e+02 1.143818664550781250e+01 1.187900352478027344e+01
3.099936795234680176e+02 1.576255378723144531e+02 1.139383983612060547e+01 1.099599075317382812e+01
3.100238113403320312e+02 1.573880367279052734e+02 1.130844497680664062e+01 1.145394134521484375e+01
3.093483128547668457e+02 1.577836337089538574e+02 1.083820629119873047e+01 1.167808628082275391e+01
3.090326528549194336e+02 1.574731960296630859e+02 1.093323326110839844e+01 1.174740219116210938e+01
3.090271191596984863e+02 1.581213397979736328e+02 1.073314189910888672e+01 1.121722793579101562e+01
3.083746342658996582e+02 1.575093340873718262e+02 1.066514873504638672e+01 1.162622928619384766e+01
3.072065696716308594e+02 1.568286204338073730e+02 1.105059432983398438e+01 1.188678455352783203e+01
3.061876816749572754e+02 1.564461598396301270e+02 1.130320262908935547e+01 1.186201381683349609e+01
3.062603797912597656e+02 1.556240630149841309e+02 1.091568756103515625e+01 1.167480182647705078e+01
3.052258634567260742e+02 1.559934077262878418e+02 1.052251625061035156e+01 1.086987400054931641e+01
3.049991984367370605e+02 1.548143978118896484e+02 1.031200504302978516e+01 1.086781692504882812e+01
3.040833668708801270e+02 1.539269509315490723e+02 1.059098720550537109e+01 1.127097225189208984e+01
3.040926327705383301e+02 1.534162940979003906e+02 1.060761928558349609e+01 1.112550354003906250e+01
3.033436312675476074e+02 1.528872437477111816e+02 1.101076984405517578e+01 1.138370037078857422e+01
3.027827892303466797e+02 1.527889695167541504e+02 1.120141983032226562e+01 1.144839763641357422e+01
3.027494654655456543e+02 1.522433981895446777e+02 1.114123249053955078e+01 1.140395450592041016e+01
3.027949066162109375e+02 1.526368684768676758e+02 1.093999099731445312e+01 1.093580436706542969e+01
3.028654570579528809e+02 1.527381763458251953e+02 1.077202701568603516e+01 1.092287826538085938e+01
3.027438774108886719e+02 1.527550969123840332e+02 1.083210372924804688e+01 1.105005931854248047e+01
3.025624933242797852e+02 1.534429712295532227e+02 1.097319984436035156e+01 1.081552314758300781e+01
3.021698212623596191e+02 1.536667699813842773e+02 1.103135967254638672e+01 1.044468498229980469e+01
3.020283384323120117e+02 1.540646657943725586e+02 1.128313255310058594e+01 1.104654502868652344e+01
3.025630350112915039e+02 1.544580249786376953e+02 1.096279335021972656e+01 1.084119415283203125e+01
3.020953645706176758e+02 1.547975978851318359e+02 1.126618003845214844e+01 1.080801773071289062e+01
3.029095792770385742e+02 1.548676900863647461e+02 1.089235496520996094e+01 1.108748054504394531e+01
3.034080929756164551e+02 1.560401287078857422e+02 1.082010936737060547e+01 1.092166900634765625e+01
3.034205846786499023e+02 1.553575363159179688e+02 1.027078437805175781e+01 1.066625595092773438e+01
3.036501436233520508e+02 1.554322829246520996e+02 1.013184928894042969e+01 1.071719837188720703e+01
3.039545898437500000e+02 1.556543455123901367e+02 1.035101318359375000e+01 1.062730216979980469e+01
3.047681474685668945e+02 1.555526914596557617e+02 1.015180397033691406e+01 1.083089256286621094e+01
3.048627815246582031e+02 1.547996616363525391e+02 1.062062454223632812e+01 1.113764572143554688e+01
3.056166820526123047e+02 1.545398030281066895e+02 1.098881530761718750e+01 1.207730388641357422e+01
3.057493987083435059e+02 1.541757869720458984e+02 1.095929431915283203e+01 1.182014083862304688e+01
3.070216031074523926e+02 1.548133764266967773e+02 1.120361232757568359e+01 1.178256034851074219e+01
3.076199903488159180e+02 1.553439769744873047e+02 1.111470222473144531e+01 1.155099868774414062e+01
3.093755235671997070e+02 1.572548432350158691e+02 1.089540290832519531e+01 1.188005352020263672e+01
3.101640353202819824e+02 1.613150191307067871e+02 1.083949756622314453e+01 1.118082523345947266e+01
3.114525604248046875e+02 1.673473482131958008e+02 1.086026763916015625e+01 1.157832527160644531e+01
3.122279100418090820e+02 1.760029745101928711e+02 1.066593360900878906e+01 1.093361091613769531e+01
3.136635303497314453e+02 1.873367280960083008e+02 1.100355911254882812e+01 1.163223075866699219e+01
3.157791895866394043e+02 1.968761010169982910e+02 1.105612659454345703e+01 1.204697704315185547e+01
3.176493139266967773e+02 1.930885071754455566e+02 1.080263328552246094e+01 1.130338191986083984e+01
3.190707149505615234e+02 1.850841546058654785e+02 1.116449737548828125e+01 1.133620738983154297e+01
3.211673364639282227e+02 1.775030169486999512e+02 1.143950080871582031e+01 1.100164699554443359e+01
3.238404874801635742e+02 1.705521554946899414e+02 1.125145530700683594e+01 1.090358543395996094e+01
3.256593327522277832e+02 1.654862356185913086e+02 1.101483440399169922e+01 1.093273353576660156e+01
3.283369045257568359e+02 1.609618883132934570e+02 1.201371002197265625e+01 1.096247291564941406e+01
3.347222452163696289e+02 1.610293173789978027e+02 1.440354728698730469e+01 1.105147266387939453e+01
3.305185527801513672e+02 1.555823602676391602e+02 1.798886108398437500e+01 1.361789512634277344e+01
3.308604478836059570e+02 1.498449864387512207e+02 1.784142112731933594e+01 1.554286861419677734e+01
3.376782937049865723e+02 1.452831459045410156e+02 1.369862651824951172e+01 1.797173690795898438e+01
3.360680212974548340e+02 1.470920276641845703e+02 1.423764896392822266e+01 1.806573486328125000e+01
3.382364110946655273e+02 1.454006710052490234e+02 1.326773643493652344e+01 1.889455795288085938e+01
3.389244332313537598e+02 1.442422199249267578e+02 1.367177486419677734e+01 2.088956832885742188e+01
3.388008012771606445e+02 1.454247560501098633e+02 1.436555671691894531e+01 2.193884849548339844e+01
3.284151358604431152e+02 1.598229641914367676e+02 1.470755100250244141e+01 1.549628353118896484e+01
3.284420170783996582e+02 1.716365895271301270e+02 1.216290187835693359e+01 1.163156032562255859e+01
3.287150287628173828e+02 1.823324594497680664e+02 1.132500076293945312e+01 1.131890678405761719e+01
3.301251478195190430e+02 1.930755329132080078e+02 1.098328590393066406e+01 1.148257827758789062e+01
3.314143390655517578e+02 1.933233275413513184e+02 1.092129135131835938e+01 1.101042652130126953e+01
3.329141240119934082e+02 1.841975722312927246e+02 1.000000000000000000e+01 1.128441715240478516e+01
3.350570836067199707e+02 1.770696029663085938e+02 1.004665374755859375e+01 1.121444892883300781e+01
3.364693293571472168e+02 1.693543744087219238e+02 1.000000000000000000e+01 1.136549663543701172e+01
3.375996623039245605e+02 1.619028806686401367e+02 1.142454910278320312e+01 1.142714691162109375e+01
3.382304825782775879e+02 1.588020133972167969e+02 1.541449165344238281e+01 1.133395957946777344e+01
3.382727460861206055e+02 1.557050132751464844e+02 1.545134830474853516e+01 1.403515434265136719e+01
3.383419919013977051e+02 1.493539814949035645e+02 1.619374275207519531e+01 1.537157535552978516e+01
3.366404232978820801e+02 1.486639451980590820e+02 1.790208625793457031e+01 1.600737762451171875e+01
3.342593321800231934e+02 1.466135053634643555e+02 1.835741806030273438e+01 1.828069686889648438e+01
3.329545874595642090e+02 1.464183731079101562e+02 1.853365707397460938e+01 1.602289009094238281e+01
3.322217125892639160e+02 1.459377164840698242e+02 1.895314979553222656e+01 1.515481185913085938e+01
3.298931140899658203e+02 1.483671617507934570e+02 1.366064357757568359e+01 1.451760101318359375e+01
3.275213646888732910e+02 1.534256010055541992e+02 1.097800636291503906e+01 1.114413833618164062e+01
3.254192986488342285e+02 1.587301125526428223e+02 1.000000000000000000e+01 1.101335239410400391e+01
3.240956497192382812e+02 1.669864845275878906e+02 1.078970813751220703e+01 1.107963752746582031e+01
3.230045375823974609e+02 1.770798268318176270e+02 1.074862384796142578e+01 1.062073993682861328e+01
3.212264804840087891e+02 1.883969259262084961e+02 1.075821018218994141e+01 1.140421295166015625e+01
3.215674433708190918e+02 1.923365712165832520e+02 1.080213737487792969e+01 1.020329380035400391e+01
3.216844120025634766e+02 1.847727127075195312e+02 1.093772983551025391e+01 1.061352348327636719e+01
3.228967490196228027e+02 1.765259757041931152e+02 1.034391212463378906e+01 1.062147235870361328e+01
3.227730932235717773e+02 1.690970416069030762e+02 1.066318798065185547e+01 1.081225109100341797e+01
3.230711779594421387e+02 1.636705894470214844e+02 1.017897987365722656e+01 1.000000000000000000e+01
3.238990211486816406e+02 1.589755177497863770e+02 1.000000000000000000e+01 1.000000000000000000e+01
3.230289497375488281e+02 1.559090747833251953e+02 1.026692962646484375e+01 1.043354129791259766e+01
3.234237637519836426e+02 1.511700835227966309e+02 1.000000000000000000e+01 1.148236274719238281e+01
3.228586659431457520e+02 1.492632808685302734e+02 1.055075073242187500e+01 1.192012500762939453e+01
3.235529599189758301e+02 1.480029025077819824e+02 1.030977249145507812e+01 1.148673057556152344e+01
3.233856043815612793e+02 1.472992601394653320e+02 1.057769203186035156e+01 1.221321773529052734e+01
3.236033363342285156e+02 1.479764766693115234e+02 1.081242084503173828e+01 1.229781818389892578e+01
3.230159516334533691e+02 1.481191372871398926e+02 1.136743545532226562e+01 1.277484130859375000e+01
3.242445263862609863e+02 1.501430306434631348e+02 1.102292633056640625e+01 1.190705108642578125e+01
3.244122033119201660e+02 1.521614499092102051e+02 1.144449234008789062e+01 1.165638351440429688e+01
3.253001084327697754e+02 1.543287181854248047e+02 1.101432800292968750e+01 1.100120639801025391e+01
3.252186675071716309e+02 1.550608687400817871e+02 1.087325859069824219e+01 1.109427070617675781e+01
3.247002401351928711e+02 1.545530185699462891e+02 1.150695323944091797e+01 1.039638233184814453e+01
3.247451272010803223e+02 1.524360995292663574e+02 1.201026153564453125e+01 1.167758750915527344e+01
3.242308030128479004e+02 1.501362833976745605e+02 1.188286209106445312e+01 1.278213691711425781e+01
3.255392842292785645e+02 1.454462423324584961e+02 1.190022659301757812e+01 1.479997920989990234e+01
3.269797406196594238e+02 1.419798846244812012e+02 1.206924819946289062e+01 1.425446510314941406e+01
3.275435280799865723e+02 1.383672499656677246e+02 1.112166976928710938e+01 1.271445274353027344e+01
3.297437734603881836e+02 1.352927217483520508e+02 1.044063472747802734e+01 1.156066036224365234e+01
3.299226903915405273e+02 1.315507454872131348e+02 1.000000000000000000e+01 1.118614578247070312e+01
3.290960087776184082e+02 1.264595527648925781e+02 1.002514743804931641e+01 1.053151035308837891e+01
3.251171503067016602e+02 1.193065090179443359e+02 1.064442825317382812e+01 1.093433284759521484e+01
3.203046751022338867e+02 1.101425323486328125e+02 1.092853164672851562e+01 1.244757556915283203e+01
3.136166400909423828e+02 1.006278715133666992e+02 1.103896522521972656e+01 1.227152729034423828e+01
3.049786977767944336e+02 9.259258079528808594e+01 1.113832855224609375e+01 1.305339908599853516e+01
2.981328153610229492e+02 8.401333475112915039e+01 1.158245086669921875e+01 1.356731414794921875e+01
2.919736676216125488e+02 7.721742868423461914e+01 1.128830814361572266e+01 1.352882766723632812e+01
2.846021533012390137e+02 7.030585145950317383e+01 1.148976421356201172e+01 1.316939544677734375e+01
2.787191758155822754e+02 6.463255071640014648e+01 1.064558887481689453e+01 1.260748100280761719e+01
2.707013030052185059e+02 6.022387886047363281e+01 1.125550174713134766e+01 1.222610569000244141e+01
2.645758690834045410e+02 5.501141977310180664e+01 1.078267955780029297e+01 1.203955078125000000e+01
2.572886977195739746e+02 5.107734775543212891e+01 1.129793643951416016e+01 1.209453105926513672e+01
2.511230039596557617e+02 4.704518222808837891e+01 1.093999290466308594e+01 1.216570949554443359e+01
2.440155954360961914e+02 4.451269435882568359e+01 1.116478157043457031e+01 1.169845104217529297e+01
2.368820223808288574e+02 4.325379228591918945e+01 1.046859836578369141e+01 1.106555938720703125e+01
2.310132637023925781e+02 4.122386789321899414e+01 1.068693923950195312e+01 1.100124740600585938e+01
2.239617424011230469e+02 4.017961359024047852e+01 1.107566261291503906e+01 1.159502792358398438e+01
2.169615273475646973e+02 4.037818813323974609e+01 1.157747364044189453e+01 1.191656398773193359e+01
2.098363795280456543e+02 4.050898551940917969e+01 1.158606243133544922e+01 1.132464694976806641e+01
2.028140745162963867e+02 4.224580192565917969e+01 1.105117988586425781e+01 1.103662204742431641e+01
1.964925217628479004e+02 4.404051685333251953e+01 1.060678386688232422e+01 1.027325725555419922e+01
1.892086610794067383e+02 4.623714303970336914e+01 1.095310401916503906e+01 1.071446609497070312e+01
1.823723573684692383e+02 4.861715269088745117e+01 1.113653945922851562e+01 1.090794181823730469e+01
1.762670650482177734e+02 5.198751640319824219e+01 1.118099784851074219e+01 1.061447620391845703e+01
1.693688282966613770e+02 5.720157527923583984e+01 1.077625560760498047e+01 1.060809612274169922e+01
1.629912505149841309e+02 6.177334260940551758e+01 1.076982212066650391e+01 1.044091796875000000e+01
1.562749404907226562e+02 6.807073259353637695e+01 1.009636497497558594e+01 1.032829666137695312e+01
1.529950928688049316e+02 6.766868352890014648e+01 1.057883167266845703e+01 1.091929435729980469e+01
1.567696318626403809e+02 6.435980796813964844e+01 1.089968395233154297e+01 1.085276508331298828e+01
1.609116182327270508e+02 6.215125513076782227e+01 1.078377532958984375e+01 1.060501480102539062e+01
1.640281352996826172e+02 6.073952436447143555e+01 1.072332954406738281e+01 1.058387565612792969e+01
1.680674962997436523e+02 5.936245393753051758e+01 1.060862731933593750e+01 1.060972213745117188e+01
1.718095269203186035e+02 5.960812807083129883e+01 1.065741062164306641e+01 1.037990570068359375e+01
1.749254689216613770e+02 6.014273214340209961e+01 1.078997135162353516e+01 1.033305931091308594e+01
1.791710391044616699e+02 6.072147464752197266e+01 1.059754848480224609e+01 1.023392009735107422e+01
1.834471144676208496e+02 6.203303146362304688e+01 1.051417446136474609e+01 1.034607410430908203e+01
1.861157388687133789e+02 6.480207490921020508e+01 1.031761932373046875e+01 1.008278274536132812e+01
1.895611977577209473e+02 6.838685798645019531e+01 1.059813785552978516e+01 1.014845752716064453e+01
1.934697680473327637e+02 7.131032657623291016e+01 1.042393398284912109e+01 1.079844570159912109e+01
1.976425719261169434e+02 7.507857275009155273e+01 1.032055950164794922e+01 1.022471809387207031e+01
2.012764153480529785e+02 7.977131223678588867e+01 1.032090854644775391e+01 1.070638465881347656e+01
2.042660965919494629e+02 8.401822519302368164e+01 1.068003940582275391e+01 1.098804855346679688e+01
2.082757863998413086e+02 8.970788860321044922e+01 1.033802032470703125e+01 1.128966045379638672e+01
2.120332679748535156e+02 9.721700000762939453e+01 1.097288322448730469e+01 1.163253688812255859e+01
2.148794622421264648e+02 1.039042630195617676e+02 1.132085800170898438e+01 1.184006881713867188e+01
2.187855548858642578e+02 1.118799514770507812e+02 1.159042167663574219e+01 1.289177417755126953e+01
2.225870299339294434e+02 1.194708280563354492e+02 1.127578258514404297e+01 1.251268291473388672e+01
2.263795285224914551e+02 1.282953310012817383e+02 1.101688861846923828e+01 1.283657741546630859e+01
2.297921900749206543e+02 1.384276509284973145e+02 1.079181575775146484e+01 1.257303619384765625e+01
2.328803486824035645e+02 1.487304172515869141e+02 1.146941089630126953e+01 1.322378253936767578e+01
2.368595418930053711e+02 1.591445293426513672e+02 1.083683013916015625e+01 1.277425861358642578e+01
2.411994557380676270e+02 1.703954997062683105e+02 1.056959247589111328e+01 1.173787879943847656e+01
2.437081675529479980e+02 1.822333321571350098e+02 1.106387233734130859e+01 1.202457809448242188e+01
2.467773680686950684e+02 1.946620044708251953e+02 1.133279705047607422e+01 1.233788013458251953e+01
2.487529602050781250e+02 1.891869864463806152e+02 1.055851554870605469e+01 1.220801353454589844e+01
2.492517113685607910e+02 1.802122540473937988e+02 1.045082950592041016e+01 1.215379524230957031e+01
2.504733629226684570e+02 1.720387258529663086e+02 1.085575485229492188e+01 1.207091999053955078e+01
2.508218979835510254e+02 1.635051012039184570e+02 1.029203510284423828e+01 1.184031391143798828e+01
2.516021165847778320e+02 1.561221404075622559e+02 1.079360961914062500e+01 1.153001022338867188e+01
2.520591440200805664e+02 1.505780282020568848e+02 1.102317428588867188e+01 1.268876075744628906e+01
2.517557306289672852e+02 1.440868725776672363e+02 1.134720230102539062e+01 1.246825981140136719e+01
2.530196208953857422e+02 1.393177170753479004e+02 1.116629600524902344e+01 1.245137977600097656e+01
2.533455653190612793e+02 1.336062998771667480e+02 1.092428112030029297e+01 1.253843307495117188e+01
2.544534420967102051e+02 1.305309453010559082e+02 1.137815570831298828e+01 1.226959037780761719e+01
2.549345130920410156e+02 1.264409279823303223e+02 1.110695457458496094e+01 1.229382896423339844e+01
2.559256258010864258e+02 1.240384626388549805e+02 1.077981185913085938e+01 1.210692310333251953e+01
2.570702409744262695e+02 1.219370169639587402e+02 1.054853820800781250e+01 1.160286331176757812e+01
2.570354728698730469e+02 1.209404931068420410e+02 1.090038871765136719e+01 1.170029640197753906e+01
2.584860692024230957e+02 1.198043527603149414e+02 1.055959415435791016e+01 1.176754093170166016e+01
2.590606102943420410e+02 1.201357326507568359e+02 1.063918781280517578e+01 1.147505855560302734e+01
2.588448147773742676e+02 1.206496839523315430e+02 1.089044666290283203e+01 1.155062580108642578e+01
2.599141855239868164e+02 1.215206665992736816e+02 1.055022430419921875e+01 1.144748878479003906e+01
2.613841638565063477e+02 1.233331093788146973e+02 1.008721160888671875e+01 1.129359245300292969e+01
2.611458530426025391e+02 1.262247681617736816e+02 1.077195930480957031e+01 1.129116630554199219e+01
2.617149119377136230e+02 1.291074104309082031e+02 1.096887874603271484e+01 1.196857357025146484e+01
2.626626234054565430e+02 1.322513999938964844e+02 1.083432006835937500e+01 1.131848049163818359e+01
2.627483887672424316e+02 1.366090555191040039e+02 1.062649250030517578e+01 1.136952304840087891e+01
2.641798591613769531e+02 1.412320556640625000e+02 1.026960182189941406e+01 1.108129024505615234e+01
