6.100000000000000000e+01 3.200000000000000000e+01 1.100000000000000000e+01 3.500000000000000000e+01
6.088316488265991211e+01 3.169809913635253906e+01 1.193727588653564453e+01 3.542499923706054688e+01
6.185357427597045898e+01 3.138839530944824219e+01 1.164252185821533203e+01 3.589923477172851562e+01
6.238681173324584961e+01 3.200289916992187500e+01 1.118761157989501953e+01 3.586553192138671875e+01
6.390440797805786133e+01 3.215464782714843750e+01 1.094132137298583984e+01 3.583638000488281250e+01
6.506131935119628906e+01 3.164166259765625000e+01 1.064134597778320312e+01 3.538179779052734375e+01
6.619368076324462891e+01 3.160106468200683594e+01 1.018493461608886719e+01 3.550232315063476562e+01
6.583439445495605469e+01 3.150415229797363281e+01 1.079730606079101562e+01 3.542891311645507812e+01
6.593122625350952148e+01 3.138292312622070312e+01 1.148128986358642578e+01 3.506271362304687500e+01
6.727789831161499023e+01 3.214538574218750000e+01 1.126936054229736328e+01 3.533610534667968750e+01
6.720327043533325195e+01 3.132430648803710938e+01 1.158988094329833984e+01 3.544256591796875000e+01
6.823741865158081055e+01 3.206224822998046875e+01 1.237613773345947266e+01 3.453643798828125000e+01
6.856602859497070312e+01 3.224647140502929688e+01 1.281219482421875000e+01 3.434989929199218750e+01
7.003190565109252930e+01 3.247743034362792969e+01 1.342740726470947266e+01 3.430088424682617188e+01
6.952183675765991211e+01 3.182794570922851562e+01 1.429957294464111328e+01 3.622389221191406250e+01
7.108158969879150391e+01 3.227941894531250000e+01 1.421352195739746094e+01 3.520551300048828125e+01
7.286617755889892578e+01 3.243449592590332031e+01 1.360370445251464844e+01 3.534683609008789062e+01
7.359673976898193359e+01 3.309546279907226562e+01 1.426849555969238281e+01 3.506671905517578125e+01
7.495269775390625000e+01 3.502660751342773438e+01 1.251564025878906250e+01 3.286302947998046875e+01
7.665084981918334961e+01 4.136134529113769531e+01 1.396238422393798828e+01 2.846611404418945312e+01
7.728936433792114258e+01 3.694766998291015625e+01 1.282832241058349609e+01 3.332055664062500000e+01
7.769503116607666016e+01 3.830103492736816406e+01 1.325894737243652344e+01 3.287965011596679688e+01
7.740707349777221680e+01 4.294573307037353516e+01 1.599256992340087891e+01 2.865791893005371094e+01
7.773925638198852539e+01 3.925765419006347656e+01 1.440522289276123047e+01 3.207120895385742188e+01
7.703621292114257812e+01 4.073398971557617188e+01 1.517356872558593750e+01 3.065322875976562500e+01
7.838070201873779297e+01 3.894256496429443359e+01 1.318972969055175781e+01 3.134350013732910156e+01
7.889439153671264648e+01 3.981278038024902344e+01 1.461060047149658203e+01 2.938575363159179688e+01
8.031177616119384766e+01 3.841872978210449219e+01 1.360816001892089844e+01 3.279462814331054688e+01
8.020040416717529297e+01 3.449772834777832031e+01 1.480563545227050781e+01 3.636227798461914062e+01
8.269874143600463867e+01 3.506182479858399148e+01 1.381403446197509766e+01 3.575858306884764914e+01
8.376291513442993164e+01 3.605440902709960938e+01 1.297440624237060547e+01 3.625293731689453125e+01
8.486322593688964844e+01 3.142514038085937500e+01 1.416334152221679688e+01 3.876399993896484375e+01
8.498732376098632812e+01 3.027635574340820312e+01 1.473010253906250000e+01 4.111750793457031250e+01
8.657931709289550781e+01 3.116555595397949929e+01 1.459701156616210938e+01 4.080588150024413352e+01
8.814824056625366211e+01 3.040014266967772727e+01 1.399514484405517578e+01 4.027262878417969461e+01
8.864779663085937500e+01 3.283218574523925781e+01 1.465897369384765625e+01 3.772709274291992188e+01
8.988689184188842773e+01 3.189780616760253906e+01 1.522873401641845703e+01 3.931576919555664062e+01
8.861529636383056641e+01 3.386305999755858664e+01 1.644589805603027344e+01 3.654438018798828836e+01
9.069427108764648438e+01 3.068438148498535867e+01 1.667368316650390625e+01 4.146421432495116477e+01
9.013157558441162109e+01 3.195659828186035156e+01 1.797146797180175781e+01 4.074360275268554688e+01
9.113594532012939453e+01 3.299178123474121094e+01 1.669306755065917969e+01 3.815725326538085938e+01
9.292092323303222656e+01 3.623914146423339844e+01 1.638755416870117188e+01 3.444732284545898438e+01
9.442797136306762695e+01 3.331941032409667969e+01 1.583836269378662109e+01 4.055985641479492188e+01
9.420451068878173828e+01 2.734059715270996094e+01 1.707830619812011719e+01 4.500728225708007812e+01
9.516612529754638672e+01 2.854703712463378906e+01 2.089320564270019531e+01 4.424042892456054688e+01
9.730958652496337891e+01 3.042589569091796875e+01 2.165570640563964844e+01 4.207346343994140625e+01
9.525741386413574219e+01 3.345013999938964844e+01 2.324823379516601562e+01 4.005504989624023438e+01
9.833074283599853516e+01 3.223497772216797586e+01 2.303114128112792969e+01 4.216400146484374289e+01
9.935521125793457031e+01 3.959525299072265625e+01 2.241467666625976562e+01 4.050836181640625000e+01
1.005657730102539062e+02 3.394225692749023438e+01 2.068795013427734375e+01 4.264019012451171875e+01
1.000737295150756836e+02 3.143412399291992188e+01 2.111634254455566406e+01 4.677792358398437500e+01
1.004636077880859375e+02 3.418964767456054688e+01 2.146716308593750000e+01 4.059395599365234375e+01
1.014926395416259766e+02 3.348911476135253906e+01 2.041670608520507812e+01 4.138808822631835938e+01
1.018822765350341797e+02 3.136791419982910867e+01 2.140845108032226562e+01 4.301488876342772727e+01
1.012431163787841797e+02 3.007956504821777344e+01 2.157963180541992188e+01 4.354725265502929688e+01
1.020796194076538086e+02 4.109044837951660867e+01 2.123124885559082031e+01 3.390843582153319602e+01
1.041995439529418945e+02 4.113305664062500000e+01 2.000581932067871094e+01 3.543865966796875000e+01
1.049845333099365234e+02 4.301785850524901633e+01 1.872177505493164062e+01 3.572765731811524148e+01
1.064996767044067383e+02 3.809439468383789062e+01 1.920425987243652344e+01 3.673316955566406250e+01
1.042166748046875000e+02 4.411158180236815696e+01 2.001454162597656250e+01 3.275380325317383523e+01
1.056397800445556641e+02 3.497280883789061789e+01 2.107365798950195312e+01 3.997907257080078836e+01
1.053417778015136719e+02 4.123341178894043679e+01 2.191058349609375000e+01 3.558772659301757102e+01
1.059916391372680664e+02 4.493817329406738281e+01 2.178305625915527344e+01 3.256693649291992188e+01
1.068344621658325195e+02 4.574767589569091086e+01 2.319238853454589844e+01 3.129892158508301492e+01
1.118087224960327148e+02 3.605964469909667969e+01 2.092572975158691406e+01 3.719273757934570312e+01
1.041182222366333008e+02 4.460241413116455078e+01 2.243321800231933594e+01 3.072617912292480469e+01
1.147248601913452148e+02 3.946784210205078125e+01 1.844825172424316406e+01 3.467955017089843750e+01
1.031406955718994141e+02 4.554763221740722656e+01 2.013273239135742188e+01 3.164606094360351562e+01
1.026092491149902344e+02 4.236778450012207031e+01 2.536940765380859375e+01 3.221426010131835938e+01
1.018781194686889648e+02 4.458659553527832031e+01 2.552409553527832031e+01 3.224311447143554688e+01
1.148314638137817383e+02 3.558108329772949219e+01 2.657701683044433594e+01 3.899586868286132812e+01
1.160708627700805664e+02 3.541422080993652344e+01 2.196988487243652344e+01 3.754704666137695312e+01
1.181297502517700195e+02 3.527580070495605469e+01 2.043225669860839844e+01 3.811562728881835938e+01
1.205912179946899414e+02 3.575555229187011719e+01 1.887346458435058594e+01 3.624133682250976562e+01
1.222652492523193359e+02 3.839637184143067117e+01 1.718370437622070312e+01 3.600719833374022727e+01
1.240966925621032715e+02 3.889110755920410156e+01 1.573058795928955078e+01 3.729885482788085938e+01
1.252976236343383789e+02 3.894933319091796875e+01 1.550616264343261719e+01 3.697584533691406250e+01
1.252065944671630859e+02 4.001856994628906250e+01 1.577494430541992188e+01 3.567495727539062500e+01
1.256101188659667969e+02 3.983989524841308594e+01 1.527007293701171875e+01 3.610517501831054688e+01
1.264408493041992188e+02 3.919305038452148438e+01 1.641371917724609375e+01 3.673669433593750000e+01
1.279482870101928711e+02 3.887631416320801492e+01 1.505864906311035156e+01 3.641999435424803977e+01
1.287485952377319336e+02 3.994942092895507812e+01 1.542055702209472656e+01 3.536982727050781250e+01
1.310959415435791016e+02 3.906206703186035156e+01 1.465532302856445312e+01 3.660966110229492188e+01
1.327502822875976562e+02 4.018126869201660867e+01 1.384059906005859375e+01 3.512096023559569602e+01
1.336038799285888672e+02 4.002630805969238281e+01 1.432567214965820312e+01 3.702859878540039062e+01
1.345053048133850098e+02 3.950306892395020242e+01 1.480482769012451172e+01 3.742016983032225852e+01
1.353919434547424316e+02 3.959218788146972656e+01 1.466861248016357422e+01 3.663108444213867188e+01
1.361284289360046387e+02 4.247716331481934304e+01 1.312123203277587891e+01 3.282448959350585227e+01
1.359365515708923340e+02 4.542362499237060547e+01 1.360303211212158203e+01 3.078084754943847656e+01
1.368186774253845215e+02 4.399927902221679688e+01 1.400304126739501953e+01 3.291338348388671875e+01
1.365496301651000977e+02 4.906743335723876953e+01 1.633021354675292969e+01 2.886946678161621094e+01
1.378596563339233398e+02 4.350809860229492188e+01 1.628544807434082031e+01 3.273643493652343750e+01
1.384847040176391602e+02 4.630787658691406961e+01 1.671420097351074219e+01 3.152294921874999289e+01
1.379737482070922852e+02 4.764308166503906250e+01 1.910387229919433594e+01 3.019675445556640625e+01
1.403609285354614258e+02 3.978253746032714844e+01 1.719777488708496094e+01 3.768670272827148438e+01
1.419946651458740234e+02 3.937734222412109375e+01 1.606757736206054688e+01 3.772365570068359375e+01
1.428399930000305176e+02 3.906315422058106179e+01 1.407488918304443359e+01 3.839599227905272727e+01
1.453221068382263184e+02 3.911799430847168679e+01 1.287801837921142578e+01 3.795634841918944602e+01
1.466812338829040527e+02 3.968806648254394531e+01 1.231441974639892578e+01 3.648478317260742188e+01
1.473324661254882812e+02 4.037723922729492188e+01 1.279590606689453125e+01 3.790763092041015625e+01
1.477142944335937500e+02 4.018373489379882812e+01 1.283827209472656250e+01 3.682892608642578125e+01
1.474946384429931641e+02 4.017985725402832031e+01 1.337748336791992188e+01 3.732541275024414062e+01
1.481370134353637695e+02 3.981978225708007812e+01 1.381586265563964844e+01 3.672251129150390625e+01
1.484914617538452148e+02 3.979828834533691406e+01 1.440369606018066406e+01 3.679640579223632812e+01
1.497309694290161133e+02 3.982254600524903054e+01 1.474748039245605469e+01 3.732329940795897727e+01
1.498928194046020508e+02 4.088189506530761719e+01 1.558178520202636719e+01 3.677954483032226562e+01
1.502161116600036621e+02 4.028725433349609375e+01 1.560735797882080078e+01 3.655145263671875000e+01
1.527458314895629883e+02 3.972927856445312500e+01 1.379172325134277344e+01 3.740097045898437500e+01
1.552374095916748047e+02 4.055250740051269531e+01 1.209565353393554688e+01 3.680801773071289062e+01
1.553079466819763184e+02 4.066595649719238281e+01 1.197227191925048828e+01 3.836313247680664062e+01
1.571354260444641113e+02 4.111839294433593750e+01 1.152529048919677734e+01 3.697106170654296875e+01
1.581727018356323242e+02 4.091650390625000000e+01 1.158296394348144531e+01 3.619097137451171875e+01
1.579110136032104492e+02 4.077910041809082031e+01 1.229889106750488281e+01 3.626086044311523438e+01
1.580695991516113281e+02 4.042719650268554688e+01 1.301564025878906250e+01 3.755633544921875000e+01
1.592576756477355957e+02 3.992066001892089844e+01 1.307332515716552734e+01 3.799075698852539062e+01
1.592081179618835449e+02 4.072870063781738281e+01 1.418113040924072266e+01 3.637979507446289062e+01
1.601331124305725098e+02 4.140399742126464844e+01 1.480352306365966797e+01 3.633495712280273438e+01
1.610895318984985352e+02 4.155418586730957742e+01 1.462453269958496094e+01 3.613901138305663352e+01
1.617347922325134277e+02 4.080923843383789062e+01 1.525066852569580078e+01 3.694289398193359375e+01
1.609522047042846680e+02 4.084485626220703125e+01 1.538407325744628906e+01 3.734500885009765625e+01
1.619541869163513184e+02 4.057442092895507812e+01 1.482375812530517578e+01 3.738763427734375000e+01
1.626389422416687012e+02 4.096219635009765625e+01 1.468776035308837891e+01 3.778292083740234375e+01
1.636955738067626953e+02 4.134514045715332031e+01 1.438165664672851562e+01 3.810671615600585938e+01
1.635899620056152344e+02 4.135150146484375000e+01 1.436004638671875000e+01 3.860604095458984375e+01
1.637341451644897461e+02 4.106875228881835938e+01 1.446199226379394531e+01 3.838737487792968750e+01
1.637032718658447266e+02 4.045958709716796875e+01 1.497202682495117188e+01 3.859211730957031250e+01
1.626820611953735352e+02 4.107256698608398438e+01 1.578280448913574219e+01 3.883235931396484375e+01
1.620665731430053711e+02 4.155568313598632812e+01 1.657434272766113281e+01 3.861749267578125000e+01
1.624036026000976562e+02 4.124518775939941406e+01 1.684117126464843750e+01 3.940540695190429688e+01
1.618984117507934570e+02 4.162400245666503906e+01 1.754623222351074219e+01 4.032905197143554688e+01
1.623772268295288086e+02 4.105628204345702414e+01 1.747268867492675781e+01 4.403650665283203836e+01
1.619113101959228516e+02 4.145513916015625000e+01 1.789751052856445312e+01 4.065869140625000000e+01
1.621481065750122070e+02 4.089203262329101562e+01 1.711938285827636719e+01 3.976243591308593750e+01
1.630751814842224121e+02 4.191799354553223367e+01 1.489625263214111328e+01 4.083977890014647727e+01
1.623550577163696289e+02 4.159821510314942117e+01 1.586386680603027344e+01 4.431785964965819602e+01
1.622122101783752441e+02 4.157640647888182883e+01 1.543172740936279297e+01 3.993177413940430398e+01
1.625916409492492676e+02 4.107735252380371094e+01 1.401023006439208984e+01 3.953185653686523438e+01
1.625350341796875000e+02 4.165026473999023438e+01 1.322795867919921875e+01 3.791036987304687500e+01
1.621658482551574707e+02 4.060857009887695312e+01 1.261575222015380859e+01 3.775853729248046875e+01
1.615031189918518066e+02 4.166098213195800781e+01 1.332464122772216797e+01 4.011978530883789062e+01
1.605272121429443359e+02 4.150834274291992898e+01 1.190380477905273438e+01 3.785539245605468039e+01
1.599366402626037598e+02 4.100730705261230469e+01 1.303753948211669922e+01 3.769202041625976562e+01
1.591528763771057129e+02 4.195191192626953125e+01 1.339523601531982422e+01 3.586760711669921875e+01
1.577384309768676758e+02 4.152191543579101562e+01 1.414086723327636719e+01 3.607122039794921875e+01
1.570573430061340332e+02 4.111473655700683594e+01 1.441331386566162109e+01 3.613224411010742188e+01
1.561432452201843262e+02 4.106862068176269531e+01 1.516217899322509766e+01 3.625111770629882812e+01
1.543174409866333008e+02 4.106802368164062500e+01 1.607326316833496094e+01 3.630077362060546875e+01
1.533299274444580078e+02 4.014930915832519531e+01 1.529363632202148438e+01 3.754273605346679688e+01
1.536794862747192383e+02 4.071035003662109375e+01 1.430528831481933594e+01 3.702166748046875000e+01
1.525982093811035156e+02 4.025437164306641336e+01 1.366400146484375000e+01 3.678029632568358664e+01
1.523602795600891113e+02 4.022207450866699219e+01 1.317052364349365234e+01 3.654811477661132812e+01
1.505444979667663574e+02 4.017542457580566406e+01 1.252450656890869141e+01 3.807082748413085938e+01
1.484636077880859375e+02 4.044843864440917969e+01 1.407315063476562500e+01 3.678322219848632812e+01
1.471105351448059082e+02 4.082902336120605469e+01 1.468459224700927734e+01 3.676677322387695312e+01
1.477262349128723145e+02 4.036033058166504617e+01 1.402669429779052734e+01 3.682078170776366477e+01
1.476607565879821777e+02 4.097383499145507812e+01 1.389558124542236328e+01 3.627653503417968750e+01
1.460505390167236328e+02 4.103405570983886719e+01 1.477015304565429688e+01 3.579403305053710938e+01
1.457651042938232422e+02 4.033703994750976562e+01 1.508304214477539062e+01 3.697974395751953125e+01
1.437077369689941406e+02 4.065748596191406250e+01 1.647442626953125000e+01 3.700651550292968750e+01
1.428542137145996094e+02 4.015881919860840554e+01 1.621665954589843750e+01 3.686819839477538352e+01
1.419465832710266113e+02 3.979467773437499289e+01 1.571933650970458984e+01 3.811433410644531961e+01
1.400855102539062500e+02 4.140170478820800071e+01 1.738877868652343750e+01 3.714675521850586648e+01
1.396090297698974609e+02 4.124223136901855469e+01 1.688891983032226562e+01 3.905069351196289062e+01
1.388444480895996094e+02 4.055787277221678977e+01 1.547997283935546875e+01 3.873184967041016336e+01
1.379554519653320312e+02 4.155268859863280539e+01 1.620527648925781250e+01 3.636682128906250711e+01
1.372308702468872070e+02 4.541762161254882102e+01 1.660021781921386719e+01 3.484400177001953836e+01
1.374215688705444336e+02 5.070921707153320312e+01 1.511016273498535156e+01 3.416049957275390625e+01
1.362271819114685059e+02 4.809231662750244141e+01 1.473224353790283203e+01 2.921881675720214844e+01
1.346535501480102539e+02 4.047981834411621094e+01 1.390189933776855469e+01 3.512156295776367188e+01
1.347851285934448242e+02 3.868605995178222656e+01 1.434268379211425781e+01 3.577500534057617188e+01
1.332907433509826660e+02 3.900428581237792969e+01 1.516865062713623047e+01 3.682195663452148438e+01
1.332484302520751953e+02 3.929183006286621094e+01 1.490483474731445312e+01 3.624242019653320312e+01
1.322068223953247070e+02 4.579117488861084695e+01 1.428825950622558594e+01 2.914760780334471946e+01
1.304362602233886719e+02 3.983838081359863281e+01 1.614211273193359375e+01 3.468297195434570312e+01
1.271043338775634766e+02 3.765929222106933594e+01 1.653379440307617188e+01 3.631909561157226562e+01
1.244268827438354492e+02 3.686614036560059304e+01 1.878772163391113281e+01 3.848817825317382102e+01
1.260399584770202637e+02 3.996544837951660156e+01 1.559065341949462891e+01 3.577591323852539062e+01
1.242271938323974609e+02 3.932445907592773438e+01 1.701842117309570312e+01 3.574218750000000000e+01
1.243560705184936523e+02 3.771902847290039773e+01 1.602199745178222656e+01 3.681970214843749289e+01
1.242544193267822266e+02 3.684653091430663352e+01 1.511709213256835938e+01 3.800871276855469461e+01
1.224698600769042969e+02 3.729029273986816406e+01 1.528401184082031250e+01 3.821580886840820312e+01
1.217807407379150391e+02 3.634259986877441406e+01 1.600887680053710938e+01 3.832674789428710938e+01
1.209258270263671875e+02 3.464076423645019531e+01 1.650749969482421875e+01 3.942577743530273438e+01
1.196512279510498047e+02 3.365850067138671164e+01 1.729528427124023438e+01 4.043502044677735086e+01
1.183421249389648438e+02 3.403607368469238281e+01 1.865692138671875000e+01 3.924742507934570312e+01
1.173756761550903320e+02 3.560023880004882812e+01 1.913369560241699219e+01 3.723735046386718750e+01
1.161068143844604492e+02 3.646748733520507102e+01 1.933070564270019531e+01 3.667753601074219461e+01
1.115907163619995117e+02 3.697272300720214133e+01 2.173471260070800781e+01 3.621458816528321023e+01
1.048123788833618164e+02 4.343862438201904297e+01 2.125057792663574219e+01 3.133377265930175781e+01
1.058917579650878906e+02 4.525250816345214844e+01 2.220642852783203125e+01 3.096937179565429688e+01
1.068077135086059570e+02 4.020309448242188211e+01 2.134007072448730469e+01 3.687714385986327414e+01
1.048385620117187500e+02 4.532560634613037109e+01 2.165745544433593750e+01 3.185548591613769531e+01
1.053264894485473633e+02 3.546925544738769531e+01 2.070033073425292969e+01 4.066099166870117188e+01
1.067395296096801758e+02 3.746406555175781961e+01 1.924533653259277344e+01 4.015859985351561789e+01
1.055631704330444336e+02 3.965396118164062500e+01 2.015734291076660156e+01 3.662471771240234375e+01
1.049478816986083984e+02 3.953824806213378906e+01 2.001720046997070312e+01 3.770640182495117188e+01
1.030689754486083984e+02 4.162111854553222656e+01 2.113111495971679688e+01 3.679737472534179688e+01
1.037981786727905273e+02 4.586991786956787109e+01 1.843297004699707031e+01 3.170734596252441406e+01
1.024623699188232422e+02 4.437430953979492188e+01 1.952662277221679688e+01 3.335841369628906250e+01
1.027873229980468750e+02 4.102879333496093039e+01 1.901874542236328125e+01 3.644374084472656961e+01
1.024208364486694336e+02 3.948044586181640625e+01 2.004525947570800781e+01 3.943223571777343750e+01
1.011142425537109375e+02 3.662777709960937500e+01 2.085075378417968750e+01 4.228426361083984375e+01
9.792321014404296875e+01 3.413903999328613281e+01 2.460060882568359375e+01 4.347288131713867188e+01
9.949439334869384766e+01 3.181217765808105469e+01 2.170662498474121094e+01 4.606244277954101562e+01
9.659978675842285156e+01 3.258021736145019531e+01 2.356335067749023438e+01 4.322198867797851562e+01
9.733089351654052734e+01 3.282567214965820312e+01 1.919825172424316406e+01 4.315045166015625000e+01
9.684199714660644531e+01 3.351090812683105469e+01 1.789172744750976562e+01 4.124605178833007812e+01
9.581791591644287109e+01 3.312336540222167969e+01 1.717270088195800781e+01 3.952953720092773438e+01
9.493279075622558594e+01 3.273493576049805398e+01 1.567449569702148438e+01 3.939651489257811789e+01
9.440805387496948242e+01 3.585854339599609375e+01 1.500915622711181641e+01 3.579555511474609375e+01
9.392206096649169922e+01 3.680239105224610086e+01 1.467082405090332031e+01 3.538562774658202414e+01
9.312528610229492188e+01 3.660844612121582031e+01 1.442209625244140625e+01 3.571493148803710938e+01
9.212421417236328125e+01 3.587635421752929688e+01 1.442096710205078125e+01 3.607852935791015625e+01
9.196647071838378906e+01 3.818426322937011719e+01 1.359547805786132812e+01 3.352292251586914062e+01
9.051582241058349609e+01 3.776471328735351562e+01 1.407927131652832031e+01 3.360976409912109375e+01
8.879452705383300781e+01 3.439580154418945312e+01 1.343704605102539062e+01 3.600847625732421875e+01
8.762904167175292969e+01 3.355580711364746094e+01 1.294516372680664062e+01 3.834173202514648438e+01
8.788196420669555664e+01 3.494862556457519531e+01 1.488770580291748047e+01 3.465642166137695312e+01
8.545434522628784180e+01 3.418195533752441406e+01 1.548299503326416016e+01 3.533685684204101562e+01
8.441985034942626953e+01 3.365645694732666016e+01 1.617246818542480469e+01 3.119612693786621094e+01
8.200116634368896484e+01 3.374872779846191406e+01 1.619761085510253906e+01 3.538010025024414062e+01
8.156657505035400391e+01 3.610494995117187500e+01 1.583682060241699219e+01 3.456348419189453125e+01
8.128588771820068359e+01 3.770726776123046875e+01 1.516500282287597656e+01 3.300963592529296875e+01
7.946235132217407227e+01 4.307810592651367188e+01 1.566267681121826172e+01 2.761526489257812500e+01
7.910699939727783203e+01 4.072097873687744141e+01 1.488425254821777344e+01 2.880605888366699219e+01
7.843874073028564453e+01 3.983529567718505859e+01 1.447991752624511719e+01 3.023414802551269531e+01
7.768663787841796875e+01 3.952449417114257812e+01 1.396360015869140625e+01 3.200624084472656250e+01
7.733997344970703125e+01 3.993489742279052734e+01 1.364871978759765625e+01 3.199254035949707031e+01
7.781397676467895508e+01 3.824383735656738281e+01 1.213021755218505859e+01 3.374786758422851562e+01
7.735980081558227539e+01 3.583390426635742188e+01 1.252373027801513672e+01 3.301714324951171875e+01
7.577912282943725586e+01 3.348820686340332031e+01 1.305005359649658203e+01 3.792861557006835938e+01
7.463393259048461914e+01 3.232382011413574219e+01 1.170812511444091797e+01 3.638863754272460938e+01
7.231734752655029297e+01 3.293474769592285156e+01 1.304886054992675781e+01 3.494710922241210938e+01
7.175108098983764648e+01 3.348872184753417969e+01 1.292554187774658203e+01 3.442117691040039062e+01
7.133590030670166016e+01 3.324095535278320312e+01 1.254636955261230469e+01 3.420153045654296875e+01
7.030209732055664062e+01 3.290908622741699219e+01 1.229246520996093750e+01 3.462166213989257812e+01
6.865306329727172852e+01 3.217821502685546875e+01 1.169691753387451172e+01 3.498357391357421875e+01
6.793441295623779297e+01 3.256076812744140625e+01 1.129232978820800781e+01 3.490503692626953125e+01
6.701095819473266602e+01 3.230179595947265625e+01 1.178628826141357422e+01 3.499294281005859375e+01
6.672805166244506836e+01 3.192725372314453125e+01 1.105714893341064453e+01 3.540470123291015625e+01
6.625458812713623047e+01 3.189712715148925781e+01 1.059390449523925781e+01 3.463280105590820312e+01
6.463670825958251953e+01 3.188670921325683594e+01 1.067626762390136719e+01 3.494918441772460938e+01
6.389651203155517578e+01 3.191810607910156250e+01 1.046441459655761719e+01 3.515481567382812500e+01
6.188505983352661133e+01 3.227290725708007812e+01 1.146193599700927734e+01 3.335017395019531250e+01
6.098664140701293945e+01 3.162487602233886719e+01 1.228648281097412109e+01 3.551612472534179688e+01
5.953703832626342773e+01 3.179538917541503906e+01 1.324926471710205078e+01 3.523959732055664062e+01
5.777916574478149414e+01 3.168070983886718750e+01 1.367798137664794922e+01 3.456634521484375000e+01
5.738648700714111328e+01 3.198107147216796875e+01 1.370583915710449219e+01 3.450263977050781250e+01
5.620960521697998047e+01 3.126324272155761719e+01 1.400192451477050781e+01 3.461663436889648438e+01
5.553705310821533203e+01 3.120899963378906250e+01 1.350703239440917969e+01 3.483047485351562500e+01
5.484214019775390625e+01 3.065639495849609375e+01 1.307022857666015625e+01 3.557013702392578125e+01
5.487318944931030273e+01 3.077608108520507812e+01 1.183377552032470703e+01 3.550057983398437500e+01
5.426477146148681641e+01 2.986087417602539062e+01 1.131197929382324219e+01 3.569254302978515625e+01
5.472281789779663086e+01 2.988857650756835938e+01 1.031671619415283203e+01 3.537130737304687500e+01
5.388514232635498047e+01 2.963627243041992188e+01 1.000000000000000000e+01 3.566815185546875000e+01
5.177558469772338867e+01 3.009053802490234375e+01 1.033820247650146484e+01 3.506358337402343750e+01
5.136037349700927734e+01 3.005273628234863281e+01 1.087758636474609375e+01 3.479103469848632812e+01
4.908881378173828125e+01 3.002289199829101562e+01 1.195680809020996094e+01 3.461654663085937500e+01
4.746519136428833008e+01 2.963587570190429688e+01 1.351266193389892578e+01 3.528455352783203125e+01
4.571353960037231445e+01 3.003671264648437500e+01 1.458224964141845703e+01 3.464845275878906250e+01
4.499853706359863281e+01 2.974072837829589844e+01 1.441350746154785156e+01 3.417737197875976562e+01
4.450494003295898438e+01 2.948909378051757812e+01 1.358870506286621094e+01 3.484745788574218750e+01
4.493575000762939453e+01 2.873217010498046875e+01 1.202952194213867188e+01 3.558144378662109375e+01
4.421617507934570312e+01 2.845487022399902344e+01 1.190537834167480469e+01 3.483136367797851562e+01
4.337939167022705078e+01 2.800504875183105469e+01 1.113811874389648438e+01 3.516331863403320312e+01
4.243112659454345703e+01 2.732363891601562500e+01 1.104347610473632812e+01 3.547044372558593750e+01
4.159946250915527344e+01 2.731974029541015625e+01 1.101594734191894531e+01 3.621146392822265625e+01
4.053708839416503906e+01 2.757859992980957031e+01 1.156181526184082031e+01 3.593286514282226562e+01
4.019508647918701172e+01 2.681042480468750000e+01 1.126177978515625000e+01 3.573572540283203125e+01
3.852722549438476562e+01 2.668266296386718750e+01 1.153683280944824219e+01 3.673046112060546875e+01
3.696446752548217773e+01 2.622228622436523438e+01 1.177881908416748047e+01 3.599063110351562500e+01
3.655829381942749023e+01 2.689924430847167969e+01 1.259331035614013672e+01 3.411651992797851562e+01
3.480600023269653320e+01 2.767017364501953125e+01 1.404422473907470703e+01 3.354824829101562500e+01
3.455192661285400391e+01 2.752112579345703125e+01 1.314815902709960938e+01 3.404347229003906250e+01
3.391699886322021484e+01 2.699826622009277344e+01 1.273387145996093750e+01 3.472393417358398438e+01
3.292646884918212891e+01 2.688145828247070312e+01 1.301634597778320312e+01 3.462807464599609375e+01
3.178777742385864258e+01 2.593610954284667969e+01 1.389002704620361328e+01 3.528105545043945312e+01
3.169924116134643555e+01 2.628577232360839844e+01 1.308712673187255859e+01 3.514365768432617188e+01
3.133850574493408203e+01 2.567184066772460938e+01 1.206733322143554688e+01 3.570957183837890625e+01
3.118583011627197266e+01 2.515296745300292969e+01 1.145815658569335938e+01 3.594587326049804688e+01
3.053981637954711914e+01 2.568713378906250000e+01 1.069552707672119141e+01 3.666967010498046875e+01
2.925478601455688477e+01 2.643375015258789062e+01 1.137169742584228516e+01 3.427064514160156250e+01
2.885686063766479492e+01 2.530093383789062500e+01 1.194599819183349609e+01 3.630644989013671875e+01
2.661937236785888672e+01 2.662947082519531250e+01 1.277011108398437500e+01 3.509751129150390625e+01
2.642354536056518555e+01 2.420306777954101562e+01 1.291276454925537109e+01 3.658734130859375000e+01
2.622394466400146484e+01 2.363402175903320312e+01 1.331624603271484375e+01 3.672960662841796875e+01
2.595052766799926758e+01 2.428616523742675781e+01 1.321948719024658203e+01 3.587184524536132812e+01
2.483027267456054688e+01 2.418566513061523438e+01 1.417040824890136719e+01 3.641172790527343750e+01
2.526651096343994141e+01 2.286485290527343750e+01 1.316834640502929688e+01 3.771128845214843750e+01
2.467413663864135742e+01 2.317676162719726562e+01 1.333273220062255859e+01 3.658084106445312500e+01
2.402415275573730469e+01 2.338321876525878906e+01 1.323364448547363281e+01 3.590026473999023438e+01
2.345847892761230469e+01 2.372311973571777344e+01 1.421842384338378906e+01 3.610238265991210938e+01
2.391582059860229492e+01 2.383312034606933594e+01 1.387962245941162109e+01 3.634698867797851562e+01
2.324487829208374023e+01 2.338647460937500000e+01 1.430063152313232422e+01 3.608717346191406250e+01
2.321470928192138672e+01 2.380928802490234375e+01 1.463348388671875000e+01 3.523093414306640625e+01
2.351579570770263672e+01 2.385894203186035156e+01 1.428891754150390625e+01 3.542621231079101562e+01
2.352457857131958008e+01 2.335665893554687500e+01 1.386456012725830078e+01 3.600571441650390625e+01
2.550090789794921875e+01 2.510680961608886719e+01 1.273309898376464844e+01 3.434257888793945312e+01
2.423068189620971680e+01 2.448128700256347656e+01 1.338291835784912109e+01 3.520233535766601562e+01
2.467396593093872070e+01 2.423551177978515625e+01 1.303113269805908203e+01 3.546899414062500000e+01
2.419797372817993164e+01 2.381498527526855469e+01 1.330125522613525391e+01 3.576974868774414062e+01
2.436442852020263672e+01 2.341973876953125000e+01 1.294256591796875000e+01 3.601808166503906250e+01
2.484248733520507812e+01 2.432408332824707031e+01 1.343666648864746094e+01 3.499218368530273438e+01
2.476940107345581055e+01 2.402025413513183594e+01 1.317651271820068359e+01 3.591893386840820312e+01
2.633167839050292969e+01 2.541178512573242188e+01 1.201791572570800781e+01 3.412015533447265625e+01
2.613160610198974609e+01 2.518563842773437500e+01 1.243077850341796875e+01 3.394491577148437500e+01
2.724620628356933594e+01 2.636044883728027344e+01 1.177354621887207031e+01 3.276401138305664062e+01
2.803865909576416016e+01 2.565185928344726562e+01 1.106812667846679688e+01 3.422079467773437500e+01
2.826635456085205078e+01 2.528306961059570312e+01 1.105768966674804688e+01 3.461964416503906250e+01
2.884512519836425781e+01 2.561564826965332031e+01 1.171551704406738281e+01 3.458847427368164062e+01
2.971102714538574219e+01 2.667238426208496094e+01 1.134015846252441406e+01 3.349180984497070312e+01
3.011010599136352539e+01 2.556893157958984375e+01 1.117798709869384766e+01 3.604965209960937500e+01
3.061335086822509766e+01 2.588272285461425781e+01 1.114848709106445312e+01 3.516681289672851562e+01
3.079777574539184570e+01 2.600461959838867188e+01 1.187791919708251953e+01 3.544459533691406250e+01
3.056561088562011719e+01 2.644186210632324219e+01 1.239226722717285156e+01 3.570042037963867188e+01
3.143861722946166992e+01 2.618419456481933594e+01 1.242974758148193359e+01 3.555900192260742188e+01
3.206227254867553711e+01 2.692952728271484375e+01 1.277169322967529297e+01 3.507445526123046875e+01
3.216282558441162109e+01 2.626679611206054688e+01 1.308649444580078125e+01 3.534416961669921875e+01
3.416128778457641602e+01 2.689766502380371094e+01 1.192629337310791016e+01 3.540198135375976562e+01
3.506829071044921875e+01 2.630075263977050781e+01 1.097646903991699219e+01 3.570117568969726562e+01
3.625478458404541016e+01 2.614160156250000000e+01 1.079040145874023438e+01 3.570159149169921875e+01
3.758489370346069336e+01 2.677598381042480469e+01 1.063521862030029297e+01 3.618548965454101562e+01
3.808317327499389648e+01 2.681554985046386719e+01 1.102382183074951172e+01 3.635816574096679688e+01
3.785631418228149414e+01 2.676968193054199219e+01 1.146344089508056641e+01 3.603098678588867188e+01
3.871244621276855469e+01 2.634199523925781250e+01 1.119487190246582031e+01 3.618984222412109375e+01
3.847737407684326172e+01 2.707466316223144531e+01 1.222599029541015625e+01 3.558414077758789062e+01
3.898944759368896484e+01 2.771978187561035156e+01 1.200049591064453125e+01 3.417533493041992188e+01
4.031910419464111328e+01 2.772999191284179688e+01 1.205455398559570312e+01 3.371655273437500000e+01
3.964681005477905273e+01 2.743176651000976562e+01 1.408234691619873047e+01 3.514608764648437500e+01
4.129565143585205078e+01 2.713409233093261719e+01 1.357647323608398438e+01 3.568413162231445312e+01
4.230634641647338867e+01 2.835709762573242188e+01 1.320772457122802734e+01 3.601163482666015625e+01
4.405692148208618164e+01 2.839980316162109375e+01 1.192617130279541016e+01 3.711219787597656250e+01
4.499069356918334961e+01 2.845710945129394531e+01 1.199508190155029297e+01 3.436028671264648438e+01
4.624871873855590820e+01 2.814513206481933594e+01 1.171345996856689453e+01 3.495833969116210938e+01
4.695527601242065430e+01 2.878376388549804688e+01 1.181301784515380859e+01 3.648732757568359375e+01
4.870202302932739258e+01 2.832501029968261719e+01 1.079578113555908203e+01 3.690302658081054688e+01
4.924701976776123047e+01 2.817715072631835938e+01 1.128606414794921875e+01 3.678651428222656250e+01
4.962788009643554688e+01 2.794294357299804688e+01 1.190318870544433594e+01 3.613735198974609375e+01
4.991544198989868164e+01 2.819248580932617188e+01 1.254244327545166016e+01 3.595622253417968750e+01
4.993346357345581055e+01 2.918262481689453125e+01 1.284643459320068359e+01 3.521855163574218750e+01
5.134580183029174805e+01 3.008774948120117188e+01 1.358141994476318359e+01 3.415178680419921875e+01
5.144304227828979492e+01 2.987723159790039062e+01 1.349183559417724609e+01 3.493685913085937500e+01
5.322110366821289062e+01 3.047845268249511719e+01 1.255154991149902344e+01 3.440083694458007812e+01
5.561764335632324219e+01 3.047086906433105469e+01 1.127610969543457031e+01 3.516107559204101562e+01
5.566507720947265625e+01 3.060171508789062500e+01 1.266355705261230469e+01 3.564710235595703125e+01
5.788933277130126953e+01 3.078923034667968750e+01 1.114964675903320312e+01 3.512119293212890625e+01
5.884508562088012695e+01 3.091172218322753906e+01 1.153233051300048828e+01 3.523048782348632812e+01
5.977468299865722656e+01 3.055630493164062500e+01 1.129848670959472656e+01 3.508786773681640625e+01
6.087651538848876953e+01 3.060206031799316406e+01 1.097066116333007812e+01 3.485033798217773438e+01
6.120924568176269531e+01 3.006581306457519531e+01 1.115460395812988281e+01 3.597620010375976562e+01
6.199711275100708008e+01 3.006807518005371094e+01 1.187128162384033203e+01 3.562034988403320312e+01
6.276101589202880859e+01 3.142713737487792969e+01 1.245191955566406250e+01 3.564571762084960938e+01
6.257477951049804688e+01 3.127319908142089844e+01 1.375639915466308594e+01 3.526935195922851562e+01
6.267494106292724609e+01 3.254242706298828125e+01 1.411534881591796875e+01 3.450843048095703125e+01
6.436507940292358398e+01 3.299207115173339844e+01 1.353879070281982422e+01 3.429304885864257812e+01
6.544432449340820312e+01 3.171840476989746094e+01 1.347270011901855469e+01 3.527926254272460938e+01
6.700996685028076172e+01 3.291038894653320312e+01 1.314260101318359375e+01 3.413763427734375000e+01
6.857980346679687500e+01 3.280198097229003906e+01 1.288584709167480469e+01 3.554256057739257812e+01
7.021179056167602539e+01 3.173370552062988281e+01 1.180731296539306641e+01 3.626663589477539062e+01
7.125902223587036133e+01 3.235279273986816406e+01 1.195724964141845703e+01 3.645456314086914062e+01
7.285221004486083984e+01 3.180277633666992188e+01 1.098849487304687500e+01 3.626206970214843750e+01
7.359053230285644531e+01 3.261492156982421875e+01 1.130948066711425781e+01 3.504921722412109375e+01
7.371688175201416016e+01 3.402290916442871094e+01 1.202944564819335938e+01 3.429911422729492188e+01
7.386316633224487305e+01 3.512262725830078125e+01 1.233076381683349609e+01 3.195378112792968750e+01
7.494611644744873047e+01 3.572801208496093750e+01 1.335882568359375000e+01 3.223919677734375000e+01
7.496067810058593750e+01 3.489412689208984375e+01 1.451748466491699219e+01 3.513462829589843750e+01
7.500198268890380859e+01 3.672449302673339844e+01 1.636477661132812500e+01 3.358706283569335938e+01
7.513052558898925781e+01 3.811467361450195312e+01 1.610729408264160156e+01 3.081951141357421875e+01
7.626085805892944336e+01 3.943822097778320312e+01 1.583221721649169922e+01 3.025028228759765625e+01
7.797655200958251953e+01 4.084817600250244141e+01 1.466468429565429688e+01 2.985525321960449219e+01
7.971682167053222656e+01 4.145008754730224609e+01 1.363454627990722656e+01 2.877518653869628906e+01
8.092877197265625000e+01 3.870737457275390625e+01 1.210975456237792969e+01 3.117439270019531250e+01
8.243815517425537109e+01 4.211152458190917969e+01 1.259471130371093750e+01 2.755586624145507812e+01
8.462314939498901367e+01 3.706244468688964844e+01 1.240779018402099609e+01 3.294552993774414062e+01
8.530076217651367188e+01 3.693195533752441406e+01 1.339595603942871094e+01 3.325768661499023438e+01
8.569801664352416992e+01 3.289339065551757812e+01 1.511955928802490234e+01 3.664649200439453125e+01
8.440244960784912109e+01 3.111176109313964844e+01 1.753610992431640625e+01 3.471098709106445312e+01
8.593617248535156250e+01 3.480097961425781961e+01 1.748025321960449219e+01 3.307951354980468039e+01
8.732261657714843750e+01 3.357205009460449219e+01 1.615492820739746094e+01 3.549795913696289062e+01
8.892215633392333984e+01 3.585894584655761719e+01 1.645587921142578125e+01 3.539329147338867188e+01
8.866938400268554688e+01 3.704995155334472656e+01 1.746990013122558594e+01 3.419440078735351562e+01
9.152817296981811523e+01 3.522356224060057883e+01 1.589740276336669922e+01 3.677605056762696023e+01
9.157155323028564453e+01 3.731713104248046875e+01 1.625136947631835938e+01 3.450050354003906250e+01
9.283550357818603516e+01 3.711283493041992188e+01 1.531601333618164062e+01 3.494516754150390625e+01
9.444350099563598633e+01 3.700006103515625711e+01 1.414985370635986328e+01 3.532211303710936789e+01
9.425165605545043945e+01 3.351512908935546875e+01 1.562524890899658203e+01 3.821240997314453125e+01
9.655465698242187500e+01 3.277939224243163352e+01 1.732610893249511719e+01 3.911713409423828836e+01
9.773315238952636719e+01 3.202886009216309304e+01 1.708671760559082031e+01 4.021061325073241477e+01
9.745490074157714844e+01 3.344388961791992898e+01 1.708606910705566406e+01 3.905615997314452414e+01
9.828487491607666016e+01 3.499356079101562500e+01 2.122041702270507812e+01 3.776216888427734375e+01
9.985321521759033203e+01 3.575205039978027344e+01 1.998781204223632812e+01 3.735507583618164062e+01
1.000847969055175781e+02 3.481861877441406250e+01 2.047767448425292969e+01 3.927993774414062500e+01
1.009725856781005859e+02 3.467598915100097656e+01 2.040894508361816406e+01 3.933933639526367188e+01
1.014781436920166016e+02 3.430767059326171875e+01 2.108166694641113281e+01 4.002637481689453125e+01
1.020257329940795898e+02 3.372700309753418679e+01 1.998159790039062500e+01 4.123057937622069602e+01
1.025477943420410156e+02 3.347914314270019531e+01 2.038514518737792969e+01 4.099681472778320312e+01
1.042189903259277344e+02 3.687165069580078125e+01 1.930096244812011719e+01 3.816152954101562500e+01
1.066683359146118164e+02 3.917472267150878906e+01 1.798767471313476562e+01 3.705186080932617188e+01
1.053895759582519531e+02 4.383096885681152344e+01 1.797285270690917969e+01 3.724763107299804688e+01
1.075840358734130859e+02 3.838884162902832031e+01 1.886703681945800781e+01 3.825831985473632812e+01
1.055722312927246094e+02 4.476390075683593750e+01 2.086963462829589844e+01 3.407939147949218750e+01
1.055482835769653320e+02 4.420418357849120383e+01 2.243363571166992188e+01 3.312069320678711648e+01
1.060500869750976562e+02 4.557266998291015625e+01 2.235302543640136719e+01 3.128095245361328125e+01
1.063559312820434570e+02 4.599235343933105469e+01 2.372732925415039062e+01 2.990248489379882812e+01
1.027657976150512695e+02 4.816404438018798118e+01 2.332047653198242188e+01 2.915358543395996804e+01
1.026872177124023438e+02 4.422476482391358132e+01 2.445925712585449219e+01 2.962495613098143821e+01
1.051832275390625000e+02 4.775097084045410156e+01 1.730460929870605469e+01 2.729255294799804688e+01
1.032430686950683594e+02 4.325643444061279297e+01 2.655525016784667969e+01 3.064353370666503906e+01
1.039218349456787109e+02 4.453318214416503906e+01 1.952551460266113281e+01 3.285756301879882812e+01
1.040540819168090820e+02 4.492632675170898438e+01 2.138252639770507812e+01 3.029038238525390625e+01
1.208909368515014648e+02 3.477651596069335938e+01 1.738774108886718750e+01 3.837472534179687500e+01
1.232405142784118652e+02 3.678215217590332031e+01 1.531389141082763672e+01 3.756692886352539062e+01
1.237379913330078125e+02 3.818931007385253906e+01 1.699223136901855469e+01 3.585239028930664062e+01
1.250896887779235840e+02 3.898207283020020242e+01 1.564802837371826172e+01 3.569179153442382102e+01
1.270184187889099121e+02 3.892911148071289062e+01 1.519280529022216797e+01 3.657276916503906250e+01
1.263572740554809570e+02 3.913105773925781250e+01 1.624350357055664062e+01 3.586566162109375000e+01
1.272001905441284180e+02 3.836394309997558594e+01 1.604875946044921875e+01 3.572850418090820312e+01
1.297659130096435547e+02 4.024485015869140625e+01 1.460801887512207031e+01 3.304585266113281250e+01
1.314355654716491699e+02 3.978621101379394531e+01 1.450771236419677734e+01 3.503237533569335938e+01
1.334606084823608398e+02 3.976162147521972656e+01 1.563539886474609375e+01 3.666228103637695312e+01
1.347784695625305176e+02 4.004261016845703125e+01 1.471517658233642578e+01 3.639498901367187500e+01
1.348140430450439453e+02 4.171310234069824929e+01 1.452066230773925781e+01 3.447923660278319602e+01
1.369814224243164062e+02 4.121522331237792969e+01 1.426995658874511719e+01 3.495066452026367188e+01
1.379084005355834961e+02 4.615747737884521484e+01 1.580440521240234375e+01 3.032725715637207031e+01
1.403422651290893555e+02 4.859104728698730469e+01 1.461373901367187500e+01 2.837864303588867188e+01
1.390040922164916992e+02 5.030629920959472656e+01 1.641747283935546875e+01 2.717975997924804688e+01
1.401059141159057617e+02 4.191863250732421875e+01 1.606060028076171875e+01 3.521096038818359375e+01
1.408720254898071289e+02 4.627102661132812500e+01 1.645020675659179688e+01 3.168215179443359375e+01
1.415137224197387695e+02 3.983729171752929688e+01 1.678403091430664062e+01 3.798989105224609375e+01
1.415567073822021484e+02 4.096723937988281250e+01 1.791811561584472656e+01 3.705303192138671875e+01
1.423083181381225586e+02 4.235300064086914062e+01 1.746752166748046875e+01 3.575419616699218750e+01
1.447222557067871094e+02 4.101391029357910156e+01 1.614912986755371094e+01 3.739570236206054688e+01
1.465992226600646973e+02 4.035917854309082742e+01 1.557958316802978516e+01 3.800481033325194602e+01
1.488820271492004395e+02 4.049448776245116477e+01 1.370131397247314453e+01 3.798033142089844461e+01
1.494010477066040039e+02 4.067197227478027344e+01 1.357284164428710938e+01 3.758755111694335938e+01
1.497605695724487305e+02 4.006803131103515625e+01 1.367525482177734375e+01 3.743885040283203125e+01
1.527511777877807617e+02 4.025707817077636719e+01 1.223190307617187500e+01 3.737097549438476562e+01
1.546767315864562988e+02 4.047323799133300781e+01 1.148200702667236328e+01 3.605527877807617188e+01
1.555387868881225586e+02 3.972559165954589844e+01 1.280596160888671875e+01 3.692142868041992188e+01
1.564942116737365723e+02 3.973908424377441406e+01 1.362349033355712891e+01 3.716138076782226562e+01
1.564612092971801758e+02 4.092393684387207031e+01 1.430537033081054688e+01 3.552513504028320312e+01
1.572972111701965332e+02 4.116594505310058594e+01 1.591559314727783203e+01 3.595846939086914062e+01
1.580256128311157227e+02 4.178194427490234375e+01 1.698093032836914062e+01 3.574712371826171875e+01
1.585036134719848633e+02 4.187061309814453836e+01 1.740307235717773438e+01 3.632552337646483664e+01
1.595986404418945312e+02 4.134419250488281250e+01 1.683717155456542969e+01 3.647837829589843750e+01
1.609237108230590820e+02 4.144246292114257812e+01 1.635038375854492188e+01 3.733431243896484375e+01
1.615937666893005371e+02 4.125499725341797586e+01 1.593710613250732422e+01 3.795018768310546164e+01
1.638801531791687012e+02 4.100705146789551492e+01 1.542069911956787109e+01 3.829971694946288352e+01
1.652510910034179688e+02 4.122973442077636008e+01 1.706210136413574219e+01 3.824715042114258523e+01
1.670390701293945312e+02 4.189414978027343039e+01 1.829944419860839844e+01 4.044484710693360086e+01
1.649122266769409180e+02 4.296943092346191406e+01 2.238876342773437500e+01 5.105915451049804688e+01
1.276700973510742188e+02 7.604716110229492188e+01 3.129125022888183594e+01 5.321179962158203125e+01
1.214991941452026367e+02 7.833680534362792969e+01 3.829510498046875000e+01 5.092712783813476562e+01
1.005945234298706055e+02 4.403805923461914062e+01 2.571777343750000000e+01 5.863111877441406250e+01
9.927192592620849609e+01 4.886585998535156250e+01 2.566423797607421875e+01 3.665689849853515625e+01
1.013851461410522461e+02 4.875047302246093750e+01 2.236434173583984375e+01 3.218461608886718750e+01
1.038495759963989258e+02 4.835532379150390625e+01 1.946792984008789062e+01 2.936645507812500000e+01
1.036132802963256836e+02 4.915607261657714844e+01 1.862025451660156250e+01 2.969227981567382812e+01
1.055668258666992188e+02 4.884502124786376953e+01 1.749315452575683594e+01 2.691284751892089844e+01
1.050939664840698242e+02 4.826596832275390625e+01 1.608222198486328125e+01 3.080320739746093750e+01
1.051850128173828125e+02 4.822701549530029297e+01 1.730631828308105469e+01 2.879457283020019531e+01
1.046338453292846680e+02 4.755195045471191406e+01 1.752304077148437500e+01 3.126759719848632812e+01
1.053763236999511719e+02 4.794411182403564453e+01 1.805596733093261719e+01 2.940308952331542969e+01
1.042105665206909180e+02 4.815648841857910156e+01 1.831695556640625000e+01 3.207107162475585938e+01
1.045575923919677734e+02 4.879320335388183594e+01 1.771993446350097656e+01 2.833416366577148438e+01
1.055679349899291992e+02 4.784240531921386719e+01 1.750282287597656250e+01 2.892698287963867188e+01
1.042776842117309570e+02 4.857296848297119141e+01 1.727173233032226562e+01 2.966351890563964844e+01
1.054972953796386719e+02 4.873095417022705078e+01 1.790271568298339844e+01 2.799702262878417969e+01
1.052561855316162109e+02 4.705635070800781250e+01 1.766034889221191406e+01 3.138690185546875000e+01
1.029252910614013672e+02 4.782263278961181641e+01 1.953485298156738281e+01 3.119087028503417969e+01
1.049651584625244141e+02 4.835118389129639382e+01 1.756524085998535156e+01 2.784971809387206321e+01
1.042929506301879883e+02 4.678899192810058594e+01 1.960799026489257812e+01 3.016843032836914062e+01
1.041876544952392578e+02 4.854337215423583274e+01 1.899505043029785156e+01 3.028141212463379617e+01
1.041876401901245117e+02 4.842588615417480469e+01 1.841599273681640625e+01 2.998260116577148438e+01
1.054332494735717773e+02 4.786625289916992188e+01 1.804953765869140625e+01 2.923094177246093750e+01
1.024968185424804688e+02 4.662351322174072266e+01 2.188183403015136719e+01 2.965103721618652344e+01
1.057004489898681641e+02 4.926854133605957031e+01 1.830952644348144531e+01 2.658842849731445312e+01
1.050094900131225586e+02 4.801515865325927734e+01 1.682918548583984375e+01 3.016638374328613281e+01
1.049856071472167969e+02 4.788582801818847656e+01 1.742874717712402344e+01 2.996461105346679688e+01
1.045273199081420898e+02 4.751640129089355469e+01 1.751445007324218750e+01 3.104416275024414062e+01
1.053584823608398438e+02 4.805904388427734375e+01 1.814237785339355469e+01 2.849534606933593750e+01
1.045674915313720703e+02 4.834631252288818359e+01 1.704361152648925781e+01 3.031878089904785156e+01
1.043802108764648438e+02 4.848343181610107422e+01 1.790416526794433594e+01 2.988228797912597656e+01
1.046113271713256836e+02 4.854790019989014382e+01 1.849074554443359375e+01 2.935234260559081321e+01
1.045978155136108398e+02 4.864206314086914062e+01 1.753450775146484375e+01 3.133192443847656250e+01
1.050805292129516602e+02 4.925204658508300781e+01 1.739871597290039062e+01 2.858061599731445312e+01
1.048368749618530273e+02 4.779433155059814453e+01 1.725048828125000000e+01 3.128177452087402344e+01
1.047215614318847656e+02 4.847427368164063211e+01 1.839018058776855469e+01 2.945844268798827414e+01
1.045159072875976562e+02 4.869088363647460938e+01 1.776865196228027344e+01 3.091374969482421875e+01
1.052874584197998047e+02 4.872518444061279297e+01 1.728274726867675781e+01 2.890300941467285156e+01
1.049950227737426758e+02 4.774288368225097656e+01 1.717689895629882812e+01 3.160180282592773438e+01
1.042671833038330078e+02 4.737054920196533203e+01 1.802525520324707031e+01 3.124474143981933594e+01
1.005582752227783203e+02 4.648256301879882812e+01 2.292510414123535156e+01 2.847894287109375000e+01
1.043369779586791992e+02 4.942969417572020774e+01 1.831173706054687500e+01 2.668121528625488992e+01
1.034477462768554688e+02 4.713657379150390625e+01 2.062300682067871094e+01 3.007718658447265625e+01
1.049214468002319336e+02 4.810434055328369141e+01 1.796785736083984375e+01 3.138841056823730469e+01
1.054128217697143555e+02 4.962565326690673828e+01 1.867578125000000000e+01 2.776125907897949219e+01
1.046176872253417969e+02 4.709193801879882812e+01 1.728896903991699219e+01 3.283708953857421875e+01
1.048858070373535156e+02 4.802695083618164062e+01 1.777284049987792969e+01 2.915959930419921875e+01
1.044218769073486328e+02 4.761208152770996094e+01 1.779488563537597656e+01 3.046172714233398438e+01
1.052433671951293945e+02 4.756300354003906250e+01 1.786600112915039062e+01 2.887960815429687500e+01
1.038727092742919922e+02 4.841260528564453125e+01 1.781163978576660156e+01 3.058482360839843750e+01
1.045514860153198242e+02 4.820923709869384766e+01 1.758033752441406250e+01 2.850400352478027344e+01
1.039070415496826172e+02 4.736252021789550781e+01 2.049151039123535156e+01 2.818628311157226562e+01
1.016226482391357422e+02 4.671054840087890625e+01 2.158595466613769531e+01 2.983827209472656250e+01
1.047114458084106445e+02 4.677555561065673828e+01 1.907639694213867188e+01 2.840524864196777344e+01
1.015810575485229492e+02 4.798491287231445312e+01 2.196402740478515625e+01 2.881417083740234375e+01
1.048586063385009766e+02 4.760060596466064453e+01 1.873508644104003906e+01 2.822059440612792969e+01
1.017366771697998047e+02 4.736755466461181641e+01 2.140537452697753906e+01 2.850757408142089844e+01
1.043310871124267578e+02 4.729582118988037820e+01 1.959166908264160156e+01 2.795730018615721946e+01
1.035594654083251953e+02 4.922870922088623047e+01 1.986632728576660156e+01 2.838156318664550781e+01
1.048507585525512695e+02 4.902469253540039062e+01 1.854237747192382812e+01 2.674215698242187500e+01
1.029516553878784180e+02 4.939514446258544922e+01 2.046594238281250000e+01 2.812694740295410156e+01
1.048206052780151367e+02 4.856479167938232422e+01 1.843376159667968750e+01 2.764457130432128906e+01
1.039561843872070312e+02 4.879959106445312500e+01 1.713060569763183594e+01 2.923819732666015625e+01
1.046544475555419922e+02 4.809405326843261719e+01 1.761719703674316406e+01 2.883354568481445312e+01
1.034595699310302734e+02 4.671687316894531250e+01 1.938826942443847656e+01 3.026126861572265625e+01
1.028614597320556641e+02 4.845527362823486328e+01 2.075974464416503906e+01 2.765055656433105469e+01
1.052652587890625000e+02 4.815651607513427734e+01 1.820547294616699219e+01 2.800469398498535156e+01
1.042148389816284180e+02 4.840830898284912109e+01 1.724704742431640625e+01 2.967775917053222656e+01
1.055051536560058594e+02 4.802202796936035156e+01 1.757924461364746094e+01 2.773985671997070312e+01
1.034791269302368164e+02 4.954260921478271484e+01 1.839033889770507812e+01 2.889612007141113281e+01
1.051977357864379883e+02 4.905516147613526101e+01 1.783983993530273438e+01 2.746520042419432883e+01
1.042818670272827148e+02 4.849822711944580078e+01 1.652436828613281250e+01 3.031851005554199219e+01
1.043374662399291992e+02 4.801764965057373047e+01 1.763172912597656250e+01 2.797141456604003906e+01
1.029332265853881836e+02 4.602275371551513672e+01 2.051547241210937500e+01 3.063822364807128906e+01
1.038509378433227539e+02 4.732283115386962891e+01 2.004500198364257812e+01 2.879739189147949219e+01
1.032835025787353516e+02 4.785350513458251953e+01 2.118830299377441406e+01 2.775691795349121094e+01
1.032837791442871094e+02 4.823001098632811789e+01 2.007922935485839844e+01 2.986230468750000711e+01
1.048653240203857422e+02 4.823401165008544211e+01 1.842245674133300781e+01 2.773832130432129617e+01
1.041918907165527344e+02 4.837247848510742188e+01 1.689665031433105469e+01 3.017822265625000000e+01
1.054559383392333984e+02 4.851617908477783203e+01 1.743144416809082031e+01 2.761336326599121094e+01
1.035965375900268555e+02 4.923159027099609375e+01 1.962630462646484375e+01 2.788487243652343750e+01
1.054876880645751953e+02 4.804275703430175781e+01 1.787814521789550781e+01 2.854239273071289062e+01
1.040588073730468750e+02 4.847522926330566406e+01 1.829467582702636719e+01 3.036124038696289062e+01
1.048277082443237305e+02 4.927904319763183594e+01 1.823095703125000000e+01 2.781914901733398438e+01
1.053003425598144531e+02 4.808341217041015625e+01 1.790999412536621094e+01 2.937381744384765625e+01
1.048093395233154297e+02 4.782712459564208984e+01 1.803931617736816406e+01 2.987622261047363281e+01
1.042268381118774414e+02 4.825329685211182351e+01 1.982944107055664062e+01 2.828105735778807883e+01
1.024639081954956055e+02 4.648119544982910156e+01 2.067203521728515625e+01 3.182497787475585938e+01
1.054734268188476562e+02 4.788356876373290305e+01 1.858955192565917969e+01 2.826955986022949929e+01
1.033449659347534180e+02 4.790731906890869141e+01 1.768213653564453125e+01 3.106117057800292969e+01
1.042279281616210938e+02 4.806394004821777344e+01 1.957974815368652344e+01 2.849924850463867188e+01
1.020366048812866211e+02 4.601714611053466797e+01 2.112398529052734375e+01 3.141459083557128906e+01
1.047971773147583008e+02 4.747985935211181641e+01 1.984872055053710938e+01 2.808463859558105469e+01
1.026292104721069336e+02 4.916123390197753906e+01 2.142085266113281250e+01 2.730723953247070312e+01
1.016440925598144531e+02 4.682732963562011719e+01 2.109860801696777344e+01 2.899062728881835938e+01
1.026016139984130859e+02 4.528691864013672586e+01 2.149567604064941406e+01 2.795909118652343039e+01
1.048226251602172852e+02 4.892659854888916726e+01 1.684032058715820312e+01 2.810472679138182883e+01
1.050127210617065430e+02 4.848926067352294922e+01 1.843878173828125000e+01 2.743912696838378906e+01
1.027501211166381836e+02 4.913337421417236328e+01 2.086008453369140625e+01 2.903563499450683594e+01
1.041364221572875977e+02 4.902094459533692117e+01 1.920251846313476562e+01 2.705153274536132102e+01
1.041613845825195312e+02 4.817798328399658203e+01 1.811113548278808594e+01 3.021849632263183594e+01
1.050055246353149414e+02 4.791969490051269531e+01 1.856940078735351562e+01 2.882291793823242188e+01
1.037591819763183594e+02 4.816142082214356179e+01 1.849708366394042969e+01 3.167018508911132102e+01
1.042160730361938477e+02 4.846055126190185547e+01 1.816348648071289062e+01 2.844291877746582031e+01
1.032329339981079102e+02 4.686180305480957031e+01 1.995289230346679688e+01 3.115780258178710938e+01
1.052330789566040039e+02 4.682364368438720703e+01 1.890867996215820312e+01 3.024915122985839844e+01
1.040180358886718750e+02 4.845866966247558594e+01 1.753406333923339844e+01 3.124180984497070312e+01
1.044136514663696289e+02 4.911306571960449219e+01 1.767445755004882812e+01 2.784188461303710938e+01
1.043820981979370117e+02 4.787090110778808594e+01 1.822195434570312500e+01 2.959418869018554688e+01
1.043950138092041016e+02 4.828693866729737039e+01 1.901857185363769531e+01 2.855090904235839133e+01
1.042006654739379883e+02 4.757818603515625000e+01 1.806699752807617188e+01 3.171764373779296875e+01
1.047640123367309570e+02 4.797199153900146484e+01 1.893688583374023438e+01 2.769714546203613281e+01
1.021933479309082031e+02 4.712307643890380859e+01 2.114467430114746094e+01 2.937767982482910156e+01
1.032424421310424805e+02 4.548353481292724609e+01 2.100196075439453125e+01 3.000562477111816406e+01
1.047800931930541992e+02 4.952901268005371094e+01 1.922554016113281250e+01 2.671796035766601562e+01
1.042693901062011719e+02 4.900830554962158203e+01 1.776139640808105469e+01 3.026503562927246094e+01
1.041951589584350586e+02 4.822522258758545632e+01 1.820737457275390625e+01 2.792341041564940696e+01
1.032346372604370117e+02 4.640487766265869141e+01 2.000074005126953125e+01 3.006279563903808594e+01
1.011243362426757812e+02 4.619698810577393289e+01 2.190053367614746094e+01 2.888059043884276633e+01
1.036536111831665039e+02 4.788307380676269531e+01 2.010470199584960938e+01 2.684431838989257812e+01
1.021212415695190430e+02 4.715785312652588601e+01 2.200450134277343750e+01 2.626012992858886008e+01
1.029664802551269531e+02 4.814164352416992188e+01 1.954118156433105469e+01 2.800020599365234375e+01
1.018868083953857422e+02 4.636584663391113281e+01 2.201457405090332031e+01 2.864613723754882812e+01
1.046051082611083984e+02 4.816609382629394531e+01 1.970121192932128906e+01 2.680595016479492188e+01
1.033916816711425781e+02 4.778680610656738281e+01 1.999085807800292969e+01 2.892088699340820312e+01
1.001494102478027344e+02 4.513425636291503906e+01 2.261239433288574219e+01 3.102991104125976562e+01
1.039266757965087891e+02 4.331888008117675781e+01 2.059684944152832031e+01 3.405804824829101562e+01
1.053196296691894531e+02 4.915879917144775391e+01 1.777017021179199219e+01 2.672940635681152344e+01
1.053156003952026367e+02 4.813309383392333984e+01 1.722662353515625000e+01 3.038062477111816406e+01
1.045586338043212891e+02 4.839009571075439453e+01 1.759198951721191406e+01 3.060174369812011719e+01
1.048123779296875000e+02 4.875454330444336648e+01 1.804147148132324219e+01 2.919813537597655539e+01
1.044893980026245117e+02 4.821884918212890625e+01 1.786585998535156250e+01 3.107688140869140625e+01
1.049546518325805664e+02 4.898229789733886719e+01 1.780654525756835938e+01 2.876044845581054688e+01
1.051043214797973633e+02 4.858001518249511719e+01 1.783048629760742188e+01 3.050442123413085938e+01
1.046323814392089844e+02 4.767864990234375000e+01 1.812043571472167969e+01 3.177205657958984375e+01
1.043148012161254883e+02 4.833817863464355469e+01 1.824555587768554688e+01 3.157064437866210938e+01
1.044760370254516602e+02 4.832577133178710938e+01 1.758069229125976562e+01 2.872946929931640625e+01
1.053974628448486328e+02 4.699827861785888672e+01 1.777975654602050781e+01 2.965516853332519531e+01
1.028404216766357422e+02 4.660912322998046875e+01 2.036857032775878906e+01 3.149718475341796875e+01
1.055470294952392578e+02 4.713378620147705078e+01 1.870862770080566406e+01 3.001996421813964844e+01
1.036322002410888672e+02 4.815348720550537109e+01 1.930944252014160156e+01 3.110555458068847656e+01
1.043946132659912109e+02 4.887120437622071023e+01 1.883448219299316406e+01 2.859754943847655539e+01
1.052467212677001953e+02 4.791010475158692117e+01 1.796824836730957031e+01 3.031070327758788352e+01
1.051441307067871094e+02 4.817990207672119141e+01 1.728310966491699219e+01 3.158651542663574219e+01
1.044873628616333008e+02 4.801636505126953125e+01 1.818944168090820312e+01 3.206656646728515625e+01
1.048022441864013672e+02 4.815154743194580078e+01 1.742796516418457031e+01 2.988141441345214844e+01
1.045235557556152344e+02 4.796464729309082031e+01 1.679006767272949219e+01 3.062682723999023438e+01
1.056400108337402344e+02 4.858917617797851562e+01 1.780689811706542969e+01 2.801015472412109375e+01
1.047129678726196289e+02 4.748479652404785156e+01 1.604107284545898438e+01 3.070728683471679688e+01
1.053183145523071289e+02 4.792185592651367188e+01 1.746625900268554688e+01 3.001590728759765625e+01
1.050893411636352539e+02 4.781425285339355469e+01 1.717910385131835938e+01 3.047459793090820312e+01
1.046410770416259766e+02 4.812341690063476562e+01 1.688608741760253906e+01 3.061036682128906250e+01
1.046128587722778320e+02 4.850969886779785156e+01 1.756940841674804688e+01 2.986267471313476562e+01
1.054433355331420898e+02 4.798188877105712891e+01 1.780450439453125000e+01 3.034049797058105469e+01
1.050589475631713867e+02 4.756510734558106179e+01 1.700254821777343750e+01 3.173350906372069602e+01
1.048970518112182617e+02 4.857884883880615945e+01 1.808295440673828125e+01 2.970324134826659446e+01
1.053823213577270508e+02 4.816535568237305398e+01 1.794416427612304688e+01 2.994195556640624289e+01
1.051729459762573242e+02 4.757942771911621804e+01 1.702978515625000000e+01 3.183908462524413352e+01
1.046114454269409180e+02 4.850136470794677734e+01 1.714974212646484375e+01 3.141590309143066406e+01
1.045333833694458008e+02 4.834160137176514382e+01 1.772040176391601562e+01 2.848391151428221946e+01
1.057130641937255859e+02 4.744611740112304688e+01 1.756768989562988281e+01 2.947612762451171875e+01
1.040619459152221680e+02 4.886184215545654297e+01 1.889243316650390625e+01 2.943687629699707031e+01
1.051966905593872070e+02 4.857923221588134766e+01 1.765391921997070312e+01 2.894643974304199219e+01
1.048089199066162109e+02 4.836565589904785156e+01 1.649227333068847656e+01 3.010190963745117188e+01
1.054300088882446289e+02 4.829333019256591797e+01 1.734021377563476562e+01 2.935794258117675781e+01
1.043279685974121094e+02 4.930269622802734375e+01 1.664360618591308594e+01 2.987757873535156250e+01
1.048279285430908203e+02 4.820979881286621094e+01 1.720597267150878906e+01 2.937589645385742188e+01
1.057383375167846680e+02 4.761847591400146484e+01 1.723070526123046875e+01 2.953973579406738281e+01
1.046260833740234375e+02 4.853065490722656250e+01 1.651834678649902344e+01 3.040846252441406250e+01
1.050344800949096680e+02 4.789046192169189453e+01 1.712031555175781250e+01 2.876242637634277344e+01
1.052446546554565430e+02 4.740322685241699219e+01 1.772701263427734375e+01 3.077884292602539062e+01
1.052525329589843750e+02 4.761604118347167969e+01 1.707016563415527344e+01 3.201917648315429688e+01
1.046464672088623047e+02 4.756597137451171875e+01 1.791282081604003906e+01 3.097154998779296875e+01
1.053022632598876953e+02 4.771710777282714844e+01 1.757991981506347656e+01 2.883133316040039062e+01
1.043936357498168945e+02 4.802589225769042969e+01 1.696114730834960938e+01 3.106196975708007812e+01
1.048866147994995117e+02 4.779981517791748047e+01 1.716253662109375000e+01 2.830459785461425781e+01
1.046699104309082031e+02 4.837563514709472656e+01 1.874615287780761719e+01 3.019784927368164062e+01
1.053245878219604492e+02 4.910341262817382812e+01 1.655317687988281250e+01 3.007131958007812500e+01
1.048970479965209961e+02 4.787010383605957031e+01 1.667358398437500000e+01 3.060881423950195312e+01
1.049932870864868164e+02 4.798808956146240234e+01 1.734074783325195312e+01 2.946239662170410156e+01
1.052826547622680664e+02 4.793947029113769531e+01 1.774022293090820312e+01 3.068097305297851562e+01
1.052484703063964844e+02 4.835758495330810547e+01 1.701552391052246094e+01 3.092457008361816406e+01
1.048623685836791992e+02 4.762095546722412109e+01 1.719891357421875000e+01 3.006077003479003906e+01
1.051822977066040039e+02 4.798726463317871094e+01 1.756182479858398438e+01 3.059532546997070312e+01
1.058068971633911133e+02 4.810157108306885476e+01 1.756348037719726562e+01 2.898435783386229758e+01
1.049350976943969727e+02 4.864093208312988281e+01 1.687519454956054688e+01 3.043040847778320312e+01
1.053007316589355469e+02 4.863418197631835938e+01 1.703864860534667969e+01 2.932931518554687500e+01
1.050491933822631836e+02 4.801620864868164062e+01 1.682223510742187500e+01 3.099262237548828125e+01
1.057755842208862305e+02 4.764024353027343750e+01 1.709375000000000000e+01 2.815236663818359375e+01
1.049453697204589844e+02 4.826097393035888672e+01 1.771578788757324219e+01 2.949390602111816406e+01
1.049599704742431641e+02 4.812294673919677734e+01 1.657840156555175781e+01 2.989644813537597656e+01
1.055953874588012695e+02 4.781462383270263672e+01 1.733811569213867188e+01 2.943958473205566406e+01
1.047616310119628906e+02 4.907568645477294922e+01 1.636404991149902344e+01 2.941101264953613281e+01
1.051596193313598633e+02 4.747094345092773438e+01 1.692277145385742188e+01 2.853139495849609375e+01
1.043381185531616211e+02 4.865638160705566406e+01 1.733625793457031250e+01 2.786083602905273438e+01
1.051771316528320312e+02 4.831965255737304688e+01 1.737187004089355469e+01 2.855129241943359375e+01
1.051609601974487305e+02 4.751942825317382812e+01 1.658693695068359375e+01 3.087760925292968750e+01
1.051485242843627930e+02 4.869113159179687500e+01 1.727886962890625000e+01 2.970402526855468750e+01
1.056072072982788086e+02 4.840076828002929688e+01 1.710871887207031250e+01 2.894412994384765625e+01
1.053591213226318359e+02 4.792302703857421875e+01 1.682721900939941406e+01 3.083157348632812500e+01
1.050816726684570312e+02 4.816500568389892578e+01 1.652256584167480469e+01 3.043816184997558594e+01
1.055876436233520508e+02 4.791574668884277344e+01 1.737827682495117188e+01 2.977688217163085938e+01
1.047853660583496094e+02 4.902526664733886719e+01 1.627460289001464844e+01 3.009418869018554688e+01
1.055735874176025391e+02 4.682499313354492188e+01 1.717096900939941406e+01 3.001114654541015625e+01
1.040340957641601562e+02 4.978968715667724609e+01 1.726260948181152344e+01 2.842854499816894531e+01
1.051705799102783203e+02 4.674585437774658203e+01 1.723587226867675781e+01 3.012986564636230469e+01
1.045169334411621094e+02 4.853815650939941406e+01 1.732766532897949219e+01 2.905990982055664062e+01
1.055986890792846680e+02 4.755029010772705078e+01 1.699736022949218750e+01 2.973313713073730469e+01
1.048464517593383789e+02 4.946644973754882812e+01 1.725532913208007812e+01 2.930402374267578125e+01
1.054196643829345703e+02 4.797998619079589844e+01 1.724182319641113281e+01 2.888900375366210938e+01
1.048418188095092773e+02 4.933486080169677734e+01 1.724241638183593750e+01 2.965081977844238281e+01
1.051003437042236328e+02 4.700730514526367188e+01 1.677918434143066406e+01 3.010499572753906250e+01
1.056180686950683594e+02 4.730893516540527344e+01 1.787759208679199219e+01 2.940589523315429688e+01
1.041032562255859375e+02 4.757839012145996094e+01 1.607369804382324219e+01 3.182000350952148438e+01
1.050768966674804688e+02 4.781041622161865234e+01 1.680227470397949219e+01 2.920240974426269531e+01
1.048977680206298828e+02 4.748861408233642578e+01 1.786539649963378906e+01 3.050322532653808594e+01
1.049385318756103516e+02 4.784575557708740234e+01 1.678326606750488281e+01 3.080385017395019531e+01
1.049841308593750000e+02 4.820201587677001953e+01 1.735864830017089844e+01 2.932491111755371094e+01
1.052809877395629883e+02 4.854580497741699219e+01 1.737897872924804688e+01 3.027852249145507812e+01
1.050883026123046875e+02 4.761653995513916016e+01 1.684219169616699219e+01 2.999223899841308594e+01
1.047611818313598633e+02 4.800314903259277344e+01 1.660735702514648438e+01 3.040234756469726562e+01
1.053834571838378906e+02 4.805248546600341797e+01 1.756553459167480469e+01 2.979874610900878906e+01
1.053845310211181641e+02 4.775645828247070312e+01 1.648015022277832031e+01 3.025256347656250000e+01
1.048462972640991211e+02 4.797559928894042969e+01 1.683312988281250000e+01 3.093909072875976562e+01
1.056125555038452148e+02 4.787222862243652344e+01 1.715459442138671875e+01 2.965848922729492188e+01
1.046403970718383789e+02 4.888026809692382812e+01 1.674319839477539062e+01 3.078443908691406250e+01
1.046272087097167969e+02 4.740120983123779297e+01 1.695757102966308594e+01 2.919579505920410156e+01
1.051156845092773438e+02 4.723624515533447266e+01 1.798206138610839844e+01 2.959394645690917969e+01
1.044971628189086914e+02 4.727564239501953836e+01 1.677316665649414062e+01 3.195137786865233664e+01
1.056408786773681641e+02 4.809231567382813211e+01 1.751564216613769531e+01 2.786573028564452414e+01
1.049534296989440918e+02 4.745627593994140625e+01 1.598408412933349609e+01 3.110665130615234375e+01
1.052742481231689453e+02 4.780746650695800781e+01 1.722433662414550781e+01 2.951228713989257812e+01
1.056609344482421875e+02 4.830684089660644531e+01 1.740569877624511719e+01 2.984392929077148438e+01
1.054096918106079102e+02 4.826238632202148438e+01 1.688180923461914062e+01 3.038741302490234375e+01
1.054881191253662109e+02 4.856697750091552734e+01 1.732621955871582031e+01 2.895381355285644531e+01
1.051903600692749023e+02 4.797066783905029297e+01 1.704885864257812500e+01 3.084559059143066406e+01
1.047831945419311523e+02 4.881942176818847656e+01 1.679138183593750000e+01 2.955867385864257812e+01
1.051337184906005859e+02 4.777134513854980469e+01 1.748559761047363281e+01 2.858874893188476562e+01
1.042653703689575195e+02 4.939644813537597656e+01 1.787199020385742188e+01 2.870561599731445312e+01
1.049186820983886719e+02 4.896972751617431641e+01 1.716663169860839844e+01 2.895326805114746094e+01
1.045759286880493164e+02 4.844498825073242188e+01 1.701021957397460938e+01 3.086956024169921875e+01
1.050623044967651367e+02 4.796794700622558594e+01 1.723321533203125000e+01 2.833424758911132812e+01
1.048738412857055664e+02 4.658218097686767578e+01 1.853641891479492188e+01 3.164446067810058594e+01
1.041348352432250977e+02 4.731806373596191406e+01 1.779487991333007812e+01 3.237252426147460938e+01
1.044199781417846680e+02 4.759517765045166016e+01 1.740119171142578125e+01 2.853726768493652344e+01
1.050736408233642578e+02 4.731429195404052734e+01 1.818462562561035156e+01 2.937520790100097656e+01
1.043490457534790039e+02 4.729034328460694070e+01 1.682991409301757812e+01 3.087464332580565696e+01
1.049832191467285156e+02 4.713157272338867188e+01 1.745199394226074219e+01 3.007979583740234375e+01
1.036688184738159180e+02 4.806745338439941406e+01 1.832553863525390625e+01 3.025746536254882812e+01
1.056576623916625977e+02 4.810386943817138672e+01 1.728039932250976562e+01 2.774366188049316406e+01
1.046567897796630859e+02 4.909504413604736328e+01 1.787285804748535156e+01 2.779821586608886719e+01
1.045632600784301758e+02 4.766277694702148438e+01 1.738882064819335938e+01 3.027771759033203125e+01
1.053211698532104492e+02 4.736480903625488281e+01 1.791065979003906250e+01 2.970678329467773438e+01
1.041965417861938477e+02 4.737271976470947976e+01 2.069289779663085938e+01 2.977219963073729758e+01
1.040506715774536133e+02 4.759641456604003906e+01 2.270921707153320312e+01 3.412776565551757812e+01
1.047159919738769531e+02 4.858184051513671875e+01 2.070810508728027344e+01 3.028948974609375000e+01
1.426734871864318848e+02 3.918640708923339844e+01 1.421549320220947266e+01 3.887021255493164062e+01
1.414016036987304688e+02 4.031094932556152344e+01 1.582182884216308594e+01 3.767557907104492188e+01
1.406944174766540527e+02 4.092674064636229758e+01 1.567122173309326172e+01 3.728124618530274148e+01
1.401294178962707520e+02 4.090741729736328125e+01 1.515543079376220703e+01 3.745528411865234375e+01
1.384539566040039062e+02 4.047639656066894531e+01 1.574083518981933594e+01 3.596209335327148438e+01
1.376460981369018555e+02 4.134156990051269531e+01 1.616931915283203125e+01 3.545943832397460938e+01
1.354987735748291016e+02 4.071687126159667969e+01 1.617556190490722656e+01 3.598870468139648438e+01
1.356397213935852051e+02 4.136373519897460938e+01 1.568166065216064453e+01 3.518553924560546875e+01
1.355982394218444824e+02 4.061549186706542969e+01 1.491651058197021484e+01 3.650180435180664062e+01
1.344388880729675293e+02 3.975214576721191406e+01 1.311914730072021484e+01 3.671993637084960938e+01
1.336031413078308105e+02 4.031464004516601562e+01 1.276809597015380859e+01 3.557793426513671875e+01
1.314428005218505859e+02 4.079066276550292969e+01 1.237870216369628906e+01 3.497977828979492188e+01
1.063219852447509766e+02 4.721568393707275391e+01 1.306990623474121094e+01 2.993057823181152344e+01
1.043947105407714844e+02 4.830018711090087891e+01 1.883712959289550781e+01 2.834269523620605469e+01
1.268060779571533203e+02 3.699318313598633523e+01 1.591609764099121094e+01 3.745941925048827414e+01
1.251718311309814453e+02 3.856921386718749289e+01 1.632948875427246094e+01 3.586110687255860086e+01
1.234483604431152344e+02 3.993727493286132812e+01 1.665681648254394531e+01 3.459634399414062500e+01
1.227098894119262695e+02 4.016316795349121094e+01 1.802188110351562500e+01 3.480896377563476562e+01
1.058266191482543945e+02 4.821379375457763672e+01 1.621968841552734375e+01 2.781533241271972656e+01
1.040893449783325195e+02 4.737000370025634766e+01 2.214034271240234375e+01 2.661853599548339844e+01
1.195950174331665039e+02 3.899293136596678977e+01 1.697521972656250000e+01 3.482805633544922586e+01
1.183789892196655273e+02 3.624293899536132102e+01 1.872224044799804688e+01 3.829660797119141336e+01
1.171739444732666016e+02 3.624470329284667969e+01 1.852475547790527344e+01 3.656245803833007812e+01
1.167497768402099609e+02 3.750431632995606179e+01 1.786360740661621094e+01 3.507810592651366477e+01
1.141706247329711914e+02 3.742500877380371094e+01 1.996867370605468750e+01 3.535545730590820312e+01
1.015433244705200195e+02 2.983975219726561789e+01 2.303495025634765625e+01 4.237614440917969461e+01
1.037387256622314453e+02 3.468511772155761719e+01 2.337875175476074219e+01 3.952281570434570312e+01
1.054549713134765625e+02 4.211875343322753906e+01 2.270457649230957031e+01 3.532398605346679688e+01
1.065494565963745117e+02 4.328487205505371094e+01 2.009014511108398438e+01 3.402275466918945312e+01
1.063437337875366211e+02 4.001082229614258523e+01 1.966056442260742188e+01 3.567606353759764914e+01
1.057214660644531250e+02 3.909572601318359375e+01 2.003817176818847656e+01 3.702525329589843750e+01
1.051407403945922852e+02 3.769588088989257812e+01 2.028784942626953125e+01 3.885632324218750000e+01
1.045793571472167969e+02 3.708876609802246094e+01 2.034437751770019531e+01 3.918855667114257812e+01
1.041059255599975586e+02 3.983567047119140625e+01 2.049480056762695312e+01 3.693143463134765625e+01
1.031290159225463867e+02 3.916455459594726562e+01 1.960341262817382812e+01 3.989221954345703125e+01
1.021377258300781250e+02 3.657254981994628906e+01 1.985652351379394531e+01 4.088080978393554688e+01
1.014049358367919922e+02 3.634089469909667969e+01 2.064637565612792969e+01 4.145264816284179688e+01
9.981686305999755859e+01 3.738382911682128906e+01 2.081959915161132812e+01 4.032284927368164062e+01
1.014067945480346680e+02 4.325311279296875000e+01 2.015275192260742188e+01 3.995519256591796875e+01
9.897632026672363281e+01 3.469610404968261719e+01 2.265280723571777344e+01 4.369569015502929688e+01
9.778573226928710938e+01 3.453612709045410156e+01 2.408791542053222656e+01 4.462302780151367188e+01
9.679642581939697266e+01 3.251477241516113281e+01 2.354818725585937500e+01 4.326159286499023438e+01
9.602059364318847656e+01 3.264842605590820312e+01 2.282462120056152344e+01 4.176720428466796875e+01
9.478098964691162109e+01 2.940196800231933594e+01 2.272086715698242188e+01 4.285386276245117188e+01
9.241936302185058594e+01 3.440445137023925781e+01 2.019382286071777344e+01 3.714809036254882812e+01
9.302069091796875000e+01 3.614803695678710938e+01 1.684881782531738281e+01 3.522231292724609375e+01
9.356629800796508789e+01 3.733666419982909446e+01 1.511884784698486328e+01 3.325549697875977273e+01
9.254944705963134766e+01 3.821954345703125000e+01 1.489434051513671875e+01 3.348607635498046875e+01
9.233534574508666992e+01 3.911193847656250000e+01 1.376857280731201172e+01 3.288947296142578125e+01
9.234979391098022461e+01 3.676876640319824219e+01 1.317119503021240234e+01 3.406044387817382812e+01
9.119330358505249023e+01 3.615836715698242188e+01 1.283662319183349609e+01 3.478913879394531250e+01
9.048950862884521484e+01 3.445905113220214844e+01 1.196223068237304688e+01 3.771514511108398438e+01
8.929491281509399414e+01 3.430686569213867188e+01 1.207639026641845703e+01 3.703269195556640625e+01
8.759228420257568359e+01 3.719077110290527344e+01 1.201533126831054688e+01 3.473687362670898438e+01
8.464186906814575195e+01 3.908796119689941406e+01 1.377623081207275391e+01 3.112583541870117188e+01
8.452421998977661133e+01 3.629875755310058594e+01 1.352596378326416016e+01 3.398026657104492188e+01
8.371928310394287109e+01 3.949882030487060547e+01 1.352898025512695312e+01 3.124578285217285156e+01
8.193710279464721680e+01 3.761623573303222656e+01 1.465180492401123047e+01 3.213692092895507812e+01
8.086426973342895508e+01 3.961958408355712891e+01 1.484546756744384766e+01 3.049786949157714844e+01
8.010155010223388672e+01 4.021711063385009766e+01 1.453801345825195312e+01 3.040639305114746094e+01
7.836345624923706055e+01 4.092625331878662109e+01 1.472633647918701172e+01 2.959454536437988281e+01
7.807207918167114258e+01 3.926029109954833984e+01 1.325743961334228516e+01 3.198569679260253906e+01
7.775919580459594727e+01 3.856170654296875000e+01 1.320239734649658203e+01 3.254040527343750000e+01
7.698055601119995117e+01 3.852215957641601562e+01 1.414397716522216797e+01 3.350627899169921875e+01
7.640784358978271484e+01 3.871630096435546875e+01 1.511295700073242188e+01 3.335567474365234375e+01
7.558051252365112305e+01 3.484448814392089844e+01 1.308411693572998047e+01 3.794439315795898438e+01
7.422046375274658203e+01 3.312760543823242188e+01 1.373855590820312500e+01 3.772177886962890625e+01
7.301555061340332031e+01 3.228843498229980469e+01 1.136856651306152344e+01 3.642769241333007812e+01
7.138053131103515625e+01 3.237357521057128906e+01 1.227671241760253906e+01 3.479188919067382812e+01
6.952257490158081055e+01 3.265947914123535156e+01 1.393543529510498047e+01 3.426453018188476562e+01
6.836066627502441406e+01 3.237199401855468750e+01 1.410265922546386719e+01 3.489309692382812500e+01
6.790573787689208984e+01 3.278184509277343750e+01 1.283088302612304688e+01 3.490844726562500000e+01
6.779151058197021484e+01 3.182217788696289062e+01 1.227421188354492188e+01 3.502253723144531250e+01
6.710265016555786133e+01 3.214470100402832031e+01 1.238753604888916016e+01 3.419972610473632812e+01
6.593549394607543945e+01 3.171933364868164062e+01 1.268157291412353516e+01 3.472979736328125000e+01
6.593557643890380859e+01 3.163754272460937500e+01 1.179344558715820312e+01 3.577456665039062500e+01
6.536695051193237305e+01 3.132203865051269531e+01 1.116241741180419922e+01 3.604614639282226562e+01
6.348135614395141602e+01 3.163705825805664062e+01 1.189853382110595703e+01 3.505709075927734375e+01
6.268290567398071289e+01 3.147470474243164062e+01 1.213162708282470703e+01 3.584270477294921875e+01
6.148269891738891602e+01 3.182040596008300781e+01 1.203896808624267578e+01 3.588717269897460938e+01
6.044961690902709961e+01 3.141453552246093750e+01 1.242539119720458984e+01 3.498045349121093750e+01
5.939677000045776367e+01 3.137549781799316406e+01 1.265295696258544922e+01 3.514529037475585938e+01
5.844111633300781250e+01 3.171964073181152344e+01 1.375032234191894531e+01 3.524512100219726562e+01
5.749303054809570312e+01 3.109165573120117188e+01 1.332898902893066406e+01 3.505598449707031250e+01
5.631258869171142578e+01 3.095278739929199219e+01 1.347794342041015625e+01 3.516879653930664062e+01
5.557917881011962891e+01 3.025484085083007812e+01 1.365826416015625000e+01 3.549743652343750000e+01
5.504014158248901367e+01 2.969483757019042969e+01 1.311494731903076172e+01 3.621201705932617188e+01
5.375126457214355469e+01 2.987741661071777344e+01 1.310374259948730469e+01 3.592966842651367188e+01
5.347875499725341797e+01 3.045245552062988281e+01 1.201307296752929688e+01 3.556258773803710938e+01
5.257926511764526367e+01 3.019261360168457031e+01 1.169569683074951172e+01 3.491070175170898438e+01
5.195610380172729492e+01 3.016307830810546875e+01 1.178769207000732422e+01 3.545015716552734375e+01
5.030712223052978516e+01 2.953690338134765625e+01 1.190893554687500000e+01 3.559970092773437500e+01
4.971254587173461914e+01 2.827919387817382812e+01 1.173766803741455078e+01 3.722216033935546875e+01
4.804523134231567383e+01 2.873781967163085938e+01 1.240170383453369141e+01 3.635997009277343750e+01
4.681531238555908203e+01 2.932528686523437500e+01 1.374137115478515625e+01 3.575685119628906250e+01
4.543238687515258789e+01 2.903632545471191406e+01 1.437330341339111328e+01 3.512948989868164062e+01
4.389986133575439453e+01 2.913508415222167969e+01 1.487299346923828125e+01 3.372424697875976562e+01
4.427567863464355469e+01 2.886050415039062500e+01 1.439862632751464844e+01 3.548309326171875000e+01
4.359048509597778320e+01 2.913369560241699219e+01 1.383573246002197266e+01 3.497867202758789062e+01
4.194228076934814453e+01 2.817426681518554688e+01 1.384755706787109375e+01 3.546871948242187500e+01
4.297376728057861328e+01 2.883961677551269531e+01 1.161030578613281250e+01 3.478167343139648438e+01
4.277498817443847656e+01 2.719644165039062500e+01 1.134102439880371094e+01 3.566490173339843750e+01
4.201653909683227539e+01 2.664672851562500000e+01 1.058409595489501953e+01 3.613079833984375000e+01
4.035661888122558594e+01 2.705334854125976562e+01 1.025008201599121094e+01 3.633378601074218750e+01
3.930120086669921875e+01 2.721069526672363281e+01 1.170697975158691406e+01 3.542194747924804688e+01
3.755903244018554688e+01 2.715379905700683594e+01 1.138392829895019531e+01 3.605089950561523438e+01
3.683616399765014648e+01 2.600359535217285156e+01 1.226072597503662109e+01 3.630830001831054688e+01
3.623060607910156250e+01 2.620528221130371094e+01 1.264391517639160156e+01 3.621604537963867188e+01
3.360028982162475586e+01 2.718114471435546875e+01 1.456905269622802734e+01 3.492623138427734375e+01
3.270009660720825195e+01 2.790957260131835938e+01 1.529926395416259766e+01 3.465360260009765625e+01
3.123879575729370828e+01 2.688752937316895242e+01 1.581003856658935547e+01 3.435031509399414062e+01
3.141337490081787820e+01 2.671543693542481179e+01 1.563250350952148438e+01 3.628395462036132812e+01
3.089724445343018289e+01 2.623397445678711648e+01 1.540393066406250000e+01 3.448804473876953125e+01
3.069035530090333452e+01 2.643348693847657671e+01 1.501598167419433594e+01 3.508855438232421875e+01
3.069190359115602007e+01 2.807395744323731890e+01 1.460445308685302734e+01 3.426883316040039062e+01
3.071297311782838335e+01 2.714093589782716265e+01 1.303547382354736328e+01 3.470061874389648438e+01
3.051537418365479937e+01 2.758960723876954546e+01 1.271013641357421875e+01 3.381056213378906250e+01
3.006128740310670366e+01 2.632933425903321734e+01 1.219442844390869141e+01 3.518047332763671875e+01
2.895365953445435991e+01 2.704817008972169390e+01 1.208467197418212891e+01 3.424332046508789062e+01
2.880900239944459429e+01 2.710869598388673296e+01 1.215305423736572266e+01 3.354843139648437500e+01
2.824993085861207476e+01 2.749772834777833452e+01 1.270069408416748047e+01 3.476133346557617188e+01
2.763744688034059038e+01 2.856516075134278765e+01 1.232495403289794922e+01 3.294197463989257812e+01
2.679169559478761187e+01 2.654376602172852984e+01 1.235268402099609375e+01 3.452651977539062500e+01
2.582326412200929155e+01 2.598634719848634234e+01 1.375793838500976562e+01 3.496861267089843750e+01
2.451096200942994585e+01 2.832241058349610796e+01 1.348045825958251953e+01 3.275227355957031250e+01
2.416206026077271929e+01 2.780193901062013140e+01 1.309881687164306641e+01 3.336323928833007812e+01
2.393407201766969195e+01 2.895639228820802202e+01 1.271098232269287109e+01 3.251786422729492188e+01
2.409520339965821734e+01 3.040225028991700640e+01 1.235302925109863281e+01 3.101633071899414062e+01
2.294987726211549273e+01 3.206487274169923296e+01 1.315737628936767578e+01 2.912756347656250000e+01
2.263400697708131304e+01 3.171001148223878374e+01 1.307129001617431641e+01 2.949449729919433594e+01
2.143583250045777788e+01 3.164186286926270952e+01 1.374445629119873047e+01 2.866598129272460938e+01
2.215379571914674273e+01 3.162448596954347124e+01 1.279092884063720703e+01 2.805675315856933594e+01
2.100939893722535601e+01 3.151715564727784624e+01 1.301417064666748047e+01 2.814014244079589844e+01
2.179402017593385210e+01 3.144397830963136187e+01 1.285740375518798828e+01 2.898269462585449219e+01
2.148015737533570757e+01 2.388801574707032671e+01 1.398112392425537109e+01 3.523445892333984375e+01
2.221432065963746538e+01 2.380382347106935015e+01 1.380934429168701172e+01 3.591115951538085938e+01
2.172460985183717241e+01 2.484968948364259234e+01 1.439941501617431641e+01 3.498796844482421875e+01
2.135970640182496538e+01 2.689105033874513140e+01 1.419622325897216797e+01 3.294027328491210938e+01
2.129683065414430132e+01 3.413884639739991655e+01 1.216162014007568359e+01 2.590638923645019531e+01
2.258889102935792437e+01 3.649096393585206499e+01 1.053173828125000000e+01 2.307240867614746094e+01
2.242024087905885210e+01 3.618934249877931109e+01 1.170984363555908203e+01 2.284099197387695312e+01
2.268102359771729937e+01 3.487852859497071734e+01 1.113587188720703125e+01 2.374352645874023438e+01
2.283319091796876421e+01 3.448438739776612749e+01 1.152540016174316406e+01 2.444571876525878906e+01
2.235044717788697710e+01 2.828589630126954546e+01 1.291236591339111328e+01 3.010021591186523438e+01
2.352654457092286577e+01 2.356685447692872515e+01 1.366668510437011719e+01 3.507844543457031250e+01
2.325346040725709429e+01 2.112642478942872515e+01 1.424933719635009766e+01 3.872058868408203125e+01
2.378969478607179155e+01 2.133620262145997515e+01 1.413975143432617188e+01 3.904979705810546875e+01
2.371694421768189898e+01 2.596789741516114702e+01 1.368687915802001953e+01 3.389132690429687500e+01
2.463174438476563921e+01 2.544047164916993609e+01 1.313990974426269531e+01 3.433414840698242188e+01
2.454088830947877398e+01 2.506171226501466265e+01 1.303684711456298828e+01 3.452211761474609375e+01
2.467303943634034624e+01 2.483607482910157671e+01 1.327348327636718750e+01 3.433253097534179688e+01
2.637237071990968218e+01 2.429098510742188921e+01 1.241972732543945312e+01 3.542242813110351562e+01
2.651088857650758257e+01 2.671094322204591265e+01 1.279350185394287109e+01 3.345094299316406250e+01
2.745630741119386187e+01 2.490481376647950640e+01 1.243104553222656250e+01 3.495864868164062500e+01
2.751732397079469195e+01 2.656096267700196734e+01 1.224499416351318359e+01 3.365076828002929688e+01
2.770579576492310991e+01 2.594057083129884234e+01 1.215371036529541016e+01 3.471135330200195312e+01
2.932335042953492632e+01 2.455657958984376421e+01 1.165753841400146484e+01 3.614120864868164062e+01
2.972634172439576616e+01 2.549753570556642046e+01 1.125142765045166016e+01 3.562708663940429688e+01
3.048841190338136187e+01 2.530473327636720171e+01 1.110779571533203125e+01 3.594301223754882812e+01
3.071811914443971148e+01 2.530980491638185015e+01 1.221300220489501953e+01 3.541790771484375000e+01
3.060302305221559038e+01 2.567194557189942827e+01 1.255739879608154297e+01 3.490038299560546875e+01
3.082634353637696734e+01 2.714713859558106890e+01 1.282636451721191406e+01 3.333122253417968750e+01
3.153656625747682085e+01 2.689638328552247515e+01 1.282886981964111328e+01 3.497360992431640625e+01
3.305376434326173296e+01 2.668989372253419390e+01 1.219190406799316406e+01 3.495040130615234375e+01
3.271396827697755327e+01 2.644062232971192827e+01 1.314459037780761719e+01 3.476890563964843750e+01
3.429320907592774859e+01 2.694284439086915484e+01 1.266708564758300781e+01 3.469711685180664062e+01
3.527178096771241655e+01 2.690995788574220171e+01 1.238023757934570312e+01 3.487285232543945312e+01
3.786085271835328570e+01 2.704154205322267046e+01 1.088371944427490234e+01 3.499049758911132812e+01
3.802678537368775835e+01 2.723548889160157671e+01 1.065624713897705078e+01 3.558123397827148438e+01
3.977249860763551226e+01 2.748042297363282671e+01 1.017260265350341797e+01 3.526772689819335938e+01
3.997853422164918413e+01 2.760978126525880327e+01 1.068828105926513672e+01 3.558663177490234375e+01
4.046467924118043413e+01 2.734429740905763140e+01 1.094171428680419922e+01 3.557444000244140625e+01
4.147755241394044390e+01 2.786188507080079546e+01 1.152068138122558594e+01 3.432479476928710938e+01
4.135282659530641070e+01 2.735515403747560015e+01 1.202884578704833984e+01 3.536540222167968750e+01
4.167663288116456499e+01 2.748349952697755327e+01 1.270185089111328125e+01 3.567568206787109375e+01
4.280203008651734820e+01 2.837962532043458452e+01 1.218084621429443359e+01 3.581401824951171875e+01
4.337816286087037554e+01 2.852252388000489702e+01 1.235931491851806641e+01 3.629278564453125000e+01
4.446320343017579546e+01 2.892104148864747515e+01 1.223510169982910156e+01 3.602948760986328125e+01
4.563156890869142046e+01 2.864061737060548296e+01 1.143795967102050781e+01 3.646918869018554688e+01
4.723034858703614702e+01 2.929983520507813921e+01 1.125739860534667969e+01 3.574142074584960938e+01
4.841575336456300249e+01 2.906958007812501421e+01 1.111273193359375000e+01 3.536541366577148438e+01
4.943947219848634234e+01 2.855181121826173296e+01 1.104833412170410156e+01 3.641349411010742188e+01
5.052974557876588335e+01 2.878925895690919390e+01 1.119244861602783203e+01 3.657270812988281250e+01
5.064872217178346148e+01 2.805949211120606890e+01 1.152857685089111328e+01 3.672365570068359375e+01
5.064769029617310991e+01 2.857455253601075640e+01 1.205513858795166016e+01 3.621025085449218750e+01
5.119945287704469195e+01 2.852836418151856890e+01 1.195525264739990234e+01 3.647325134277343750e+01
5.178166818618775835e+01 2.909450531005860796e+01 1.334597492218017578e+01 3.593909072875976562e+01
5.343357896804810991e+01 3.008696174621583452e+01 1.302375125885009766e+01 3.538253021240234375e+01
5.245753908157350054e+01 2.969549751281739702e+01 1.503903293609619141e+01 3.597597503662109375e+01
5.381098985671998491e+01 2.969717597961427202e+01 1.463250827789306641e+01 3.627629089355468750e+01
5.402860641479494319e+01 3.116708564758302913e+01 1.469886207580567117e+01 3.548363494873047586e+01
5.697609663009646397e+01 3.127545928955080967e+01 1.332848644256591797e+01 3.465564346313476562e+01
5.779725933074954014e+01 3.069615554809573155e+01 1.276313400268554688e+01 3.596769332885742188e+01
6.051732349395754795e+01 3.116181564331057530e+01 1.101129913330078125e+01 3.559276199340820312e+01
6.104987525939944248e+01 3.080691146850588780e+01 1.140858268737792969e+01 3.571068954467773438e+01
6.219639158248904209e+01 3.120736312866213780e+01 1.127978801727294922e+01 3.617258071899414062e+01
6.306318569183352452e+01 3.134154510498049717e+01 1.122874069213867188e+01 3.524863815307617188e+01
6.320390367507937412e+01 3.135619926452639561e+01 1.128809452056884766e+01 3.549832916259765625e+01
6.400083971023562412e+01 3.099040603637698155e+01 1.222353458404541016e+01 3.582272720336914062e+01
6.476821804046633702e+01 3.121782493591311436e+01 1.170692062377929688e+01 3.552730560302734375e+01
6.442300605773928623e+01 3.194590759277346592e+01 1.287341117858886719e+01 3.419710159301757812e+01
6.574636220932009678e+01 3.243602943420412998e+01 1.275831508636474609e+01 3.368235778808593750e+01
6.605672597885134678e+01 3.196441841125491123e+01 1.376603603363037109e+01 3.451904296875000000e+01
6.799029350280764561e+01 3.281346702575686436e+01 1.335565757751464844e+01 3.457911682128906250e+01
6.943922185897829991e+01 3.234847259521487217e+01 1.320751857757568359e+01 3.579415512084960938e+01
7.003117370605471592e+01 3.172771453857424717e+01 1.338717079162597656e+01 3.753752517700195312e+01
7.220840501785281162e+01 3.254429626464846592e+01 1.241192722320556641e+01 3.671014022827148438e+01
7.429506731033328037e+01 3.224762153625491123e+01 1.146019840240478516e+01 3.625396728515625000e+01
7.468440532684329014e+01 3.295019721984866123e+01 1.273311996459960938e+01 3.724700164794921875e+01
7.599341678619387608e+01 3.739514923095705967e+01 1.455456542968750000e+01 3.218671035766601562e+01
7.584794139862063389e+01 3.837600135803225498e+01 1.453165054321289062e+01 3.272190856933593750e+01
7.692696285247805577e+01 3.857534599304202061e+01 1.376330184936523438e+01 3.291364288330078125e+01
7.590004110336306553e+01 4.158478832244875889e+01 1.494879817962646484e+01 2.941736412048339844e+01
7.620266723632815342e+01 4.249400520324709873e+01 1.618321418762207031e+01 2.778643798828125000e+01
7.676914262771609287e+01 4.270934391021731358e+01 1.526486301422119141e+01 2.721814918518066406e+01
7.804241466522219639e+01 4.525936126708987217e+01 1.493610763549804688e+01 2.691735458374023438e+01
7.857903671264651280e+01 4.180120563507082920e+01 1.590571784973144531e+01 2.741363716125488281e+01
7.926012229919436436e+01 4.035900115966799717e+01 1.530362510681152344e+01 2.813264083862304688e+01
8.264975786209109287e+01 4.484559154510500889e+01 1.239397525787353516e+01 2.689332389831542969e+01
8.429144430160525303e+01 4.272219467163088780e+01 1.188098812103271484e+01 2.906885910034179688e+01
8.553057193756106358e+01 3.838272094726565342e+01 1.460073852539062500e+01 3.215340042114257812e+01
8.749853324890139561e+01 3.339021682739260655e+01 1.329555320739746094e+01 3.719967269897460938e+01
8.748610687255862217e+01 3.856373214721682530e+01 1.620926094055175781e+01 3.153921127319335938e+01
8.870236110687258702e+01 4.115074062347414952e+01 1.578591537475585938e+01 2.947570610046386719e+01
8.961617755889895420e+01 3.781589698791506748e+01 1.442829895019531250e+01 3.242724609375000000e+01
9.040026473999026280e+01 3.782717323303225498e+01 1.550432777404785156e+01 3.355922698974609375e+01
9.004862785339358311e+01 3.688211250305178623e+01 1.662365531921386719e+01 3.440788269042968750e+01
9.043338489532473545e+01 3.780400466918948155e+01 1.719381713867187500e+01 3.474978256225585938e+01
9.109428691864016514e+01 3.746979141235353694e+01 1.753619003295898438e+01 3.380906295776367898e+01
9.253507423400881748e+01 3.823142051696779475e+01 1.717421531677246094e+01 3.403571319580078836e+01
9.301852703094485264e+01 3.079956245422366123e+01 1.768368911743164062e+01 4.135858154296875000e+01
9.609447002410891514e+01 3.071002006530764561e+01 1.975160598754882812e+01 4.236552429199218750e+01
9.759877967834475498e+01 2.801186752319338780e+01 2.128404045104980469e+01 4.538320541381835938e+01
9.742796993255618077e+01 3.319382858276370030e+01 2.354937362670898438e+01 4.080364608764648438e+01
1.007983779907226847e+02 3.372505569458010655e+01 2.161155128479003906e+01 4.174704360961914062e+01
1.001952657699585245e+02 4.008238983154299717e+01 2.072666549682617188e+01 3.913848495483398438e+01
1.014892606735229776e+02 4.337828254699709873e+01 1.951479721069335938e+01 3.280055999755859375e+01
1.017680149078369425e+02 3.543654823303225498e+01 1.989434623718261719e+01 3.949847412109375000e+01
1.022301607131958292e+02 3.925938415527346592e+01 2.023079681396484375e+01 3.792509841918945312e+01
1.026911840438843058e+02 4.383936023712161045e+01 1.963116836547851562e+01 3.146662330627441406e+01
1.027043113708496378e+02 4.679549694061282139e+01 1.944776344299316406e+01 2.933119773864746094e+01
1.047495136260986612e+02 4.569746589660647373e+01 1.915443992614746094e+01 2.987162017822265625e+01
1.059016408920288370e+02 4.894145202636721592e+01 1.923540878295898438e+01 2.808595657348632812e+01
1.047480106353760050e+02 4.784635257720950818e+01 1.911334037780761719e+01 2.968576240539550071e+01
1.057348289489746378e+02 4.276788902282717686e+01 2.071683692932128906e+01 3.512506866455078125e+01
1.060467910766601847e+02 4.408010482788088780e+01 2.056463813781738281e+01 3.488519668579101562e+01
1.064156188964844034e+02 4.388351058959963780e+01 2.229007148742675781e+01 3.421103286743164062e+01
1.058920221328735636e+02 4.739178657531741123e+01 2.182719421386718750e+01 3.209170532226562500e+01
1.039131145477295206e+02 4.612072372436526280e+01 2.330275535583496094e+01 3.295055007934570312e+01
1.052342977523803995e+02 4.543910980224612217e+01 2.372464370727539062e+01 3.339242935180664062e+01
1.051645736694336222e+02 4.601677608489993077e+01 2.571188545227050781e+01 3.076389884948730469e+01
1.036460475921631144e+02 4.682297801971438389e+01 2.276080131530761719e+01 2.939832878112792969e+01
1.114084634780884073e+02 3.837461471557620030e+01 2.173403167724609375e+01 3.522198104858398438e+01
1.151650695800781534e+02 4.257362365722659092e+01 2.194154548645019531e+01 3.307165145874023438e+01
1.169241552352905558e+02 4.141902160644534092e+01 1.987971115112304688e+01 3.353850936889648438e+01
1.037457799911499308e+02 4.789563846588137608e+01 2.018841934204101562e+01 2.997563362121582031e+01
1.193866615295410440e+02 3.669661712646487928e+01 1.727403450012207031e+01 3.816540145874022727e+01
1.186553087234497355e+02 3.768140411376955257e+01 1.793899536132812500e+01 3.710454177856446023e+01
1.049786853790283487e+02 4.758005142211916905e+01 1.716665458679199219e+01 3.104780960083007812e+01
1.042240276336670206e+02 4.754104232788089490e+01 2.057269859313964844e+01 2.761829757690428977e+01
1.201572856903076456e+02 3.932197189331057530e+01 1.620315361022949219e+01 3.597542953491210938e+01
1.044419355392456339e+02 4.474101448059084873e+01 1.763572311401367188e+01 3.250390625000000000e+01
1.037455186843872355e+02 4.674349594116213780e+01 2.136434173583984375e+01 2.829566574096679688e+01
1.042016210556030558e+02 4.809338760375980115e+01 1.939469528198242188e+01 2.903491592407225852e+01
1.050211210250854776e+02 4.716499900817873936e+01 2.017953872680664062e+01 2.833530426025390625e+01
1.048136491775512980e+02 4.925596046447756748e+01 1.799392700195312500e+01 2.882635498046875000e+01
1.045482902526855753e+02 4.708780670166018467e+01 1.812765693664550781e+01 2.996679306030273438e+01
1.034242725372314737e+02 4.751797389984133702e+01 1.979339408874511719e+01 2.912292289733886719e+01
