1.100000000000000000e+01 1.210000000000000000e+02 6.100000000000000000e+01 9.000000000000000000e+01
1.130050849914550781e+01 1.218755035400390625e+02 6.187807846069335938e+01 8.745333862304687500e+01
1.258053779602050781e+01 1.217136268615722656e+02 6.002938461303710938e+01 8.849855804443359375e+01
1.310883331298828125e+01 1.221970443725585938e+02 5.929161071777343750e+01 8.784104919433593750e+01
1.499104118347167969e+01 1.213601684570312500e+02 5.790814590454101562e+01 8.811239624023437500e+01
1.522747230529785156e+01 1.230122299194335938e+02 5.715439987182617188e+01 8.701841735839843750e+01
1.657087898254394531e+01 1.216236648559570312e+02 5.599642562866210938e+01 8.870643615722656250e+01
1.654609298706054688e+01 1.232828407287597656e+02 5.596875762939453125e+01 8.638808441162109375e+01
1.779814338684082031e+01 1.227621536254882812e+02 5.448662948608398438e+01 8.714094543457031250e+01
1.865462684631347656e+01 1.228992691040039062e+02 5.357514572143554688e+01 8.713059997558593750e+01
1.997979164123535156e+01 1.236302833557128906e+02 5.245072555541992188e+01 8.683049774169921875e+01
2.086520385742187500e+01 1.221093368530273438e+02 5.161196899414062500e+01 8.877168273925781250e+01
2.070611190795898438e+01 1.235595359802246094e+02 5.211930084228515625e+01 8.684897613525390625e+01
2.055104255676269531e+01 1.248545608520507812e+02 5.204723739624023438e+01 8.530055236816406250e+01
2.135271453857421875e+01 1.236283721923828125e+02 5.157374572753906250e+01 8.718066406250000000e+01
2.087400817871093750e+01 1.245998535156250000e+02 5.213684082031250000e+01 8.532177734375000000e+01
2.291602325439453125e+01 1.244846763610839844e+02 5.108808898925781250e+01 8.528443145751953125e+01
2.197026824951171875e+01 1.247067985534667969e+02 5.129203796386718750e+01 8.556494903564453125e+01
2.186705017089843750e+01 1.260210990905761719e+02 5.129904174804687500e+01 8.418235015869140625e+01
2.012994766235351562e+01 1.260117988586425781e+02 5.268599700927734375e+01 8.437786102294921875e+01
1.923501014709472656e+01 1.259793624877929688e+02 5.438297653198242188e+01 8.462022399902343750e+01
1.994983673095703125e+01 1.240620727539062500e+02 5.400526428222656250e+01 8.753775024414062500e+01
1.809579467773437500e+01 1.237759094238281250e+02 5.541647338867187500e+01 8.769671630859375000e+01
2.031285476684570312e+01 1.255970764160156250e+02 5.392601776123046875e+01 8.524359130859375000e+01
2.017012405395507812e+01 1.239364280700683594e+02 5.387743377685546875e+01 8.741345977783203125e+01
1.907486724853515625e+01 1.253466339111328125e+02 5.408482360839843750e+01 8.566378784179687500e+01
1.847369766235351562e+01 1.264741020202636719e+02 5.527352142333984375e+01 8.436774444580078125e+01
1.847597885131835938e+01 1.267015647888183594e+02 5.521753692626953125e+01 8.431290435791015625e+01
1.728183364868164062e+01 1.277398376464843750e+02 5.681441497802734375e+01 8.395510864257812500e+01
1.897504997253417969e+01 1.282673950195312500e+02 5.621466445922851562e+01 8.415701293945312500e+01
1.715307235717773438e+01 1.290051879882812500e+02 5.848639678955078125e+01 8.342428588867187500e+01
1.599053764343261719e+01 1.288107757568359375e+02 6.024115371704101562e+01 8.327859497070312500e+01
1.605783462524414062e+01 1.298855018615722656e+02 6.059365081787109375e+01 8.294197845458984375e+01
1.566098022460937500e+01 1.295074386596679688e+02 6.050524902343750000e+01 8.309184265136718750e+01
1.443167686462402344e+01 1.295763244628906250e+02 6.090150833129882812e+01 8.320794677734375000e+01
1.587987136840820312e+01 1.297645721435546875e+02 5.737627410888671875e+01 8.195144653320312500e+01
1.474968528747558594e+01 1.299291152954101562e+02 5.683531570434570312e+01 8.396363830566406250e+01
1.656056976318359375e+01 1.300642242431640625e+02 5.600056457519531250e+01 8.242285156250000000e+01
1.434988212585449219e+01 1.300413017272949219e+02 5.722705459594726562e+01 8.377503204345703125e+01
1.795341491699218750e+01 1.313573074340820312e+02 5.810351562500000000e+01 8.050785827636718750e+01
1.560259056091308594e+01 1.300564117431640625e+02 5.953960037231445312e+01 8.215533447265625000e+01
1.598784255981445312e+01 1.300679168701171875e+02 5.668611907958984375e+01 8.233959960937500000e+01
2.043406105041503906e+01 1.296679725646972656e+02 5.561866378784179688e+01 8.223973846435546875e+01
1.678392028808593750e+01 1.307839775085449219e+02 6.025616455078125000e+01 8.173203277587890625e+01
1.461485862731933594e+01 1.305793571472167969e+02 5.979576492309570312e+01 8.343109893798828125e+01
1.410176467895507812e+01 1.305299148559570312e+02 6.027806854248046875e+01 8.200129699707031250e+01
1.676808738708496094e+01 1.300231933593750000e+02 5.920460891723632812e+01 8.209860229492187500e+01
1.365641021728515625e+01 1.295515823364257812e+02 6.008482360839843750e+01 8.417268371582031250e+01
1.491969680786132812e+01 1.304143104553222656e+02 6.180348968505859375e+01 8.207485198974609375e+01
1.646367263793945312e+01 1.287282371520996094e+02 5.901601409912109375e+01 8.453888702392578125e+01
1.625428962707519531e+01 1.289168624877929688e+02 5.883874130249023438e+01 8.511811828613281250e+01
1.524716377258300781e+01 1.297979621887207031e+02 5.923748397827148438e+01 8.369722747802734375e+01
1.463108825683593750e+01 1.297550544738769531e+02 6.083154296875000000e+01 8.284734344482421875e+01
1.484424591064453125e+01 1.293281898498535156e+02 6.009706115722656250e+01 8.387599945068359375e+01
1.458227157592773438e+01 1.296141815185546875e+02 6.027518463134765625e+01 8.352761840820312500e+01
1.427440834045410156e+01 1.296987571716308594e+02 6.075245285034179688e+01 8.380323028564453125e+01
1.471831512451171875e+01 1.290380020141601562e+02 6.377311706542968750e+01 8.216224670410156250e+01
1.501481246948242188e+01 1.280648689270019531e+02 5.973792266845703125e+01 8.578658294677734375e+01
1.538447761535644531e+01 1.315239562988281250e+02 6.245577621459960938e+01 7.980108642578125000e+01
1.516593551635742188e+01 1.293190612792968750e+02 6.177530670166015625e+01 8.474880981445312500e+01
1.614922904968261719e+01 1.288131294250488281e+02 6.225604629516601562e+01 8.081444549560546875e+01
1.668239212036132812e+01 1.293543968200683594e+02 6.180187225341796875e+01 8.144306182861328125e+01
1.589036941528320312e+01 1.298597106933593750e+02 5.987477874755859375e+01 8.074731445312500000e+01
1.734408378601074219e+01 1.294142837524414062e+02 6.117001724243164062e+01 8.290534973144531250e+01
1.753449821472167969e+01 1.287508125305175781e+02 5.898093032836914062e+01 8.311248016357421875e+01
1.594691276550292969e+01 1.277445907592773438e+02 5.951376724243164062e+01 8.449897766113281250e+01
1.640963745117187500e+01 1.293008956909179688e+02 6.154745483398437500e+01 8.430873107910156250e+01
1.635147094726562500e+01 1.294100074768066406e+02 6.099447631835937500e+01 8.240340423583984375e+01
1.697097206115722656e+01 1.281613349914550781e+02 6.055930709838867188e+01 8.479628753662109375e+01
1.802419662475585938e+01 1.283408927917480469e+02 5.832682037353515625e+01 8.209958648681640625e+01
1.853284072875976562e+01 1.293210067749023438e+02 6.127184295654296875e+01 8.177745056152343750e+01
1.769226646423339844e+01 1.293440093994140625e+02 6.123625564575195312e+01 8.173162841796875000e+01
1.724813652038574219e+01 1.289290351867675781e+02 5.915860366821289062e+01 8.059172821044921875e+01
1.804202651977539062e+01 1.290127105712890625e+02 6.317205047607421875e+01 8.328231811523437500e+01
1.763593864440917969e+01 1.289985580444335938e+02 6.050519180297851562e+01 8.266395568847656250e+01
1.848795318603515625e+01 1.295253067016601562e+02 5.899519348144531250e+01 8.336225891113281250e+01
1.878931045532226562e+01 1.300464744567871094e+02 6.009825897216796875e+01 8.311444854736328125e+01
1.833231163024902344e+01 1.292188301086425781e+02 6.093349075317382812e+01 8.138231658935546875e+01
1.786392211914062500e+01 1.288582992553710938e+02 6.195687866210937500e+01 8.088209533691406250e+01
1.834700393676757812e+01 1.282141189575195312e+02 6.142641448974609375e+01 8.410020446777343750e+01
1.868488121032714844e+01 1.288310165405273438e+02 5.875944900512695312e+01 8.060673522949218750e+01
1.972193908691406250e+01 1.290438804626464844e+02 6.175875854492187500e+01 8.379706573486328125e+01
2.026928329467773438e+01 1.300816268920898438e+02 5.887909698486328125e+01 7.833204650878906250e+01
1.998553085327148438e+01 1.299724693298339844e+02 6.050348663330078125e+01 8.385135650634765625e+01
1.941561698913574219e+01 1.300716323852539062e+02 5.793686294555664062e+01 8.040660095214843750e+01
2.092286872863769531e+01 1.296475334167480469e+02 6.034322738647460938e+01 8.473200225830078125e+01
1.900195693969726562e+01 1.299108428955078125e+02 5.860903167724609375e+01 8.200234985351562500e+01
1.931901931762695312e+01 1.308657455444335938e+02 6.221022796630859375e+01 8.244773864746093750e+01
1.911362648010253906e+01 1.292845993041992188e+02 5.888319015502929688e+01 8.256254577636718750e+01
1.983129692077636719e+01 1.316563987731933594e+02 6.173022842407226562e+01 8.360053253173828125e+01
1.930265426635742188e+01 1.302677993774414062e+02 6.009940338134765625e+01 8.549638366699218750e+01
2.177163696289062500e+01 1.298532409667968750e+02 5.863864135742187500e+01 8.144790649414062500e+01
2.024220466613769531e+01 1.301990699768066406e+02 5.693066024780273438e+01 8.426522064208984375e+01
1.828547668457031250e+01 1.309920883178710938e+02 6.279724121093750000e+01 8.362351989746093750e+01
2.186714363098144531e+01 1.291027259826660156e+02 5.805443954467773438e+01 8.262834930419921875e+01
2.181997871398925781e+01 1.303721733093261719e+02 5.874416732788085938e+01 8.335626983642578125e+01
2.178703308105468750e+01 1.299288787841796875e+02 5.965100097656250000e+01 8.382614135742187500e+01
2.260423088073730469e+01 1.310476112365722656e+02 5.802396011352539062e+01 8.166716766357421875e+01
2.252746391296386719e+01 1.314036483764648438e+02 5.776758193969726562e+01 8.251741027832031250e+01
2.275924491882324219e+01 1.305876693725585938e+02 5.764990615844726562e+01 8.475953674316406250e+01
2.206160545349121094e+01 1.299685516357421875e+02 5.658867263793945312e+01 8.546347045898437500e+01
2.202533912658691406e+01 1.315135269165039062e+02 6.025486373901367188e+01 8.184715270996093750e+01
2.248992347717285156e+01 1.301978988647460938e+02 5.904179000854492188e+01 8.387825012207031250e+01
2.363926696777343750e+01 1.290121459960937500e+02 5.737924194335937500e+01 8.555133056640625000e+01
2.321823310852050781e+01 1.294034309387207031e+02 5.756637191772460938e+01 8.411565399169921875e+01
2.264306831359863281e+01 1.281572608947753906e+02 5.743410873413085938e+01 8.652800750732421875e+01
2.294537544250488281e+01 1.313350143432617188e+02 6.128359603881835938e+01 8.213584899902343750e+01
2.235932540893554688e+01 1.305249252319335938e+02 5.893576812744140625e+01 8.259901428222656250e+01
2.303388595581054688e+01 1.307027168273925781e+02 5.901386260986328125e+01 8.435393524169921875e+01
2.342535209655761719e+01 1.322230529785156250e+02 5.865536880493164062e+01 8.451129150390625000e+01
2.263972663879394531e+01 1.322240638732910156e+02 5.812191390991210938e+01 8.258956146240234375e+01
2.211598587036132812e+01 1.309615211486816406e+02 5.961098480224609375e+01 8.347963714599609375e+01
2.347045516967773438e+01 1.317244987487792969e+02 6.028464508056640625e+01 8.422470855712890625e+01
2.264752960205078125e+01 1.328541145324707031e+02 5.867781066894531250e+01 8.072905731201171875e+01
2.335792350769042969e+01 1.337247276306152344e+02 6.070929336547851562e+01 8.344525909423828125e+01
2.240376472473144531e+01 1.295144844055175781e+02 6.030385971069335938e+01 8.858937835693359375e+01
2.142753791809082031e+01 1.347987594604492188e+02 6.140078353881835938e+01 8.162083435058593750e+01
2.297274208068847656e+01 1.347189521789550781e+02 6.025165939331054688e+01 8.310753631591796875e+01
2.294783210754394531e+01 1.328352775573730469e+02 6.029607772827148438e+01 8.557614898681640625e+01
2.362980842590332031e+01 1.291216049194335938e+02 6.029192733764648438e+01 8.970487976074218750e+01
2.390058135986328125e+01 1.342420616149902344e+02 6.041236877441406250e+01 8.110947418212890625e+01
2.312703704833984375e+01 1.350922813415527344e+02 6.080686950683593750e+01 8.208573150634765625e+01
2.399067306518554688e+01 1.359242401123046875e+02 5.990195465087890625e+01 7.936685180664062500e+01
2.276561164855957031e+01 1.366741485595703125e+02 6.149541854858398438e+01 7.906863403320312500e+01
2.283234214782714844e+01 1.368822402954101562e+02 6.123027420043945312e+01 8.171952819824218750e+01
2.337436294555664062e+01 1.382731170654296875e+02 6.185820770263671875e+01 7.947546386718750000e+01
2.299264526367187500e+01 1.374708976745605469e+02 6.301428222656250000e+01 7.832456207275390625e+01
2.454027557373046875e+01 1.389109306335449219e+02 6.138804626464843750e+01 7.574530792236328125e+01
2.267919349670410156e+01 1.400390777587890625e+02 6.204133224487304688e+01 7.732238769531250000e+01
2.445632743835449219e+01 1.429243431091308594e+02 6.200250625610351562e+01 7.621887969970703125e+01
2.492965698242187500e+01 1.398589897155761719e+02 6.194967651367187500e+01 7.554978179931640625e+01
2.260793876647949219e+01 1.412078132629394531e+02 6.284881973266601562e+01 7.976332855224609375e+01
2.443904685974121094e+01 1.436350364685058594e+02 6.218535232543945312e+01 7.582578277587890625e+01
2.488889884948730469e+01 1.435856132507324219e+02 6.182037734985351562e+01 7.288758087158203125e+01
2.340293502807617188e+01 1.450132675170898438e+02 6.329242706298828125e+01 7.203410339355468750e+01
2.363633918762207031e+01 1.435978164672851562e+02 6.284975814819335938e+01 7.310972595214843750e+01
2.383700942993164062e+01 1.402969245910644531e+02 6.235707855224609375e+01 7.624111175537109375e+01
2.376758003234863281e+01 1.442635765075683594e+02 6.276464462280273438e+01 7.143479156494140625e+01
2.348882484436035156e+01 1.440664062500000000e+02 6.343552780151367188e+01 7.210342407226562500e+01
2.354600906372070312e+01 1.410771713256835938e+02 6.352806854248046875e+01 7.417189025878906250e+01
2.402872657775878906e+01 1.385341072082519531e+02 6.257032394409179688e+01 7.689037322998046875e+01
2.570791625976562500e+01 1.377910423278808594e+02 6.123471069335937500e+01 7.747458648681640625e+01
2.536220932006835938e+01 1.367448883056640625e+02 6.261698150634765625e+01 7.820202636718750000e+01
2.537659072875976562e+01 1.358442611694335938e+02 6.185866546630859375e+01 7.785374450683593750e+01
2.498475074768066406e+01 1.329457435607910156e+02 6.212598800659179688e+01 8.487828826904296875e+01
2.569107437133789062e+01 1.363663330078125000e+02 6.122835540771484375e+01 7.851251220703125000e+01
2.540233230590820312e+01 1.340298652648925781e+02 6.364931488037109375e+01 8.122618865966796875e+01
2.702269363403320312e+01 1.362757072448730469e+02 6.150749969482421875e+01 7.935251617431640625e+01
2.556417465209960938e+01 1.365932884216308594e+02 6.265250396728515625e+01 7.943775177001953125e+01
2.655379486083984375e+01 1.351090202331542969e+02 6.237220764160156250e+01 8.098859405517578125e+01
2.485535049438476562e+01 1.379645347595214844e+02 6.378765106201171875e+01 8.162729644775390625e+01
2.528372573852539062e+01 1.385824584960937500e+02 6.459026336669921875e+01 7.990408325195312500e+01
2.588288116455078125e+01 1.373667602539062500e+02 6.426078796386718750e+01 7.823187255859375000e+01
2.491810607910156250e+01 1.377873306274414062e+02 6.445336914062500000e+01 8.040193176269531250e+01
2.543372726440429688e+01 1.374671859741210938e+02 6.441385650634765625e+01 8.241712951660156250e+01
2.525777816772460938e+01 1.386792449951171875e+02 6.472721099853515625e+01 7.999865722656250000e+01
2.591229438781738281e+01 1.370953330993652344e+02 6.394613265991210938e+01 8.027634429931640625e+01
2.597190284729003906e+01 1.391766853332519531e+02 6.355036544799804688e+01 7.808452606201171875e+01
2.533251190185546875e+01 1.391810646057128906e+02 6.442771911621093750e+01 7.839180755615234375e+01
2.559881591796875000e+01 1.366273651123046875e+02 6.360714721679687500e+01 8.274819946289062500e+01
2.707963943481445312e+01 1.357847251892089844e+02 6.396285247802734375e+01 8.074555206298828125e+01
2.704580307006835938e+01 1.371685905456542969e+02 6.332059478759765625e+01 8.033689117431640625e+01
2.713454818725585938e+01 1.380801391601562500e+02 6.362467193603515625e+01 7.872726440429687500e+01
2.703039932250976562e+01 1.381063461303710938e+02 6.440779876708984375e+01 8.011894226074218750e+01
2.773947906494140625e+01 1.368504219055175781e+02 6.339421081542968750e+01 8.083998870849609375e+01
2.702164459228515625e+01 1.370040626525878906e+02 6.401277160644531250e+01 8.107573699951171875e+01
2.664417648315429688e+01 1.375279922485351562e+02 6.453757476806640625e+01 8.070326232910156250e+01
2.764181137084960938e+01 1.383206901550292969e+02 6.483805084228515625e+01 7.974405670166015625e+01
2.834766578674316406e+01 1.376521110534667969e+02 6.379764938354492188e+01 7.982962799072265625e+01
2.889480590820312500e+01 1.377944641113281250e+02 6.398037719726562500e+01 7.904919433593750000e+01
2.735968780517578125e+01 1.383231658935546875e+02 6.507176208496093750e+01 8.029074096679687500e+01
2.792164230346679688e+01 1.379603004455566406e+02 6.348612213134765625e+01 8.308428192138671875e+01
2.976283836364746094e+01 1.359632301330566406e+02 6.390193557739257812e+01 7.899718475341796875e+01
2.812258148193359375e+01 1.371132583618164062e+02 6.470701599121093750e+01 8.357167053222656250e+01
2.935632896423339844e+01 1.366968917846679688e+02 6.338417434692382812e+01 8.028034973144531250e+01
2.849655532836914062e+01 1.369806480407714844e+02 6.454952239990234375e+01 7.965045928955078125e+01
3.001775360107421875e+01 1.385157318115234375e+02 6.436100769042968750e+01 7.893188476562500000e+01
3.042110633850097656e+01 1.367565078735351562e+02 6.333485031127929688e+01 8.010295104980468750e+01
3.075896644592285156e+01 1.367681732177734375e+02 6.236140060424804688e+01 8.231079101562500000e+01
2.885659790039062500e+01 1.382521286010742188e+02 6.514367675781250000e+01 7.980070495605468750e+01
2.949358749389648438e+01 1.370645256042480469e+02 6.500580596923828125e+01 7.976166534423828125e+01
3.003497695922851562e+01 1.382172508239746094e+02 6.416750335693359375e+01 8.056970977783203125e+01
3.078593444824218750e+01 1.372339401245117188e+02 6.406903076171875000e+01 7.980464172363281250e+01
2.952276229858398438e+01 1.383233528137207031e+02 6.483966827392578125e+01 7.871291351318359375e+01
3.097156143188476562e+01 1.372915725708007812e+02 6.430864715576171875e+01 8.062556457519531250e+01
3.194334602355957031e+01 1.369658470153808594e+02 6.217278671264648438e+01 8.156262969970703125e+01
3.120314407348632812e+01 1.372850189208984375e+02 6.218569183349609375e+01 8.349856567382812500e+01
2.931402969360351562e+01 1.357646713256835938e+02 6.555049896240234375e+01 8.341017150878906250e+01
3.255710983276367188e+01 1.369222717285156250e+02 6.249710845947265625e+01 8.211273193359375000e+01
3.180857658386230469e+01 1.355414237976074219e+02 6.372458267211914062e+01 8.226828765869140625e+01
3.169250679016113281e+01 1.342729721069335938e+02 6.220907211303710938e+01 8.178096008300781250e+01
3.093150329589843750e+01 1.370901374816894531e+02 6.525552368164062500e+01 8.301119232177734375e+01
3.217170715332031250e+01 1.352839355468750000e+02 6.245236206054687500e+01 8.179037475585937500e+01
3.418598747253417969e+01 1.369974212646484375e+02 6.223886489868164062e+01 8.063650512695312500e+01
3.017514801025390625e+01 1.352363319396972656e+02 6.594017028808593750e+01 8.597185516357421875e+01
3.260935211181640625e+01 1.322587394714355469e+02 6.506602478027343750e+01 8.631839752197265625e+01
3.325587081909179688e+01 1.359817619323730469e+02 6.427088165283203125e+01 8.259717559814453125e+01
3.038564300537109375e+01 1.342918434143066406e+02 6.682960510253906250e+01 9.055342864990234375e+01
3.019962692260742188e+01 1.344120368957519531e+02 6.645084381103515625e+01 8.626839447021484375e+01
3.384642791748046875e+01 1.334720802307128906e+02 6.423533630371093750e+01 8.511699676513671875e+01
3.411577224731445312e+01 1.334623527526855469e+02 6.465425872802734375e+01 8.663535308837890625e+01
3.224755096435546875e+01 1.328225784301757812e+02 6.549653625488281250e+01 8.634635925292968750e+01
3.727099800109863281e+01 1.361925086975097656e+02 6.117614364624023438e+01 8.196132659912109375e+01
3.274744415283203125e+01 1.341067695617675781e+02 6.701823425292968750e+01 9.083272552490234375e+01
3.348700714111328125e+01 1.328659362792968750e+02 6.571806335449218750e+01 8.581420898437500000e+01
3.810687828063964844e+01 1.342816772460937500e+02 6.128908157348632812e+01 8.184942626953125000e+01
3.377827453613281250e+01 1.341099624633789062e+02 6.488140869140625000e+01 9.005867004394531250e+01
3.583631706237792969e+01 1.336780014038085938e+02 6.331985855102539062e+01 8.424967956542968750e+01
3.620327949523925781e+01 1.338408088684082031e+02 6.304101181030273438e+01 8.541942596435546875e+01
3.886631393432617188e+01 1.324437141418457031e+02 6.084653472900390625e+01 8.375081634521484375e+01
3.519115829467773438e+01 1.364465560913085938e+02 6.411664581298828125e+01 8.691270446777343750e+01
3.596748542785644531e+01 1.341527404785156250e+02 6.345840072631835938e+01 8.411508178710937500e+01
3.682875442504882812e+01 1.310351943969726562e+02 6.318950653076171875e+01 9.103749084472656250e+01
3.776325416564941406e+01 1.316106147766113281e+02 6.279871749877929688e+01 9.002477264404296875e+01
3.538239669799804688e+01 1.328272247314453125e+02 6.608979034423828125e+01 9.069442749023437500e+01
3.782517433166503906e+01 1.318225173950195312e+02 6.266917037963867188e+01 8.564775085449218750e+01
3.922055435180664062e+01 1.342811203002929688e+02 6.208730316162109375e+01 8.044020080566406250e+01
3.642215156555175781e+01 1.335605583190917969e+02 6.364721298217773438e+01 8.982971954345703125e+01
3.360050201416015625e+01 1.313890800476074219e+02 6.756422424316406250e+01 8.942749786376953125e+01
3.753033065795898438e+01 1.325760040283203125e+02 6.454251861572265625e+01 8.500640869140625000e+01
3.713232421875000000e+01 1.340301284790039062e+02 6.537921142578125000e+01 8.642820739746093750e+01
3.407565307617187500e+01 1.326036415100097656e+02 6.844961547851562500e+01 9.155165863037109375e+01
3.523405075073242188e+01 1.316821136474609375e+02 6.626886749267578125e+01 9.015704345703125000e+01
3.791731643676757812e+01 1.324971618652343750e+02 6.534435272216796875e+01 8.748184204101562500e+01
3.632854080200195312e+01 1.349750366210937500e+02 6.811684417724609375e+01 8.914074707031250000e+01
3.807957458496093750e+01 1.279540481567382812e+02 6.522177124023437500e+01 9.282493591308593750e+01
3.646482467651367188e+01 1.343316345214843750e+02 6.549814605712890625e+01 9.072781372070312500e+01
3.983652496337890625e+01 1.296157112121582031e+02 6.392466735839843750e+01 9.025182342529296875e+01
3.340410614013671875e+01 1.364211235046386719e+02 6.992936706542968750e+01 8.934247589111328125e+01
3.700368499755859375e+01 1.356726455688476562e+02 6.743421936035156250e+01 8.569282531738281250e+01
3.627373123168945312e+01 1.300092048645019531e+02 6.935378265380859375e+01 9.411464691162109375e+01
3.470135498046875000e+01 1.349794425964355469e+02 6.661685180664062500e+01 9.080368804931640625e+01
3.742273712158203125e+01 1.347518157958984375e+02 6.832469177246093750e+01 9.103137207031250000e+01
3.635441589355468750e+01 1.306379928588867188e+02 6.679672241210937500e+01 9.077543640136718750e+01
3.680135726928710938e+01 1.343807258605957031e+02 7.194297027587890625e+01 9.117412567138671875e+01
3.688439941406250000e+01 1.281055831909179688e+02 6.643643188476562500e+01 9.340953063964843750e+01
3.746964263916015625e+01 1.340267372131347656e+02 7.080622863769531250e+01 9.205770111083984375e+01
3.798719787597656250e+01 1.315300521850585938e+02 6.699584960937500000e+01 9.024116516113281250e+01
3.516608428955078125e+01 1.347834358215332031e+02 7.355116271972656250e+01 9.084197235107421875e+01
3.604045104980468750e+01 1.308290138244628906e+02 6.653515625000000000e+01 9.216982269287109375e+01
3.916913986206054688e+01 1.340846023559570312e+02 6.928183746337890625e+01 9.429808044433593750e+01
3.971987152099609375e+01 1.351718215942382812e+02 6.786195373535156250e+01 8.657731628417968750e+01
3.745831298828125000e+01 1.328436355590820312e+02 6.922271728515625000e+01 9.385856628417968750e+01
3.721478652954101562e+01 1.293820228576660156e+02 6.655080413818359375e+01 9.591530609130859375e+01
3.960327148437500000e+01 1.354535217285156250e+02 7.103939819335937500e+01 9.435278320312500000e+01
3.707873153686523438e+01 1.346753120422363281e+02 6.829425811767578125e+01 9.123210906982421875e+01
4.044548034667968750e+01 1.322435188293457031e+02 7.146401977539062500e+01 9.102513885498046875e+01
3.714967346191406250e+01 1.353523292541503906e+02 7.085281372070312500e+01 9.300676727294921875e+01
4.048211669921875000e+01 1.359014167785644531e+02 6.945028686523437500e+01 8.776985931396484375e+01
3.892918777465820312e+01 1.355283050537109375e+02 6.927681732177734375e+01 9.155313110351562500e+01
4.043492507934570312e+01 1.352528266906738281e+02 7.133696746826171875e+01 8.976860809326171875e+01
3.864830398559570312e+01 1.340894355773925781e+02 7.118431854248046875e+01 9.072151947021484375e+01
3.599105453491210938e+01 1.361313705444335938e+02 6.845716094970703125e+01 9.086640930175781250e+01
3.825741958618164062e+01 1.336793136596679688e+02 7.373558807373046875e+01 9.160655212402343750e+01
3.785056304931640625e+01 1.353877182006835938e+02 7.503880310058593750e+01 9.080741882324218750e+01
3.910111999511718750e+01 1.357979469299316406e+02 7.470730590820312500e+01 8.877657318115234375e+01
3.964767837524414062e+01 1.361319885253906250e+02 7.523751068115234375e+01 8.878900146484375000e+01
4.083244323730468750e+01 1.366552925109863281e+02 7.262759399414062500e+01 8.376189422607421875e+01
4.217638397216796875e+01 1.359239082336425781e+02 7.115983581542968750e+01 8.779854583740234375e+01
4.168830108642578125e+01 1.367232246398925781e+02 7.275144958496093750e+01 8.845476531982421875e+01
4.219475936889648438e+01 1.371465721130371094e+02 7.117823028564453125e+01 8.271643829345703125e+01
4.295609664916992188e+01 1.360713729858398438e+02 7.232639312744140625e+01 8.963029479980468750e+01
4.218273544311523438e+01 1.379371147155761719e+02 7.209659576416015625e+01 8.296164703369140625e+01
4.269050216674804688e+01 1.360265846252441406e+02 7.374890899658203125e+01 8.777223968505859375e+01
4.354423522949218750e+01 1.382809066772460938e+02 7.191424560546875000e+01 8.126979064941406250e+01
4.163369369506835938e+01 1.359845886230468750e+02 7.492642974853515625e+01 8.848638916015625000e+01
4.284987258911132812e+01 1.375533180236816406e+02 7.530190277099609375e+01 8.237334442138671875e+01
4.452669525146484375e+01 1.379057502746582031e+02 7.442372131347656250e+01 7.677681732177734375e+01
4.368736648559570312e+01 1.362685050964355469e+02 7.649230194091796875e+01 8.660437774658203125e+01
4.295375823974609375e+01 1.373801345825195312e+02 7.593568420410156250e+01 7.884312438964843750e+01
4.442092132568359375e+01 1.370029945373535156e+02 7.506184387207031250e+01 8.656533050537109375e+01
4.379395294189453125e+01 1.381436462402343750e+02 7.566252136230468750e+01 7.991659545898437500e+01
4.198788833618164062e+01 1.382377548217773438e+02 7.703951263427734375e+01 8.524946594238281250e+01
4.134478759765625000e+01 1.403028144836425781e+02 7.285125732421875000e+01 7.987825775146484375e+01
4.150177383422851562e+01 1.392358436584472656e+02 7.563555145263671875e+01 8.039904022216796875e+01
4.276279067993164062e+01 1.391876258850097656e+02 7.883962249755859375e+01 8.007714080810546875e+01
4.457907104492187500e+01 1.407670783996582031e+02 7.521218872070312500e+01 7.719094085693359375e+01
4.376777267456054688e+01 1.395080146789550781e+02 7.769589996337890625e+01 7.972801971435546875e+01
4.326960372924804688e+01 1.393909149169921875e+02 7.961710357666015625e+01 7.945993041992187500e+01
4.321166610717773438e+01 1.400840797424316406e+02 7.935254669189453125e+01 7.786705780029296875e+01
4.363311386108398438e+01 1.385441513061523438e+02 8.290903472900390625e+01 8.039192199707031250e+01
4.234296035766601562e+01 1.396958808898925781e+02 8.001137542724609375e+01 7.816216278076171875e+01
4.392746734619140625e+01 1.384838371276855469e+02 8.329911804199218750e+01 8.182608795166015625e+01
4.819332885742187500e+01 1.398023567199707031e+02 7.960122680664062500e+01 7.708687591552734375e+01
4.362812805175781250e+01 1.392593536376953125e+02 8.533160400390625000e+01 8.508319091796875000e+01
4.318130493164062500e+01 1.389871330261230469e+02 8.516293334960937500e+01 8.004990386962890625e+01
4.716476058959960938e+01 1.391752967834472656e+02 7.785871124267578125e+01 7.780889129638671875e+01
4.388094711303710938e+01 1.382016677856445312e+02 8.472934722900390625e+01 8.353504943847656250e+01
4.561978149414062500e+01 1.413046607971191406e+02 7.982238769531250000e+01 7.643807220458984375e+01
4.446650314331054688e+01 1.397025642395019531e+02 8.672330474853515625e+01 8.073903656005859375e+01
4.326353073120117188e+01 1.395474662780761719e+02 8.389588165283203125e+01 7.799243927001953125e+01
4.726386260986328125e+01 1.391215744018554688e+02 9.054573059082031250e+01 7.877058410644531250e+01
4.094234085083007812e+01 1.378642349243164062e+02 8.950548553466796875e+01 8.154994201660156250e+01
4.361490631103515625e+01 1.381405525207519531e+02 8.576756286621093750e+01 8.095995330810546875e+01
4.752466583251953125e+01 1.385173454284667969e+02 8.709703063964843750e+01 8.274436187744140625e+01
4.383887481689453125e+01 1.381780738830566406e+02 8.906312561035156250e+01 7.960265350341796875e+01
4.668960189819335938e+01 1.373374900817871094e+02 8.242761993408203125e+01 8.348813629150390625e+01
4.630697631835937500e+01 1.399217910766601562e+02 8.545959472656250000e+01 8.428477478027343750e+01
4.433102416992187500e+01 1.369618225097656250e+02 8.675515747070312500e+01 8.287774658203125000e+01
4.584518814086914062e+01 1.379255447387695312e+02 8.556679534912109375e+01 8.375886535644531250e+01
4.501710128784179688e+01 1.360663452148437500e+02 8.534293365478515625e+01 8.448513793945312500e+01
4.518261337280273438e+01 1.377914352416992188e+02 8.214911651611328125e+01 8.497200012207031250e+01
4.510576248168945312e+01 1.385978507995605469e+02 8.483300018310546875e+01 8.086600494384765625e+01
4.608998107910156250e+01 1.378966293334960938e+02 8.797216796875000000e+01 8.488221740722656250e+01
4.513142395019531250e+01 1.371283798217773438e+02 8.719531250000000000e+01 8.311317443847656250e+01
4.680023574829101562e+01 1.357010765075683594e+02 8.515740203857421875e+01 8.815555572509765625e+01
4.512495803833007812e+01 1.360585365295410156e+02 9.003801727294921875e+01 8.722771453857421875e+01
4.323475646972656250e+01 1.367696647644042969e+02 9.392684936523437500e+01 8.321369171142578125e+01
4.588656616210937500e+01 1.372988700866699219e+02 8.686706542968750000e+01 8.773053741455078125e+01
4.530999755859375000e+01 1.358638648986816406e+02 8.858175659179687500e+01 8.810894012451171875e+01
4.460319137573242188e+01 1.381555519104003906e+02 9.190018463134765625e+01 8.320760345458984375e+01
4.472312927246093750e+01 1.363114051818847656e+02 9.522521972656250000e+01 8.464092254638671875e+01
4.712005615234375000e+01 1.355844688415527344e+02 9.162515258789062500e+01 8.611951446533203125e+01
4.664306259155273438e+01 1.385207862854003906e+02 8.263941192626953125e+01 8.241786956787109375e+01
4.768247604370117188e+01 1.396745948791503906e+02 8.803894805908203125e+01 8.422078704833984375e+01
4.664581298828125000e+01 1.359289283752441406e+02 9.602886962890625000e+01 8.412352752685546875e+01
4.987586593627929688e+01 1.405930252075195312e+02 8.372296905517578125e+01 8.179710388183593750e+01
5.159844970703125000e+01 1.371734390258789062e+02 8.917578125000000000e+01 8.560655212402343750e+01
5.348979949951171875e+01 1.396465187072753906e+02 8.959654235839843750e+01 8.137966156005859375e+01
4.591270065307617188e+01 1.402151336669921875e+02 9.107846832275390625e+01 8.349261474609375000e+01
4.495916366577148438e+01 1.377595367431640625e+02 9.523120880126953125e+01 8.512905883789062500e+01
4.736009597778320312e+01 1.375317840576171875e+02 9.498024749755859375e+01 8.507183837890625000e+01
4.531906127929687500e+01 1.386520233154296875e+02 9.565322875976562500e+01 8.448901367187500000e+01
4.583515548706054688e+01 1.362148399353027344e+02 9.487488555908203125e+01 8.733295440673828125e+01
4.511304092407226562e+01 1.369125328063964844e+02 9.768193817138671875e+01 8.668885040283203125e+01
4.539957809448242188e+01 1.361938095092773438e+02 9.610144805908203125e+01 8.904829406738281250e+01
4.449955749511718750e+01 1.381477508544921875e+02 9.935089111328125000e+01 8.642471313476562500e+01
4.452846145629882812e+01 1.348643684387207031e+02 9.585814666748046875e+01 8.948793792724609375e+01
4.360459136962890625e+01 1.388148689270019531e+02 1.010171661376953125e+02 8.543999481201171875e+01
4.631158828735354405e+01 1.358087959289551065e+02 9.996184539794921875e+01 9.016854095458984375e+01
4.771283340454104405e+01 1.375523567199707315e+02 9.578945159912109375e+01 8.825041961669921875e+01
4.621941375732424717e+01 1.348978805541992472e+02 9.763526916503906250e+01 8.871961975097656250e+01
4.516529083251955967e+01 1.415195350646972940e+02 9.326396179199218750e+01 8.233049774169921875e+01
5.025810241699221592e+01 1.341785316467285440e+02 9.337991333007812500e+01 8.833473968505859375e+01
5.475566864013674717e+01 1.432560348510742472e+02 9.037147521972656250e+01 7.977265930175781250e+01
4.890560531616213780e+01 1.369551048278808878e+02 9.055612945556640625e+01 8.661844635009765625e+01
5.060874176025393467e+01 1.368576431274414347e+02 9.469889831542968750e+01 8.454487609863281250e+01
5.655853652954104405e+01 1.401338348388672159e+02 8.512850189208984375e+01 7.894940185546875000e+01
5.019977951049807530e+01 1.338846817016601847e+02 9.549494171142578125e+01 9.421772766113281250e+01
5.130931472778323155e+01 1.344902420043945597e+02 9.410951995849609375e+01 8.741200256347656250e+01
5.353065109252932530e+01 1.415394058227539347e+02 9.498755645751953125e+01 7.636256408691406250e+01
5.191861724853518467e+01 1.432194633483887003e+02 8.418696594238281250e+01 8.710157012939453125e+01
4.946455764770510655e+01 1.360204887390137003e+02 9.146401214599609375e+01 8.829300689697265625e+01
5.408867645263674717e+01 1.358524971008301065e+02 9.863926696777343750e+01 8.512923431396484375e+01
5.387451553344729405e+01 1.398871726989746378e+02 8.576827239990234375e+01 8.072095489501953125e+01
5.856901931762698155e+01 1.331316986083984659e+02 9.091527557373046875e+01 8.835272216796875000e+01
5.315813827514651280e+01 1.373563613891601847e+02 9.435837554931640625e+01 8.919841003417968750e+01
5.305657196044924717e+01 1.348728561401367472e+02 9.363133239746093750e+01 9.033769226074218750e+01
5.531501388549807530e+01 1.369149971008301065e+02 8.832468414306640625e+01 8.560707855224609375e+01
5.767604446411135655e+01 1.363423385620117472e+02 9.376772308349609375e+01 8.487162780761718750e+01
6.012484741210940342e+01 1.374283828735351847e+02 9.409078979492187500e+01 8.534715270996093750e+01
5.569424438476565342e+01 1.366018600463867472e+02 9.760317993164062500e+01 8.464625549316406250e+01
5.739721679687502842e+01 1.360340652465820597e+02 8.941735839843750000e+01 8.589601135253906250e+01
6.045787048339846592e+01 1.371380577087402628e+02 9.629351806640625000e+01 8.712760162353515625e+01
5.723540878295901280e+01 1.365675354003906534e+02 9.790149688720703125e+01 8.428637695312500000e+01
6.035742950439455967e+01 1.347639884948730753e+02 9.214506530761718750e+01 8.844727325439453125e+01
5.911590957641604405e+01 1.361401748657226847e+02 9.167110443115234375e+01 8.730293273925781250e+01
5.693362426757815342e+01 1.344954872131347940e+02 8.811566162109375000e+01 8.884798431396484375e+01
6.208857345581057530e+01 1.334944419860840128e+02 9.337903594970703125e+01 8.938785552978515625e+01
6.085001754760745030e+01 1.378656425476074503e+02 9.097681427001953125e+01 8.413855743408203125e+01
5.712012481689455967e+01 1.351683883666992472e+02 9.880320739746093750e+01 9.201054382324218750e+01
5.575352859497073155e+01 1.331003646850586222e+02 9.747148895263671875e+01 9.167311096191406250e+01
6.127791595458987217e+01 1.352291145324707315e+02 9.118437194824218750e+01 8.774047088623046875e+01
5.806343078613284092e+01 1.336915206909179972e+02 8.845697021484375000e+01 9.065025329589843750e+01
6.012211990356448155e+01 1.360577239990234659e+02 9.773809051513671875e+01 8.566424560546875000e+01
5.380300521850588780e+01 1.343847122192383097e+02 9.473902130126953125e+01 9.054243469238281250e+01
5.281726074218752842e+01 1.368296775817871378e+02 9.883294677734375000e+01 8.665424346923828125e+01
5.893727111816409092e+01 1.357194137573242472e+02 8.989236450195312500e+01 8.689515686035156250e+01
6.162754440307620030e+01 1.343029937744140909e+02 9.739374542236328125e+01 9.025579833984375000e+01
7.062076187133791905e+01 1.375797958374023722e+02 9.092696380615234375e+01 9.064244079589843750e+01
7.241687393188479405e+01 1.326447105407715128e+02 9.692766571044921875e+01 9.245838165283203125e+01
6.490839767456057530e+01 1.382688217163086222e+02 8.318430328369140625e+01 8.271022033691406250e+01
6.452671432495120030e+01 1.346951713562012003e+02 9.094889068603515625e+01 8.876612091064453125e+01
6.128296279907229405e+01 1.352044448852539347e+02 9.243764495849609375e+01 8.972892761230468750e+01
6.821123504638674717e+01 1.324180259704590128e+02 9.485926818847656250e+01 8.986380767822265625e+01
7.168629837036135655e+01 1.391448402404785440e+02 8.837059783935546875e+01 8.534960174560546875e+01
7.136712646484377842e+01 1.350949554443359659e+02 9.613931274414062500e+01 8.986575317382812500e+01
7.033786392211919747e+01 1.388593559265137287e+02 8.789690399169921875e+01 8.355274200439453125e+01
7.165866088867193184e+01 1.327968978881836506e+02 8.855484008789062500e+01 9.391926574707031250e+01
7.174598693847661934e+01 1.361762771606445881e+02 8.314688110351562500e+01 8.673847961425781250e+01
7.110416412353521309e+01 1.333888359069824787e+02 8.491883850097656250e+01 8.885440826416015625e+01
6.926271057128911934e+01 1.345013580322266193e+02 7.498883056640625000e+01 8.714401245117187500e+01
6.365692520141607247e+01 1.365585174560547443e+02 8.063375091552734375e+01 9.450918579101562500e+01
6.055738830566411934e+01 1.343973731994629475e+02 8.207632446289062500e+01 9.053310394287109375e+01
6.963043212890630684e+01 1.372927894592285725e+02 7.825808715820312500e+01 8.418642425537109375e+01
6.713605880737310372e+01 1.329995613098145100e+02 7.769361114501953125e+01 9.523116302490234375e+01
6.706193542480474434e+01 1.356950225830078693e+02 8.302239990234375000e+01 8.752807617187500000e+01
6.762718200683599434e+01 1.339761238098145100e+02 8.314901733398437500e+01 9.024517059326171875e+01
6.737288284301763497e+01 1.339724044799805256e+02 8.583708953857421875e+01 8.735215759277343750e+01
7.236152648925786934e+01 1.355419006347656818e+02 8.432534790039062500e+01 8.556076049804687500e+01
7.567169952392583809e+01 1.341410064697266193e+02 7.921968078613281250e+01 8.611895751953125000e+01
7.577888107299810372e+01 1.338707771301270100e+02 7.681229400634765625e+01 9.147185516357421875e+01
7.597719573974615059e+01 1.316608200073242756e+02 8.195506286621093750e+01 8.820457458496093750e+01
8.687330245971685372e+01 1.357347717285156818e+02 7.314044952392578125e+01 8.784405517578125000e+01
1.255225334167481037e+02 1.347833404541016193e+02 8.455750274658203125e+01 7.718490600585937500e+01
1.260932121276856037e+02 1.385124282836914631e+02 8.364972686767578125e+01 7.182472229003906250e+01
1.265726242065430256e+02 1.374513702392578693e+02 8.447483825683593750e+01 7.530557250976562500e+01
1.270675849914551350e+02 1.366408576965332600e+02 8.326088714599609375e+01 7.535292816162109375e+01
1.257567596435547443e+02 1.355628509521484943e+02 8.450408935546875000e+01 7.781106567382812500e+01
1.226666183471680256e+02 1.369401931762695881e+02 8.744236755371093750e+01 7.674192810058593750e+01
1.270405654907227131e+02 1.379751472473145100e+02 8.674284362792968750e+01 7.756121063232421875e+01
1.214831352233887287e+02 1.330654373168945881e+02 8.721411895751953125e+01 8.114756774902343750e+01
1.256266975402832600e+02 1.395150070190430256e+02 8.416265106201171875e+01 7.180757141113281250e+01
1.222591285705566975e+02 1.335585556030274006e+02 8.628231048583984375e+01 7.873387145996093750e+01
1.199510955810547443e+02 1.362570075988770100e+02 8.791488647460937500e+01 7.788298797607421875e+01
1.311266593933106037e+02 1.381882781982422443e+02 7.791028594970703125e+01 6.939550781250000000e+01
1.340501403808594318e+02 1.348156509399414631e+02 7.619281005859375000e+01 7.438444519042968750e+01
1.312109489440918537e+02 1.362635383605957600e+02 7.586392974853515625e+01 7.266527557373046875e+01
1.256215476989746662e+02 1.343341941833496662e+02 8.213913726806640625e+01 7.714557647705078125e+01
1.303528633117676350e+02 1.353319778442383381e+02 8.031761932373046875e+01 7.336491394042968750e+01
7.270657730102544747e+01 1.366885871887207600e+02 7.423880767822265625e+01 9.463018035888671875e+01
7.136171722412115059e+01 1.336931114196777912e+02 8.065542602539062500e+01 8.791190338134765625e+01
8.026242828369146309e+01 1.334654731750488850e+02 7.660842895507812500e+01 8.995284271240234375e+01
7.706655883789068184e+01 1.362424545288086506e+02 7.224934387207031250e+01 8.946147155761718750e+01
7.598991012573247872e+01 1.329157295227051350e+02 8.054219818115234375e+01 9.073748016357421875e+01
7.667421722412115059e+01 1.358791046142578693e+02 7.807562255859375000e+01 8.584292602539062500e+01
8.389085006713872872e+01 1.315591583251953693e+02 7.488079071044921875e+01 8.967178344726562500e+01
1.249260025024414631e+02 1.329766540527344318e+02 8.583843994140625000e+01 7.498547363281250000e+01
1.213645935058594318e+02 1.349977455139160725e+02 8.604182434082031250e+01 7.575695037841796875e+01
1.253618431091309162e+02 1.393592414855957600e+02 8.169564056396484375e+01 7.063390350341796875e+01
1.251392898559570881e+02 1.353942985534668537e+02 8.729870605468750000e+01 7.473651885986328125e+01
1.245746498107910725e+02 1.349549446105957600e+02 8.330698394775390625e+01 7.486516571044921875e+01
1.320010299682617756e+02 1.376652030944824787e+02 8.013156127929687500e+01 6.930219268798828125e+01
1.381713371276856037e+02 1.339504737854004475e+02 6.985945892333984375e+01 7.324541473388671875e+01
1.334985427856445881e+02 1.353060379028320881e+02 7.279318237304687500e+01 6.775566101074218750e+01
1.300995101928711506e+02 1.297087135314941975e+02 7.835107421875000000e+01 7.198079681396484375e+01
1.290788116455078693e+02 1.355095939636231037e+02 8.011335754394531250e+01 7.060852813720703125e+01
1.335311279296875568e+02 1.355111503601074787e+02 7.502754211425781250e+01 6.775165557861328125e+01
1.332725753784180256e+02 1.344893798828125568e+02 7.839270019531250000e+01 6.819409179687500000e+01
1.370717620849609943e+02 1.333899154663086506e+02 7.461244201660156250e+01 7.156196594238281250e+01
1.279934196472168537e+02 1.303076095581055256e+02 7.743614959716796875e+01 7.277189636230468750e+01
7.854222488403325997e+01 1.319496307373047443e+02 7.394269561767578125e+01 9.241189575195312500e+01
8.014520263671880684e+01 1.355115966796875568e+02 7.599018859863281250e+01 8.696640014648437500e+01
7.904538726806646309e+01 1.398540115356445881e+02 7.062954711914062500e+01 8.878953552246093750e+01
8.118575668334966622e+01 1.363124923706055256e+02 7.817830657958984375e+01 8.505903625488281250e+01
8.583133316040044747e+01 1.392074928283691975e+02 7.599646759033203125e+01 8.872286224365234375e+01
9.130411529541021309e+01 1.366185188293457600e+02 7.578082275390625000e+01 8.182927703857421875e+01
8.425684165954595528e+01 1.304166908264160725e+02 5.811020278930664062e+01 9.711101531982421875e+01
8.841930007934575997e+01 1.337982826232910725e+02 6.948914337158203125e+01 8.796050262451171875e+01
8.394717025756841622e+01 1.383206596374512287e+02 6.783040618896484375e+01 8.357199859619140625e+01
8.917009353637700997e+01 1.332338600158691975e+02 6.334473419189453125e+01 9.254412078857421875e+01
8.305391693115240059e+01 1.397600708007813068e+02 6.942303466796875000e+01 8.817614746093750000e+01
8.109661865234380684e+01 1.325264739990234943e+02 6.729377746582031250e+01 9.235595703125000000e+01
7.955178451538091622e+01 1.341214218139649006e+02 7.363381195068359375e+01 9.483036804199218750e+01
8.011829376220708809e+01 1.316713142395020100e+02 7.159835815429687500e+01 9.271108245849609375e+01
7.644129180908208809e+01 1.348438186645508381e+02 7.574389648437500000e+01 9.559925842285156250e+01
8.294213867187505684e+01 1.344551353454590412e+02 6.798048400878906250e+01 8.998450469970703125e+01
7.607417678833013497e+01 1.347436676025391193e+02 7.349454498291015625e+01 1.011124572753906250e+02
7.927865600585943184e+01 1.375411720275879475e+02 7.353324890136718750e+01 8.961379241943359375e+01
7.855732727050786934e+01 1.317532386779785725e+02 6.957072448730468750e+01 9.406124114990234375e+01
8.347085571289068184e+01 1.326811866760254475e+02 7.022315979003906250e+01 9.620284271240234375e+01
8.089841461181646309e+01 1.392939529418945881e+02 7.312750244140625000e+01 8.252644348144531250e+01
7.909944534301763497e+01 1.333822784423828693e+02 7.001810455322265625e+01 9.908349609375000000e+01
8.183154678344732247e+01 1.351262054443359943e+02 7.422480010986328125e+01 8.973510742187500000e+01
8.247729873657232247e+01 1.380167579650879475e+02 7.236972808837890625e+01 8.573143768310546875e+01
8.084548950195318184e+01 1.362192230224609943e+02 7.008683776855468750e+01 9.252243041992187500e+01
8.092575454711919747e+01 1.371412353515625568e+02 7.658856964111328125e+01 8.425219726562500000e+01
8.171764755249029122e+01 1.367816467285156818e+02 7.381896209716796875e+01 8.777697753906250000e+01
8.173546218872075997e+01 1.357850303649902912e+02 7.186136627197265625e+01 8.975202178955078125e+01
8.150267028808599434e+01 1.349539146423340412e+02 7.146745300292968750e+01 8.879697418212890625e+01
8.002116012573247872e+01 1.330002326965332600e+02 6.843044281005859375e+01 9.494618988037109375e+01
8.439414215087896309e+01 1.378239555358887287e+02 7.216787719726562500e+01 9.140354156494140625e+01
8.622674560546880684e+01 1.371884574890137287e+02 6.836289978027343750e+01 9.616196441650390625e+01
9.007163619995122872e+01 1.336613883972168537e+02 7.180004119873046875e+01 9.935489654541015625e+01
1.222514915466309162e+02 1.402558212280274006e+02 8.911348724365234375e+01 7.674797058105468750e+01
8.397897720336919747e+01 1.459306526184082600e+02 6.612564849853515625e+01 8.538341522216796875e+01
8.359118652343755684e+01 1.367456092834473225e+02 6.824201965332031250e+01 8.581911468505859375e+01
8.151639556884771309e+01 1.344935874938965412e+02 7.021163940429687500e+01 9.607349395751953125e+01
8.375711441040044747e+01 1.345485610961914631e+02 6.929972076416015625e+01 9.668891906738281250e+01
8.184191513061529122e+01 1.353870391845703693e+02 7.327715301513671875e+01 9.221868896484375000e+01
8.223907852172857247e+01 1.366479911804199787e+02 6.941397857666015625e+01 8.695844268798828125e+01
8.162061309814458809e+01 1.365041313171387287e+02 6.992608642578125000e+01 9.551032257080078125e+01
8.299324798583990059e+01 1.348800392150879475e+02 7.414868164062500000e+01 9.447286224365234375e+01
8.517246246337896309e+01 1.361230545043945881e+02 7.433392333984375000e+01 9.276673889160156250e+01
8.430522537231450997e+01 1.371362380981445881e+02 6.873749542236328125e+01 9.370103454589843750e+01
8.221467208862310372e+01 1.350218696594238850e+02 7.152376556396484375e+01 9.182802581787109375e+01
8.179360198974615059e+01 1.342583122253418537e+02 6.716842651367187500e+01 9.289612579345703125e+01
8.290913772583013497e+01 1.356051063537598225e+02 7.142392730712890625e+01 9.242290496826171875e+01
8.129148101806646309e+01 1.361931953430176350e+02 7.000762939453125000e+01 8.669994354248046875e+01
8.001983261108404122e+01 1.347309112548828693e+02 7.048036956787109375e+01 9.207958984375000000e+01
8.217341613769536934e+01 1.360551910400391193e+02 6.876429748535156250e+01 9.166534423828125000e+01
8.292908096313482247e+01 1.382855796813965412e+02 6.454370880126953125e+01 8.986954498291015625e+01
8.453920745849615059e+01 1.339448471069336506e+02 6.643457031250000000e+01 9.121769714355468750e+01
8.021365356445318184e+01 1.327869186401367756e+02 6.664891052246093750e+01 9.240116882324218750e+01
8.390409088134771309e+01 1.357735557556152912e+02 6.448864746093750000e+01 8.838312530517578125e+01
8.541595840454107247e+01 1.345396308898926350e+02 6.574521636962890625e+01 8.549663543701171875e+01
8.634896469116216622e+01 1.333802642822266193e+02 6.791735076904296875e+01 9.128509521484375000e+01
8.205817413330083809e+01 1.360626869201660725e+02 6.948693847656250000e+01 8.994246673583984375e+01
8.390249633789068184e+01 1.342138633728027912e+02 6.554884338378906250e+01 9.005164337158203125e+01
8.277379608154302559e+01 1.359200820922852131e+02 6.845443725585937500e+01 9.361933898925781250e+01
8.438610076904302559e+01 1.343248176574707600e+02 6.527520751953125000e+01 8.926900482177734375e+01
8.416796493530279122e+01 1.345590248107910725e+02 6.833257293701171875e+01 9.483193206787109375e+01
8.649836730957036934e+01 1.339082298278809162e+02 6.643107604980468750e+01 8.785221099853515625e+01
8.205472564697271309e+01 1.368365707397461506e+02 7.016290283203125000e+01 9.302503967285156250e+01
8.252703475952154122e+01 1.322827415466309162e+02 6.763396453857421875e+01 9.585721588134765625e+01
8.425659179687505684e+01 1.321054267883301350e+02 6.530049133300781250e+01 8.721776580810546875e+01
8.412171173095708809e+01 1.346042671203613850e+02 7.074139404296875000e+01 8.983861541748046875e+01
8.863962173461919747e+01 1.343437614440918537e+02 6.871512603759765625e+01 8.745935821533203125e+01
8.454587936401372872e+01 1.406915702819824787e+02 6.815908050537109375e+01 9.213205718994140625e+01
9.606367111206060372e+01 1.344065475463867756e+02 9.530706024169921875e+01 8.037071228027343750e+01
1.239402313232422443e+02 1.373409538269043537e+02 8.576716613769531250e+01 8.694165802001953125e+01
