2.040000000000000000e+02 7.300000000000000000e+01 3.400000000000000000e+01 4.200000000000000000e+01
2.019033775329589844e+02 7.430101203918457031e+01 3.500740814208984375e+01 4.014983749389648438e+01
2.014460887908935547e+02 7.526111030578613281e+01 3.521377944946289062e+01 3.926565170288085938e+01
2.006675853729248047e+02 7.464958190917968750e+01 3.501736831665039062e+01 3.993768310546875000e+01
2.011953029632568359e+02 7.390894126892089844e+01 3.490440750122070312e+01 3.905447769165039062e+01
2.003170909881591797e+02 7.441123580932617188e+01 3.527074050903320312e+01 4.029611968994140625e+01
2.009815139770507812e+02 7.602525711059570312e+01 3.536788940429687500e+01 3.888471221923828125e+01
2.015498714447021484e+02 7.936208343505859375e+01 3.499008560180664062e+01 3.867443847656250000e+01
2.015215167999267578e+02 8.362364578247070312e+01 3.565357589721679688e+01 3.851479339599609375e+01
2.015763282775878906e+02 8.888355827331542969e+01 3.597153472900390625e+01 3.870901870727539062e+01
2.020297336578369141e+02 9.240296554565429688e+01 3.567644882202148438e+01 3.917980194091796875e+01
2.025242862701416016e+02 9.019062042236328125e+01 3.577740097045898438e+01 3.882083129882812500e+01
2.043804035186767578e+02 8.445793914794921875e+01 3.465858078002929688e+01 3.885511779785156250e+01
2.053195457458496094e+02 7.648261833190917969e+01 3.420975494384765625e+01 3.947739028930664062e+01
2.065709381103515625e+02 6.901968383789062500e+01 3.399975585937500000e+01 3.867625427246093750e+01
2.075106887817382812e+02 6.448769760131835938e+01 3.446548461914062500e+01 3.869452667236328125e+01
2.101878318786621094e+02 6.316208076477050781e+01 3.401013946533203125e+01 3.718104171752929688e+01
2.111966590881347656e+02 6.264906883239746094e+01 3.405231475830078125e+01 3.821454238891601562e+01
2.134025707244873047e+02 6.585032081604003906e+01 3.365948867797851562e+01 3.862414169311523438e+01
2.150829982757568359e+02 7.099079895019531250e+01 3.412425613403320312e+01 3.861228942871093750e+01
2.173354549407958984e+02 7.879087066650390625e+01 3.457521438598632812e+01 3.863702392578125000e+01
2.194926605224609375e+02 8.465234947204589844e+01 3.472647094726562500e+01 3.803451919555664062e+01
2.212316455841064453e+02 8.455611228942871094e+01 3.551082992553710938e+01 3.985144424438476562e+01
2.248675823211669922e+02 8.342433738708496094e+01 3.586174392700195312e+01 3.850203323364257812e+01
2.296918487548828125e+02 7.716724014282226562e+01 3.518304443359375000e+01 3.958516693115234375e+01
2.324221401214599609e+02 6.938918876647949219e+01 3.562425613403320312e+01 4.136339187622070312e+01
2.356035652160644531e+02 6.614705657958984375e+01 3.643538665771484375e+01 3.957998657226562500e+01
2.377538890838623047e+02 6.572575378417968750e+01 3.657675552368164062e+01 3.699209594726562500e+01
2.410675373077392578e+02 6.591153717041015625e+01 3.628577804565429688e+01 3.860542297363281250e+01
2.431048202514648438e+02 6.953129768371582031e+01 3.678617858886718750e+01 3.983835983276367188e+01
2.451345996856689453e+02 7.610039710998535156e+01 3.643224716186523438e+01 3.936314010620117188e+01
2.465665740966796875e+02 8.221885108947753906e+01 3.527252197265625000e+01 3.821055221557617188e+01
2.457987232208251953e+02 8.493126678466796875e+01 3.360682296752929688e+01 3.787376403808593750e+01
2.426755905151367188e+02 8.305499267578125000e+01 3.602229309082031250e+01 4.003659057617187500e+01
2.387982578277587891e+02 7.695759582519531250e+01 3.689394760131835938e+01 3.993043518066406250e+01
2.328860702514648438e+02 7.024593544006347656e+01 3.723185729980468750e+01 3.952604293823242188e+01
2.270016765594482422e+02 6.640469932556152344e+01 3.625322341918945312e+01 3.766592788696289062e+01
2.205941123962402344e+02 6.500822067260742188e+01 3.583052825927734375e+01 3.774631500244140625e+01
2.129060306549072266e+02 6.404452514648437500e+01 3.565681076049804688e+01 3.927806091308593750e+01
2.054610729217529297e+02 6.688922691345214844e+01 3.695711135864257812e+01 3.990521621704101562e+01
1.996437549591064453e+02 7.164763832092285156e+01 3.699451828002929688e+01 4.056219100952148438e+01
1.916197433471679688e+02 7.837838745117187500e+01 3.781784057617187500e+01 4.233592224121093750e+01
1.848031024932861328e+02 8.268978500366210938e+01 3.844572067260742188e+01 4.286046600341796875e+01
1.753797817230224609e+02 8.396507263183593750e+01 3.934363174438476562e+01 4.221459960937500000e+01
1.677111949920654297e+02 8.162409782409667969e+01 4.117607498168945312e+01 4.131154251098632812e+01
1.617480659484863281e+02 7.562348556518554688e+01 4.108525848388671875e+01 4.220874786376953125e+01
1.578892135620117188e+02 7.434667968750000000e+01 4.108566284179687500e+01 4.115042114257812500e+01
1.547138328552246094e+02 7.417427444458007812e+01 4.095525360107421875e+01 4.054482269287109375e+01
1.513610458374023438e+02 7.454654693603515625e+01 4.010449218750000000e+01 4.169166564941406250e+01
1.500969085693359375e+02 7.872695732116699219e+01 3.866540527343750000e+01 4.203415298461914062e+01
1.479424877166748047e+02 8.228729248046875000e+01 3.938734817504882812e+01 4.360888671875000000e+01
1.465272006988525391e+02 8.625656509399414062e+01 3.894207382202148438e+01 4.218630218505859375e+01
1.472853260040283203e+02 8.570120048522949219e+01 3.826642990112304688e+01 4.060890579223632812e+01
1.474201126098632812e+02 7.829948425292968750e+01 3.911430358886718750e+01 4.332308959960937500e+01
1.505745391845703125e+02 7.025389671325683594e+01 3.882539367675781250e+01 4.300708389282226562e+01
1.542708778381347656e+02 6.435648345947265625e+01 3.873142242431640625e+01 4.142108154296875000e+01
1.605859813690185547e+02 6.113467407226562500e+01 3.721046829223632812e+01 3.897958374023437500e+01
1.671274223327636719e+02 6.035402297973632812e+01 3.565106964111328125e+01 3.937651824951171875e+01
1.753561840057373047e+02 6.155567169189453125e+01 3.429114151000976562e+01 4.009991455078125000e+01
1.833255958557128906e+02 6.715091133117675781e+01 3.359494781494140625e+01 4.005855941772460938e+01
1.895660552978515625e+02 7.515697669982910156e+01 3.556709289550781250e+01 3.993398666381835938e+01
1.962702198028564453e+02 8.199625396728515625e+01 3.622134017944335938e+01 3.906040954589843750e+01
2.024412250518798828e+02 8.114853668212890625e+01 3.679909896850585938e+01 4.165200805664062500e+01
2.089737586975097656e+02 7.734267997741699219e+01 3.792989349365234375e+01 4.060426712036132812e+01
2.127266788482666016e+02 6.705402946472167969e+01 4.009016036987304688e+01 4.459305191040039062e+01
2.173482875823974609e+02 6.154645919799804688e+01 3.948889541625976562e+01 4.395088958740234375e+01
2.209952411651611328e+02 5.911943626403808594e+01 3.785894393920898438e+01 4.011568069458007812e+01
2.267201766967773438e+02 5.839236068725585938e+01 3.654444885253906250e+01 3.798404693603515625e+01
2.304793395996093750e+02 5.958613395690917969e+01 3.591377258300781250e+01 3.963234329223632812e+01
2.345070915222167969e+02 6.464837646484375000e+01 3.607358551025390625e+01 3.931269836425781250e+01
2.371167716979980469e+02 7.132064247131347656e+01 3.540428924560546875e+01 4.012467575073242188e+01
2.385765514373779297e+02 7.568509292602539062e+01 3.522064590454101562e+01 4.062203216552734375e+01
2.381033763885498047e+02 7.797833633422851562e+01 3.629745864868164062e+01 3.936013031005859375e+01
2.379966220855712891e+02 7.322603607177734375e+01 3.588962936401367188e+01 4.099064636230468750e+01
2.346986598968505859e+02 6.593906784057617188e+01 3.752135086059570312e+01 4.151572418212890625e+01
2.309377956390380859e+02 5.937089729309082031e+01 3.649051284790039062e+01 3.982883834838867188e+01
2.259346103668212891e+02 5.520690727233886719e+01 3.516605758666992188e+01 3.911163711547851562e+01
2.215453586578369141e+02 5.399149513244628906e+01 3.613094711303710938e+01 4.001986312866210938e+01
2.145749320983886719e+02 5.252582359313964844e+01 3.644130706787109375e+01 4.314024734497070312e+01
2.086491165161132812e+02 5.971509552001953125e+01 3.742958068847656250e+01 4.072157287597656250e+01
1.988802146911621094e+02 6.526443862915039062e+01 3.710581207275390625e+01 4.309143829345703125e+01
1.893727073669433594e+02 7.235952186584472656e+01 3.945581817626953125e+01 4.393737411499023438e+01
1.788761978149414062e+02 7.493712425231933594e+01 3.925788879394531250e+01 4.343156814575195312e+01
1.702412261962890625e+02 7.133431434631347656e+01 3.920574951171875000e+01 4.252140426635742188e+01
1.622887458801269531e+02 6.673269462585449219e+01 3.886147308349609375e+01 4.313475418090820312e+01
1.562048320770263672e+02 6.607296752929687500e+01 3.920503616333007812e+01 4.163815307617187500e+01
1.512795848846435547e+02 6.484422302246093750e+01 3.880826187133789062e+01 4.145339965820312500e+01
1.469886188507080078e+02 6.480817413330078125e+01 3.906241989135742188e+01 4.270529174804687500e+01
1.406936645507812500e+02 6.900580024719238281e+01 3.937562561035156250e+01 4.470608139038085938e+01
1.371921977996826172e+02 7.526453590393066406e+01 4.026387405395507812e+01 4.538467025756835938e+01
1.302678985595703125e+02 8.504498481750488281e+01 4.128424072265625000e+01 4.397724533081054688e+01
1.276904067993164062e+02 8.657169342041015625e+01 4.182847595214843750e+01 4.448582458496093750e+01
1.259521865844726562e+02 8.345211601257324219e+01 4.177658081054687500e+01 4.495294570922851562e+01
1.284025611877441406e+02 7.484616470336914062e+01 3.969617462158203125e+01 4.693674468994140625e+01
1.330334663391113281e+02 6.513863372802734375e+01 3.941771697998046875e+01 4.458984375000000000e+01
1.404307041168212891e+02 5.794929695129394531e+01 3.833008956909179688e+01 4.251720809936523438e+01
1.483084545135498047e+02 5.267449378967285156e+01 3.960863113403320312e+01 4.228087997436523438e+01
1.598356475830078125e+02 5.143318557739257812e+01 3.532936096191406250e+01 3.884529876708984375e+01
1.703118782043457031e+02 5.385152626037597656e+01 3.608196258544921875e+01 4.011109542846679688e+01
1.814830799102783203e+02 6.030374336242675781e+01 3.539460372924804688e+01 4.091827011108398438e+01
1.899872779846191406e+02 7.019978332519531250e+01 3.559774017333984375e+01 4.049629211425781250e+01
1.966474990844726562e+02 7.777843475341796875e+01 3.769413757324218750e+01 4.262081909179687500e+01
1.998637046813964844e+02 7.753434181213378906e+01 4.029679107666015625e+01 4.234447860717773438e+01
2.013604831695556641e+02 7.095330429077148438e+01 3.968848800659179688e+01 4.348188018798828125e+01
2.011500434875488281e+02 6.350502014160156250e+01 3.800646209716796875e+01 4.250071716308593750e+01
1.980852108001708984e+02 5.626591873168945312e+01 3.823073196411132812e+01 4.312444305419921875e+01
1.939621448516845703e+02 5.710442733764648438e+01 3.728310775756835938e+01 3.951340484619140625e+01
1.895778732299804688e+02 5.511281394958496094e+01 3.684530639648437500e+01 4.204407119750976562e+01
1.836816654205322266e+02 5.996811485290527344e+01 3.794025802612304688e+01 4.215068435668945312e+01
1.768067245483398438e+02 6.667234802246093750e+01 3.839045715332031250e+01 4.579901123046875000e+01
1.711107673645019531e+02 7.541197204589843750e+01 3.961425018310546875e+01 4.656369018554687500e+01
1.663920955657958984e+02 8.259328842163085938e+01 3.930827713012695312e+01 4.452828216552734375e+01
1.633984889984130859e+02 8.531488800048828125e+01 3.892897415161132812e+01 4.270687866210937500e+01
1.624254970550537109e+02 7.879278182983398438e+01 3.944266128540039062e+01 4.345444488525390625e+01
1.649168758392333984e+02 7.006259346008300781e+01 3.602536392211914062e+01 4.308445358276367188e+01
1.684178771972656250e+02 6.303197860717773438e+01 3.862767028808593750e+01 4.227190399169921875e+01
1.761680221557617188e+02 6.078830528259277344e+01 3.640533447265625000e+01 4.002272415161132812e+01
1.835654964447021484e+02 6.007330131530761719e+01 3.538016128540039062e+01 4.177414321899414062e+01
1.921145019531250000e+02 6.202840614318847656e+01 3.434577941894531250e+01 4.273943710327148438e+01
1.990680084228515625e+02 7.104055595397949219e+01 3.616436767578125000e+01 4.197993850708007812e+01
2.023895931243896484e+02 8.102410697937011719e+01 3.815607070922851562e+01 4.210307693481445312e+01
2.046827316284179688e+02 8.856468009948730469e+01 3.747378540039062500e+01 4.260867691040039062e+01
2.068336048126220703e+02 9.357664489746093750e+01 3.740923690795898438e+01 4.157113647460937500e+01
2.053584880828857422e+02 9.512517356872558594e+01 3.760147476196289062e+01 4.024086380004882812e+01
2.053012447357177734e+02 8.910989761352539062e+01 3.650636672973632812e+01 4.168303680419921875e+01
1.998250923156738281e+02 8.356037139892578125e+01 3.729915618896484375e+01 4.031448364257812500e+01
1.946596355438232422e+02 7.290747642517089844e+01 3.646046829223632812e+01 4.072848892211914062e+01
1.877983894348144531e+02 6.248909378051757812e+01 3.471067047119140625e+01 4.116748809814453125e+01
1.787784690856933594e+02 5.680951118469238281e+01 3.562703704833984375e+01 3.842919540405273438e+01
1.753940773010253906e+02 5.642588233947753906e+01 3.602408599853515625e+01 3.395756149291992188e+01
1.706675624847412109e+02 5.508631706237792969e+01 3.728018569946289062e+01 3.795788955688476562e+01
1.674350738525390625e+02 5.672463798522949219e+01 3.686354064941406250e+01 3.906341934204101562e+01
1.664482669830322266e+02 6.321303749084472656e+01 3.638758468627929688e+01 3.896354293823242188e+01
1.666885833740234375e+02 6.947093200683593750e+01 3.596688842773437500e+01 4.020295715332031250e+01
1.675211219787597656e+02 7.722661781311035156e+01 3.595883941650390625e+01 4.075434494018554688e+01
1.689659824371337891e+02 8.698762130737304688e+01 3.608332443237304688e+01 4.074062347412109375e+01
1.720365982055664062e+02 9.935289955139160156e+01 3.511766052246093750e+01 4.024489974975585938e+01
1.754559593200683594e+02 1.089803943634033203e+02 3.472818756103515625e+01 3.959418869018554688e+01
1.805158195495605469e+02 1.133328647613525391e+02 3.448188018798828125e+01 3.709389877319335938e+01
1.843790054321289062e+02 1.063793449401855469e+02 3.442987060546875000e+01 3.891793060302734375e+01
1.897200412750244141e+02 9.783104896545410156e+01 3.526418685913085938e+01 4.255466842651367188e+01
1.959705352783203125e+02 8.765808677673339844e+01 3.570779418945312500e+01 4.305707168579101562e+01
2.032927875518798828e+02 8.222517013549804688e+01 3.632261276245117188e+01 4.007099151611328125e+01
2.078237972259521484e+02 7.847801017761230469e+01 3.915561294555664062e+01 3.889615249633789062e+01
2.138003749847412109e+02 7.792640304565429688e+01 3.800287246704101562e+01 3.952889251708984375e+01
2.205095863342285156e+02 7.841268539428710938e+01 3.576886749267578125e+01 4.065378570556640625e+01
2.226836948394775391e+02 8.341172790527343750e+01 3.693989181518554688e+01 4.086901855468750000e+01
2.240279197692871094e+02 8.604517173767089844e+01 3.696143341064453125e+01 4.018875503540039062e+01
2.235638771057128906e+02 8.624848747253417969e+01 3.625061798095703125e+01 3.960017776489257812e+01
2.192060604095458984e+02 8.483631515502929688e+01 3.803398513793945312e+01 3.916767120361328125e+01
2.131251239776611328e+02 7.840559577941894531e+01 3.934476852416992188e+01 3.863207626342773438e+01
2.062427139282226562e+02 7.030807495117187500e+01 3.751417541503906250e+01 3.971064758300781250e+01
2.011067085266113281e+02 6.686589813232421875e+01 3.578285980224609375e+01 3.811724853515625000e+01
1.920992145538330078e+02 6.673743438720703125e+01 3.666036605834960938e+01 3.892329406738281250e+01
1.854462013244628906e+02 6.811902427673339844e+01 3.560767364501953125e+01 4.092979812622070312e+01
1.761243209838867188e+02 7.222456932067871094e+01 3.747077941894531250e+01 4.384361648559570312e+01
1.700651092529296875e+02 8.062416267395019531e+01 3.854051208496093750e+01 4.447100448608398438e+01
1.666797866821289062e+02 8.853057479858398438e+01 3.871401977539062500e+01 4.351230621337890625e+01
1.655766677856445312e+02 9.248531150817871094e+01 3.873246765136718750e+01 4.227342605590820312e+01
1.695386924743652344e+02 8.601265144348144531e+01 3.860803985595703125e+01 4.472512435913085938e+01
1.750887622833251953e+02 7.904536819458007812e+01 3.952282333374023438e+01 4.514266204833984375e+01
1.882652950286865234e+02 6.733810615539550781e+01 3.578142166137695312e+01 4.711321640014648438e+01
1.978058471679687500e+02 6.343913650512695312e+01 3.708886718750000000e+01 4.218923187255859375e+01
2.106053962707519531e+02 6.315608215332031250e+01 3.576465606689453125e+01 3.785952758789062500e+01
2.217379035949707031e+02 6.110296440124511719e+01 3.651520538330078125e+01 4.159900283813476562e+01
2.321467647552490234e+02 6.598335456848144531e+01 3.723636245727539062e+01 4.037220382690429688e+01
2.405460224151611328e+02 7.388940811157226562e+01 3.712177658081054688e+01 4.158023834228515625e+01
2.467620410919189453e+02 8.069477844238281250e+01 3.747529220581054688e+01 4.296217346191406250e+01
2.491869449615478516e+02 8.775603103637695312e+01 3.714884567260742188e+01 4.062062835693359375e+01
2.491507148742675781e+02 8.766787719726562500e+01 3.583206939697265625e+01 4.155566406250000000e+01
2.462603645324707031e+02 8.313416671752929688e+01 3.742711639404296875e+01 4.215291595458984375e+01
2.414827575683593750e+02 7.383099555969238281e+01 3.706089782714843750e+01 4.282261276245117188e+01
2.328397464752197266e+02 6.399569702148437500e+01 3.669987106323242188e+01 4.364286804199218750e+01
2.221210784912109375e+02 5.986224174499511719e+01 3.698811340332031250e+01 4.059209060668945312e+01
2.120858154296875000e+02 5.744620323181152344e+01 3.501208496093750000e+01 3.936513137817382812e+01
2.000097732543945312e+02 5.622651290893554688e+01 3.880131530761718750e+01 4.269350433349609375e+01
1.919714546203613281e+02 6.117439270019531250e+01 4.005944061279296875e+01 4.337561035156250000e+01
1.882514400482177734e+02 6.992416954040527344e+01 3.939857864379882812e+01 4.427394485473632812e+01
1.864909801483154297e+02 7.683922767639160156e+01 3.894125747680664062e+01 4.390145492553710938e+01
1.877527503967285156e+02 8.177300453186035156e+01 3.775676727294921875e+01 4.400628280639648438e+01
1.912472648620605469e+02 8.127268028259277344e+01 3.836753082275390625e+01 4.320643997192382812e+01
1.984711608886718750e+02 7.506776428222656250e+01 3.946640014648437500e+01 4.544815063476562500e+01
2.107771873474121094e+02 6.577977943420410156e+01 3.774944305419921875e+01 4.575626754760742188e+01
2.245559940338134766e+02 6.272856903076171875e+01 3.769581222534179688e+01 4.107525634765625000e+01
2.385759449005126953e+02 6.184146499633789062e+01 3.949221420288085938e+01 4.100907135009765625e+01
2.493731422424316406e+02 6.121455001831054688e+01 3.852988433837890625e+01 4.347107696533203125e+01
2.600049438476562500e+02 6.571271133422851562e+01 3.872717285156250000e+01 4.411031341552734375e+01
2.712304573059082031e+02 7.439376640319824219e+01 3.856963348388671875e+01 4.402490615844726562e+01
2.785425930023193359e+02 8.250988769531250000e+01 3.890037918090820312e+01 4.348265075683593750e+01
2.836634521484375000e+02 8.800622558593750000e+01 3.723287963867187500e+01 4.224821472167968750e+01
2.818643341064453125e+02 8.993516921997070312e+01 3.665956115722656250e+01 4.051184844970703125e+01
2.802798442840576172e+02 8.603943252563476562e+01 3.840144729614257812e+01 4.250086212158203125e+01
2.735779170989990234e+02 7.969006729125976562e+01 3.965806961059570312e+01 4.326850128173828125e+01
2.652764492034912109e+02 7.145704460144042969e+01 3.891818618774414062e+01 4.516511917114257812e+01
2.555985450744628906e+02 6.503611373901367188e+01 3.866817474365234375e+01 4.402599334716796875e+01
2.473765563964843750e+02 6.357301139831542969e+01 3.626843261718750000e+01 4.062385940551757812e+01
2.363596649169921875e+02 6.191387367248535156e+01 3.686915588378906250e+01 4.420087814331054688e+01
2.270613861083984375e+02 6.735873794555664062e+01 3.641404724121093750e+01 4.160298919677734375e+01
2.172525997161865234e+02 7.422393798828125000e+01 3.436378860473632812e+01 4.065287780761718750e+01
2.079816322326660156e+02 8.135012054443359375e+01 3.482860565185546875e+01 4.021261596679687500e+01
1.970550727844238281e+02 8.635788154602050781e+01 3.633989715576171875e+01 4.045850753784179688e+01
1.887124347686767578e+02 8.514112854003906250e+01 3.513599777221679688e+01 4.231431579589843750e+01
1.801107883453369141e+02 8.274025154113769531e+01 3.617985153198242188e+01 4.332119369506835938e+01
1.708585700988769531e+02 7.777040863037109375e+01 3.634181976318359375e+01 4.257803344726562500e+01
1.628862228393554688e+02 7.557149505615234375e+01 3.761479187011718750e+01 4.168049621582031250e+01
1.530717735290527344e+02 7.569110488891601562e+01 4.075745391845703125e+01 4.045978546142578125e+01
1.465408458709716797e+02 7.437203788757324219e+01 4.261441421508789062e+01 4.483775711059570312e+01
1.398105888366699219e+02 7.855194664001464844e+01 4.437828826904296875e+01 4.478747940063476562e+01
1.352419376373291016e+02 8.407163810729980469e+01 4.461028671264648438e+01 4.599051284790039062e+01
1.319844303131103516e+02 9.090390777587890625e+01 4.366170883178710938e+01 4.522416687011718750e+01
1.316285266876220703e+02 9.616567039489746094e+01 4.271426010131835938e+01 4.429758071899414062e+01
1.323398399353027344e+02 9.397777557373046875e+01 4.327359771728515625e+01 4.626121520996093750e+01
1.346730098724365234e+02 8.554220962524414062e+01 4.172566604614257812e+01 4.802907562255859375e+01
1.390432014465332031e+02 7.617737579345703125e+01 4.175417327880859375e+01 4.850808715820312500e+01
1.453259429931640625e+02 6.991964530944824219e+01 4.243316650390625000e+01 4.453798294067382812e+01
1.509698543548583984e+02 6.393225288391113281e+01 4.061546707153320312e+01 4.276656723022460938e+01
1.592661552429199219e+02 6.202297973632812500e+01 3.783126068115234375e+01 3.989949035644531250e+01
1.679152088165283203e+02 6.195479011535644531e+01 3.609183883666992188e+01 4.045940780639648438e+01
1.763345699310302734e+02 6.212619590759277344e+01 3.529793167114257812e+01 4.189404678344726562e+01
1.844079875946044922e+02 6.757765388488769531e+01 3.568071365356445312e+01 4.144047164916992188e+01
1.924931411743164062e+02 7.402759742736816406e+01 3.666503906250000000e+01 3.979038619995117188e+01
1.979862689971923828e+02 7.348905181884765625e+01 3.791653060913085938e+01 4.106784057617187500e+01
2.019506092071533203e+02 6.865250968933105469e+01 3.906049728393554688e+01 4.124594497680664062e+01
2.051939392089843750e+02 6.211288261413574219e+01 3.975476074218750000e+01 4.185814285278320312e+01
2.085428295135498047e+02 6.021804428100585938e+01 3.874226760864257812e+01 3.962075042724609375e+01
2.105965538024902344e+02 5.854565238952636719e+01 3.775023651123046875e+01 3.742079544067382812e+01
2.106781864166259766e+02 6.024752235412597656e+01 3.734069442749023438e+01 3.998958969116210938e+01
2.089416465759277344e+02 6.588689231872558594e+01 3.849005889892578125e+01 3.929953384399414062e+01
2.071761054992675781e+02 6.927310180664062500e+01 3.962126922607421875e+01 3.954034423828125000e+01
2.048669281005859375e+02 6.843538284301757812e+01 3.938705444335937500e+01 3.681688690185546875e+01
2.019642639160156250e+02 6.508234214782714844e+01 3.774230957031250000e+01 3.623407363891601562e+01
1.975968570709228516e+02 5.702916336059570312e+01 3.793825912475585938e+01 3.754673004150390625e+01
1.945945034027099609e+02 5.111325454711914062e+01 3.669893264770507812e+01 3.762796783447265625e+01
1.913988933563232422e+02 4.980207252502441406e+01 3.548183059692382812e+01 3.512337875366210938e+01
1.855151023864746094e+02 4.888640403747558594e+01 3.639823150634765625e+01 3.827011489868164062e+01
1.785254039764404297e+02 5.053336524963378906e+01 3.711340713500976562e+01 3.987478256225585938e+01
1.732367725372314453e+02 5.668338394165039062e+01 3.710258102416992188e+01 4.114665985107421875e+01
1.690236968994140625e+02 6.555737304687500000e+01 3.603366088867187500e+01 3.947145080566406250e+01
1.630830039978027344e+02 7.314916419982910156e+01 3.550029754638671875e+01 3.988634872436523438e+01
1.598830032348632812e+02 7.845964813232421875e+01 3.764572143554687500e+01 4.112557983398437500e+01
1.571906299591064453e+02 7.907995605468750000e+01 3.703225326538085938e+01 4.019955444335937500e+01
1.570835151672363281e+02 7.216420936584472656e+01 3.640206146240234375e+01 4.161371994018554688e+01
1.598223972320556641e+02 6.237258529663085938e+01 3.514181137084960938e+01 4.078919219970703125e+01
1.625427837371826172e+02 5.231401443481445312e+01 3.537005996704101562e+01 4.056525421142578125e+01
1.670351905822753906e+02 4.608473777770996094e+01 3.554158782958984375e+01 3.959804153442382812e+01
1.716944847106933594e+02 4.396526527404785156e+01 3.541535186767578125e+01 3.914130783081054688e+01
1.765110797882080078e+02 4.362024688720703125e+01 3.491230392456054688e+01 3.825743103027343750e+01
1.819136333465576172e+02 4.485377693176269531e+01 3.604219436645507812e+01 3.982590866088867188e+01
1.869895668029785156e+02 5.088556671142578125e+01 3.559426116943359375e+01 3.978776550292968750e+01
1.919531688690185547e+02 6.128411102294921875e+01 3.590829849243164062e+01 4.017990112304687500e+01
1.912917594909667969e+02 7.417808341979980469e+01 4.049219512939453125e+01 4.201189041137695312e+01
1.975493564605712891e+02 8.554992485046386719e+01 3.944721603393554688e+01 4.162619400024414062e+01
2.022599449157714844e+02 9.312232589721679688e+01 3.868462371826171875e+01 4.142455291748046875e+01
2.047470607757568359e+02 9.334413719177246094e+01 3.801811599731445312e+01 4.290205764770507812e+01
2.032804889678955078e+02 8.661885643005371094e+01 4.029413986206054688e+01 4.718895339965820312e+01
2.010331325531005859e+02 7.772648429870605469e+01 4.173596572875976562e+01 5.257953262329101562e+01
2.006611518859863281e+02 6.455241775512695312e+01 4.050496673583984375e+01 4.485462188720703125e+01
2.007859191894531250e+02 5.400428390502929688e+01 3.721372985839843750e+01 4.138085174560546875e+01
1.968181438446044922e+02 4.819548225402832031e+01 3.675506973266601562e+01 3.980219650268554688e+01
1.936900291442871094e+02 4.610746765136718750e+01 3.644614410400390625e+01 3.895059204101562500e+01
1.918467979431152344e+02 4.610678100585937500e+01 3.657227325439453125e+01 4.069381713867187500e+01
1.889781055450439453e+02 5.017945671081542969e+01 3.699775314331054688e+01 4.114242935180664062e+01
1.896278266906738281e+02 5.800660514831542969e+01 3.692017364501953125e+01 4.194572830200195312e+01
1.912490997314453125e+02 6.844152832031250000e+01 3.578973388671875000e+01 4.186129760742187500e+01
1.926130638122558594e+02 7.854943656921386719e+01 3.673252105712890625e+01 4.225203323364257812e+01
1.960263442993164062e+02 8.487958145141601562e+01 3.615652465820312500e+01 4.212866973876953125e+01
1.983945293426513672e+02 8.738450241088867188e+01 3.561021804809570312e+01 4.218801116943359375e+01
2.016332244873046875e+02 8.324272155761718750e+01 3.590686035156250000e+01 4.094445800781250000e+01
2.043127784729003906e+02 7.496328544616699219e+01 3.493180084228515625e+01 4.113811111450195312e+01
2.071332702636718750e+02 6.800751686096191406e+01 3.542247009277343750e+01 4.116900253295898438e+01
2.100944747924804688e+02 6.281081771850585938e+01 3.603158569335937500e+01 4.060044097900390625e+01
2.124942436218261719e+02 5.799462509155273438e+01 3.603273773193359375e+01 4.026848602294921875e+01
2.161858577728271484e+02 5.644557571411132812e+01 3.573251724243164062e+01 4.065209197998046875e+01
2.193835830688476562e+02 5.935329246520996094e+01 3.640460205078125000e+01 4.132860183715820312e+01
2.222404289245605469e+02 6.367911529541015625e+01 3.568801116943359375e+01 4.281594848632812500e+01
2.247700290679931641e+02 7.157039642333984375e+01 3.599872970581054688e+01 4.148867797851562500e+01
2.276338996887207031e+02 7.793441390991210938e+01 3.640036773681640625e+01 4.007616424560546875e+01
2.273483562469482422e+02 8.075790214538574219e+01 3.617256546020507812e+01 4.095418167114257812e+01
2.283000164031982422e+02 7.826144981384277344e+01 3.634685134887695312e+01 4.140945816040039062e+01
