2.280000000000000000e+02 6.100000000000000000e+01 3.200000000000000000e+01 3.700000000000000000e+01
2.277089443206787109e+02 6.308620262145996094e+01 2.976375198364257812e+01 3.306720352172851562e+01
2.274720859527587891e+02 6.176506805419921875e+01 2.926602554321289062e+01 3.422196197509765625e+01
2.270846223831176758e+02 6.262764739990234375e+01 3.012257194519042969e+01 3.335388183593750000e+01
2.273609876632690430e+02 6.002785491943359375e+01 2.928406715393066406e+01 3.629843902587890625e+01
2.272714414596557617e+02 6.139546203613281250e+01 2.877533912658691406e+01 3.403936004638671875e+01
2.270740642547607422e+02 6.202124977111816406e+01 2.809683609008789062e+01 3.355803298950195312e+01
2.270923690795898438e+02 6.032375907897949219e+01 2.851174163818359375e+01 3.540492630004882812e+01
2.268374586105346680e+02 6.067483520507812500e+01 2.882625007629394531e+01 3.439282989501953125e+01
2.262463026046752930e+02 6.029730415344238281e+01 2.950482368469238281e+01 3.446136093139648438e+01
2.257705841064453125e+02 6.019477653503417969e+01 2.991031646728515625e+01 3.405691146850585938e+01
2.246274204254150391e+02 6.275916671752929688e+01 3.029350662231445312e+01 3.209564208984375000e+01
2.257391195297241211e+02 6.333924198150634766e+01 2.913815498352050781e+01 3.193395042419433594e+01
2.246536378860473633e+02 6.231732559204101562e+01 2.958547019958496094e+01 3.305480957031250000e+01
2.255679531097412109e+02 6.325552177429199219e+01 2.874110031127929688e+01 3.230361557006835938e+01
2.242862005233764648e+02 6.328497505187988281e+01 2.935411262512207031e+01 3.277865219116210938e+01
2.264980535507202148e+02 6.349707412719726562e+01 2.964441108703613281e+01 3.220509338378906250e+01
2.253516407012939453e+02 6.197668457031250000e+01 2.964755630493164062e+01 3.406900024414062500e+01
2.239971170425415039e+02 6.255922317504882812e+01 3.004638481140136719e+01 3.490251922607421875e+01
2.218281030654907227e+02 6.432823181152343750e+01 3.090781211853027344e+01 3.323132324218750000e+01
2.183737964630126953e+02 6.596242618560791016e+01 3.342618942260742188e+01 3.105303764343261719e+01
2.143853607177734375e+02 6.584624671936035156e+01 3.588560485839843750e+01 3.063311386108398438e+01
2.149390335083007812e+02 6.689287185668945312e+01 3.457545471191406250e+01 3.136238861083984375e+01
2.143603744506835938e+02 6.661615753173828125e+01 3.476094055175781250e+01 3.448393249511718750e+01
2.120427265167236328e+02 6.792037200927734375e+01 3.387559127807617188e+01 3.459274291992187500e+01
2.112828197479248047e+02 6.806417083740234375e+01 3.219806289672851562e+01 3.489540100097656250e+01
2.092295455932617188e+02 6.876674842834472656e+01 3.309742736816406250e+01 3.410448837280273438e+01
2.091135005950927734e+02 7.067115211486816406e+01 3.256648635864257812e+01 3.373774337768554688e+01
2.080523128509521484e+02 7.079588890075683594e+01 3.327875137329101562e+01 3.439915847778320312e+01
2.073603172302246094e+02 7.142469596862792969e+01 3.269322967529296875e+01 3.475671768188476562e+01
2.067221145629882812e+02 7.170435523986816406e+01 3.217961120605468750e+01 3.560351181030273438e+01
2.057518863677978516e+02 7.118469810485839844e+01 3.156806564331054688e+01 3.584302139282226562e+01
2.047824420928955078e+02 7.240174102783203125e+01 3.158547592163085938e+01 3.497579956054687500e+01
2.032663631439208984e+02 7.472932052612304688e+01 3.350882339477539062e+01 3.317641448974609375e+01
2.030187416076660156e+02 7.539488792419433594e+01 3.334613800048828125e+01 3.254451370239257812e+01
2.028746070861816406e+02 7.489536666870117188e+01 3.266837310791015625e+01 3.227342987060546875e+01
2.015106315612792969e+02 7.567722129821777344e+01 3.412682342529296875e+01 3.221951675415039062e+01
2.013736057281494141e+02 7.646180534362792969e+01 3.337208175659179688e+01 3.193277359008789062e+01
2.015027065277099609e+02 7.518217563629150391e+01 3.070476150512695312e+01 3.150713920593261719e+01
1.998221778869628906e+02 7.537761306762695312e+01 3.266129302978515625e+01 3.465766143798828125e+01
1.993811750411987305e+02 7.427213287353515625e+01 3.144721412658691406e+01 3.413667297363281250e+01
1.976153964996337891e+02 7.434218025207519531e+01 3.218670272827148438e+01 3.339945602416992188e+01
1.956096248626708984e+02 7.546278476715087891e+01 3.273030471801757812e+01 3.195727348327636719e+01
1.934846248626708984e+02 7.593146514892578125e+01 3.199255752563476562e+01 3.270855712890625000e+01
1.914449443817138672e+02 7.466647529602050781e+01 3.383426284790039062e+01 3.354008102416992188e+01
1.899404096603393555e+02 7.447983741760253906e+01 3.193149757385253906e+01 3.394503402709960938e+01
1.887801971435546875e+02 7.591534614562988281e+01 3.252545166015625000e+01 3.530324935913085938e+01
1.883283424377441406e+02 7.449028778076171875e+01 3.169979095458984375e+01 3.412414550781250000e+01
1.870475358963012695e+02 7.693045234680175781e+01 3.164438438415527344e+01 3.337115097045898438e+01
1.859949398040771484e+02 7.600664901733398438e+01 3.131677627563476562e+01 3.250603485107421875e+01
1.832640247344970703e+02 8.025632381439208984e+01 3.476898574829101562e+01 2.984825325012207031e+01
1.833212318420410156e+02 8.005319118499755859e+01 3.225994873046875000e+01 2.888287544250488281e+01
1.815520992279052734e+02 8.032837772369384766e+01 3.347310256958007812e+01 2.948227500915527344e+01
1.800396194458007812e+02 8.075055789947509766e+01 3.423065948486328125e+01 2.939398765563964844e+01
1.798831024169921875e+02 7.963303947448730469e+01 3.149407958984375000e+01 2.905723190307617188e+01
1.773368434906005859e+02 7.976980018615722656e+01 3.350435256958007812e+01 3.150132369995117188e+01
1.775293216705322266e+02 7.804606246948242188e+01 3.346271896362304688e+01 3.220411682128906250e+01
1.777013254165649414e+02 7.953371238708496094e+01 3.177885246276855469e+01 3.468677902221679688e+01
1.760073127746582031e+02 8.120239925384521484e+01 3.148688507080078125e+01 3.040836524963378906e+01
1.742057323455810547e+02 8.217550086975097656e+01 3.236909103393554688e+01 3.066682815551757812e+01
1.734581966400146484e+02 8.048945808410644531e+01 3.249257278442382812e+01 3.311084365844726562e+01
1.720737113952636719e+02 8.207785224914550781e+01 3.215628814697265625e+01 3.389748001098632812e+01
1.703813762664794922e+02 8.122215270996093750e+01 3.374292373657226562e+01 3.318155670166015625e+01
1.693220920562744141e+02 8.265876388549804688e+01 3.356370162963867188e+01 3.276498413085937500e+01
1.681114902496337891e+02 8.129872703552246094e+01 3.286115646362304688e+01 3.265005111694335938e+01
1.669350471496582031e+02 8.212040519714355469e+01 3.422183990478515625e+01 3.082796859741210938e+01
1.652436561584472656e+02 8.284180164337158203e+01 3.337042999267578125e+01 3.055309867858886719e+01
1.644132041931152344e+02 8.282914352416992188e+01 3.477259826660156250e+01 3.220486450195312500e+01
1.638933029174804688e+02 8.338801383972167969e+01 3.324730682373046875e+01 3.093555831909179688e+01
1.615270118713378906e+02 8.328318977355957031e+01 3.356785583496093750e+01 3.271185684204101562e+01
1.607469205856323242e+02 8.341553688049316406e+01 3.186560249328613281e+01 3.350569534301757812e+01
1.596712226867675781e+02 8.210560798645019531e+01 3.299505615234375000e+01 3.252510452270507812e+01
1.585238361358642578e+02 8.300041198730468750e+01 3.259202957153320312e+01 3.286765289306640625e+01
1.559105300903320312e+02 8.212872314453125000e+01 3.433177185058593750e+01 3.308483123779296875e+01
1.534516143798828125e+02 8.131255722045898438e+01 3.487094116210937500e+01 3.387892150878906250e+01
1.524238624572753906e+02 8.182501792907714844e+01 3.652579498291015625e+01 3.490290451049804688e+01
1.524134445190429688e+02 8.247194480895996094e+01 3.549864196777343750e+01 3.344050216674804688e+01
1.487019615173339844e+02 8.254459476470947266e+01 3.777722930908203125e+01 3.182738304138183594e+01
1.460385894775390625e+02 8.497304153442382812e+01 3.642709350585937500e+01 3.033486938476562500e+01
1.437937316894531250e+02 8.427032279968261719e+01 3.748913574218750000e+01 2.899065780639648438e+01
1.409499683380126953e+02 8.457468605041503906e+01 3.590471267700195312e+01 3.156253433227539062e+01
1.440851631164550781e+02 8.199531936645507812e+01 3.452751159667968750e+01 3.227087402343750000e+01
1.423698196411132812e+02 8.277489280700683594e+01 3.714980316162109375e+01 3.141698837280273438e+01
1.414324245452880859e+02 8.221317672729492188e+01 3.643609237670898438e+01 3.227430725097656250e+01
1.366059169769287109e+02 8.381470298767089844e+01 3.455298995971679688e+01 3.286761093139648438e+01
1.377481136322021484e+02 8.263675689697265625e+01 3.238622665405273438e+01 3.270389556884765625e+01
1.373019647598266602e+02 8.451269340515136719e+01 3.130820274353027344e+01 3.117086410522460938e+01
1.361204595565795898e+02 8.393017005920410156e+01 3.170839118957519531e+01 2.972800827026367188e+01
1.326237010955810547e+02 8.310087013244628906e+01 3.229843521118164062e+01 3.432552719116210938e+01
1.310479393005371094e+02 8.334514045715332031e+01 3.124954986572265625e+01 3.282957077026367188e+01
1.287309780120849609e+02 8.687330913543701172e+01 3.579881668090820312e+01 3.119855690002441406e+01
1.192702655792236328e+02 8.408477115631103516e+01 3.351229476928710938e+01 3.081190299987792969e+01
1.176658058166503906e+02 8.645311355590820312e+01 3.460732269287109375e+01 2.735375213623046875e+01
1.162403926849365234e+02 8.484134197235107422e+01 3.437951278686523438e+01 3.190326881408691406e+01
1.152377052307128906e+02 8.429232788085937500e+01 3.350866699218750000e+01 3.330386352539062500e+01
1.163221340179443359e+02 8.643536949157714844e+01 3.305669784545898438e+01 2.958479690551757812e+01
1.177761592864990234e+02 8.594875717163085938e+01 3.209805679321289062e+01 2.894729614257812500e+01
1.187551002502441406e+02 8.814311599731445312e+01 3.421340179443359375e+01 2.861581420898437500e+01
1.190207042694091797e+02 8.804225921630859375e+01 3.472608566284179688e+01 2.922470855712890625e+01
1.230194034576416016e+02 8.651105499267578125e+01 3.258043289184570312e+01 2.992158508300781250e+01
1.233383464813232422e+02 9.002603054046630859e+01 3.525767135620117188e+01 3.011918830871582031e+01
1.267807750701904297e+02 8.840739154815673828e+01 3.589564132690429688e+01 3.071526145935058594e+01
1.251390399932861328e+02 8.998154640197753906e+01 3.801372146606445312e+01 3.456919479370117188e+01
1.254432926177978516e+02 8.975723457336425781e+01 4.236891555786132812e+01 3.261918258666992188e+01
1.288389034271240234e+02 8.749724197387695312e+01 4.293131637573242188e+01 3.322341156005859375e+01
1.318925476074218750e+02 8.724690055847167969e+01 4.151436614990234375e+01 3.358514785766601562e+01
1.375826816558837891e+02 8.865150833129882812e+01 3.775030899047851562e+01 3.338124847412109375e+01
1.413370685577392578e+02 8.889106369018554688e+01 3.957513809204101562e+01 3.420035552978515625e+01
1.463305511474609375e+02 8.859831047058105469e+01 3.790573883056640625e+01 3.384061050415039062e+01
1.500162658691406250e+02 8.927985572814941406e+01 3.960643768310546875e+01 3.179131698608398438e+01
1.542956638336181641e+02 8.760761547088623047e+01 3.859820938110351562e+01 3.136599159240722656e+01
1.582179241180419922e+02 8.800026893615722656e+01 3.528324508666992188e+01 3.051636886596679688e+01
1.624972038269042969e+02 8.810397434234619141e+01 3.448516845703125000e+01 2.779112052917480469e+01
1.654930896759033203e+02 8.830225944519042969e+01 3.357521438598632812e+01 2.515292739868164062e+01
1.710809049606323242e+02 8.927363491058349609e+01 3.174732398986816406e+01 2.684691810607910156e+01
1.758881778717041016e+02 8.975051307678222656e+01 2.962861251831054688e+01 2.591782760620117188e+01
1.791952190399169922e+02 8.954960823059082031e+01 3.074121475219726562e+01 2.543780899047851562e+01
1.831507272720336914e+02 8.648015213012695312e+01 2.887067222595214844e+01 2.659238433837890625e+01
1.865892124176025391e+02 8.387807178497314453e+01 2.937672805786132812e+01 2.990259361267089844e+01
1.896213674545288086e+02 8.493703460693359375e+01 3.119255256652832031e+01 2.937526702880859375e+01
1.939215679168701172e+02 8.446919155120849609e+01 3.033333206176757812e+01 3.102169227600097656e+01
1.961818447113037109e+02 8.334151649475097656e+01 3.219040298461914062e+01 3.244656753540039062e+01
1.996658535003662109e+02 8.023591613769531250e+01 3.432533645629882812e+01 3.241622924804687500e+01
2.037822799682617188e+02 8.238151550292968750e+01 3.350320434570312500e+01 3.272570800781250000e+01
2.088383274078369141e+02 8.327231025695800781e+01 3.216209030151367188e+01 2.907929611206054688e+01
2.114147281646728516e+02 8.231773376464843750e+01 3.204578781127929688e+01 2.956061553955078125e+01
2.146618843078613281e+02 8.142206192016601562e+01 3.155985260009765625e+01 2.990441131591796875e+01
2.158805789947509766e+02 7.878089427947998047e+01 3.195470046997070312e+01 3.100620460510253906e+01
2.176559514999389648e+02 8.031218910217285156e+01 2.967144203186035156e+01 3.222207260131835938e+01
2.190960540771484375e+02 8.064489746093750000e+01 3.182268524169921875e+01 3.048383331298828125e+01
2.192649860382080078e+02 7.952845859527587891e+01 2.930576705932617188e+01 3.080172538757324219e+01
2.219357309341430664e+02 8.090755271911621094e+01 3.029662132263183594e+01 2.938168716430664062e+01
2.240236492156982422e+02 7.880943298339843750e+01 3.173386001586914062e+01 2.944286346435546875e+01
2.255299472808837891e+02 7.771823978424072266e+01 3.272558212280273438e+01 2.954024314880371094e+01
2.283420639038085938e+02 7.761244869232177734e+01 3.262670898437500000e+01 2.836847877502441406e+01
2.282450590133666992e+02 7.617921543121337891e+01 3.177844429016113281e+01 2.960518455505371094e+01
2.307231311798095703e+02 7.736380100250244141e+01 3.257094192504882812e+01 2.979452323913574219e+01
2.327493362426757812e+02 7.415573692321777344e+01 3.284661102294921875e+01 3.188778305053710938e+01
2.353601951599121094e+02 7.465947818756103516e+01 3.332052612304687500e+01 3.079608726501464844e+01
2.368640041351318359e+02 7.476251029968261719e+01 3.380785751342773438e+01 2.731616592407226562e+01
2.400453872680664062e+02 7.404958820343017578e+01 3.342253875732421875e+01 2.694261741638183594e+01
2.433949947357177734e+02 7.234637928009033203e+01 3.268542098999023438e+01 3.049814414978027344e+01
2.457623558044433594e+02 7.506362724304199219e+01 3.316067504882812500e+01 2.971937942504882812e+01
2.491530113220214844e+02 7.329166126251220703e+01 3.210142517089843750e+01 3.015150260925292969e+01
2.515770835876464844e+02 6.834338569641113281e+01 3.224110412597656250e+01 3.346781539916992188e+01
2.515850238800048828e+02 6.842762565612792969e+01 3.378967666625976562e+01 3.402821731567382812e+01
2.533784370422363281e+02 6.823333930969238281e+01 3.750123596191406250e+01 3.313640975952148438e+01
2.595118675231933594e+02 6.903934478759765625e+01 3.458200073242187500e+01 3.200521850585937500e+01
2.633302993774414062e+02 7.011184787750244141e+01 3.388904571533203125e+01 3.153579521179199219e+01
2.644949893951416016e+02 6.873141479492187500e+01 3.393519973754882812e+01 3.289273071289062500e+01
2.667626209259033203e+02 6.372284889221191406e+01 3.372272109985351562e+01 3.586695480346679688e+01
2.637863559722900391e+02 6.036899948120117188e+01 3.575990676879882812e+01 3.576718902587890625e+01
2.632413120269775391e+02 6.021553421020507812e+01 3.990066909790039062e+01 3.455875396728515625e+01
2.650381641387939453e+02 5.754761505126953125e+01 3.893747329711914062e+01 3.696066284179687500e+01
2.668946609497070312e+02 5.575271224975585938e+01 3.814768218994140625e+01 3.777257537841796875e+01
2.654551029205322266e+02 5.342321395874023438e+01 3.883765029907226562e+01 3.818271636962890625e+01
2.709266147613525391e+02 5.335166931152343750e+01 3.447494888305664062e+01 3.558541870117187500e+01
2.710157299041748047e+02 5.123660278320312500e+01 3.590635299682617188e+01 3.670178222656250000e+01
2.727026157379150391e+02 5.082671737670898438e+01 3.536221694946289062e+01 3.564089202880859375e+01
2.717339782714843750e+02 5.013843917846679688e+01 3.552845001220703125e+01 3.699028778076171875e+01
2.769282474517822266e+02 4.980359458923339844e+01 3.152681350708007812e+01 3.510441970825195312e+01
2.813273563385009766e+02 4.860226440429687500e+01 3.509117507934570312e+01 3.665151977539062500e+01
2.760401229858398438e+02 4.343192291259765625e+01 3.448406219482421875e+01 4.004797363281250000e+01
2.783632469177246094e+02 4.264425277709960938e+01 3.330551147460937500e+01 3.521987152099609375e+01
2.606480083465576172e+02 4.152042007446289062e+01 3.745583724975585938e+01 3.368935394287109375e+01
2.650021915435791016e+02 4.015636444091796875e+01 3.503386306762695312e+01 3.396151733398437500e+01
2.759417781829833984e+02 3.966316413879394531e+01 2.732023239135742188e+01 3.062536239624023438e+01
2.751700706481933594e+02 3.849666023254394531e+01 3.258715820312500000e+01 2.916104507446289062e+01
2.750911827087402344e+02 3.576239776611328125e+01 3.283201599121093750e+01 3.246907806396484375e+01
2.746123714447021484e+02 3.477248382568359375e+01 3.234449386596679688e+01 3.289743804931640625e+01
2.746588354110717773e+02 3.383738994598388672e+01 3.118349647521972656e+01 3.103402900695800781e+01
2.738662710189819336e+02 3.484158706665039062e+01 3.150350379943847656e+01 3.244906616210937500e+01
2.725239353179931641e+02 3.571371173858642578e+01 3.306568527221679688e+01 3.113043022155761719e+01
2.723462419509887695e+02 3.574576950073242188e+01 3.130877494812011719e+01 3.121055603027343750e+01
2.727168512344360352e+02 3.603908634185791016e+01 2.927403831481933594e+01 3.136814689636230469e+01
2.727610216140747070e+02 3.559719085693359375e+01 2.666454124450683594e+01 2.965798950195312500e+01
2.732673549652099609e+02 3.534136390686035156e+01 2.814442825317382812e+01 3.384995651245117188e+01
2.726133651733398438e+02 3.571909332275390625e+01 2.840171051025390625e+01 3.563585662841796875e+01
2.730698699951171875e+02 3.627702808380126953e+01 3.061463165283203125e+01 3.189625358581542969e+01
2.731026935577392578e+02 3.878321456909179688e+01 2.950555038452148438e+01 3.278366088867187500e+01
2.748070716857910156e+02 3.846786689758300781e+01 2.903602600097656250e+01 3.212664413452148438e+01
2.720545825958251953e+02 3.952052116394043679e+01 3.004499435424804688e+01 3.280443191528319602e+01
2.739090576171875000e+02 4.056927394866943359e+01 2.929025268554687500e+01 2.997481727600097656e+01
2.748105058670043945e+02 4.202030181884765625e+01 2.945682334899902344e+01 2.966366577148437500e+01
2.787918062210083008e+02 4.424380779266357422e+01 2.559880638122558594e+01 2.925226783752441406e+01
2.775857410430908203e+02 4.339628696441650391e+01 2.776179885864257812e+01 3.022311973571777344e+01
2.797193870544433594e+02 4.469880580902099609e+01 2.610729217529296875e+01 3.076420783996582031e+01
2.769228334426879883e+02 4.616587162017822266e+01 2.932721519470214844e+01 2.813777732849121094e+01
2.749742031097412109e+02 4.668865489959716797e+01 2.944266891479492188e+01 2.752105140686035156e+01
2.764036083221435547e+02 4.764540195465087891e+01 2.797925186157226562e+01 2.678619194030761719e+01
2.775043020248413086e+02 4.666492080688476562e+01 2.843671607971191406e+01 2.726107025146484375e+01
2.721378345489501953e+02 4.741612148284912109e+01 2.951496505737304688e+01 2.886057472229003906e+01
2.699629344940185547e+02 4.909023284912110086e+01 3.203865432739257812e+01 2.759308624267577414e+01
2.754125375747680664e+02 4.776351547241210938e+01 2.825863456726074219e+01 2.996192169189453125e+01
2.780184106826782227e+02 4.931863880157471414e+01 2.798491477966308594e+01 2.747501945495604758e+01
2.783924560546875000e+02 4.826650905609130859e+01 2.700125885009765625e+01 2.877561378479003906e+01
2.780124616622924805e+02 4.698067855834960938e+01 2.767782020568847656e+01 3.241372680664062500e+01
2.767319412231445312e+02 4.867128944396972656e+01 2.856406402587890625e+01 3.376028060913085938e+01
2.772193384170532227e+02 5.064920520782470703e+01 2.820461845397949219e+01 2.928710746765136719e+01
2.791492643356323242e+02 5.063528251647949219e+01 2.446602821350097656e+01 3.272332382202148438e+01
2.798571748733520508e+02 5.288062000274658203e+01 2.525829124450683594e+01 2.947717857360839844e+01
2.797017068862915039e+02 5.389446353912353516e+01 2.497675132751464844e+01 2.983848381042480469e+01
2.795749959945678711e+02 5.465140628814697266e+01 2.470672798156738281e+01 2.968353080749511719e+01
2.804312047958374023e+02 5.583927536010742188e+01 2.444016456604003906e+01 2.958439636230468750e+01
2.797640581130981445e+02 5.637469959259033203e+01 2.439080619812011719e+01 2.900690269470214844e+01
2.795484161376953125e+02 5.767492961883544922e+01 2.272022247314453125e+01 2.917577552795410156e+01
2.799528379440307617e+02 5.840638160705566406e+01 2.337703132629394531e+01 2.844594192504882812e+01
2.787768440246582031e+02 5.992508506774902344e+01 2.286454772949218750e+01 2.803409957885742188e+01
2.791073036193847656e+02 6.201268577575683594e+01 2.223345184326171875e+01 2.670560836791992188e+01
2.796900167465209961e+02 6.371231460571289062e+01 2.123465156555175781e+01 2.520524597167968750e+01
2.789038982391357422e+02 6.453918457031250000e+01 2.155267715454101562e+01 2.355287933349609375e+01
2.784815511703491211e+02 6.492860507965087891e+01 2.127871894836425781e+01 2.383990287780761719e+01
2.779156370162963867e+02 6.518003463745117188e+01 2.154500007629394531e+01 2.400701904296875000e+01
2.773886442184448242e+02 6.410352802276611328e+01 2.114113807678222656e+01 2.397646903991699219e+01
2.679983444213867188e+02 6.362367916107177734e+01 2.457785797119140625e+01 2.834992408752441406e+01
2.692316303253173828e+02 6.338672256469726562e+01 2.786421585083007812e+01 3.023988342285156250e+01
2.483738679885864258e+02 6.586986541748046875e+01 2.339576530456542969e+01 2.991697692871093750e+01
2.493050518035888672e+02 6.692915058135986328e+01 2.311226272583007812e+01 2.655877494812011719e+01
2.493508672714233398e+02 6.790657615661621094e+01 2.271319007873535156e+01 2.893968582153320312e+01
2.485801391601562500e+02 6.813084793090820312e+01 2.428166198730468750e+01 2.579889678955078125e+01
2.469834585189819336e+02 6.775446128845214844e+01 2.372641944885253906e+01 2.805419540405273438e+01
2.459034080505371094e+02 6.905501270294189453e+01 2.477893066406250000e+01 2.758256340026855469e+01
2.462821540832519531e+02 6.912047386169433594e+01 2.487550354003906250e+01 3.199400711059570312e+01
2.454252462387084961e+02 6.965581989288330078e+01 2.769314765930175781e+01 2.904334068298339844e+01
2.479519357681274414e+02 7.143229770660400391e+01 2.397888755798339844e+01 2.937949180603027344e+01
2.505938377380371094e+02 7.160547351837158203e+01 2.283628845214843750e+01 2.719122886657714844e+01
2.502482776641845703e+02 7.269277572631835938e+01 2.407213211059570312e+01 2.380568695068359375e+01
2.519324331283569336e+02 7.280305862426757812e+01 2.123644447326660156e+01 2.265724182128906250e+01
2.514173965454101562e+02 7.205837249755859375e+01 2.524114227294921875e+01 2.302972412109375000e+01
2.498542203903198242e+02 7.088122558593750000e+01 2.279778480529785156e+01 2.169998168945312500e+01
2.522392024993896484e+02 6.978309440612792969e+01 2.124491500854492188e+01 2.299502944946289062e+01
2.523629903793334961e+02 7.122369194030761719e+01 2.193259620666503906e+01 2.242392349243164062e+01
2.486115026473999023e+02 6.882183265686035156e+01 2.357673072814941406e+01 2.636848831176757812e+01
2.514119720458984375e+02 7.094023799896240234e+01 2.220592498779296875e+01 2.724038887023925781e+01
2.468236417770385742e+02 6.814078903198242188e+01 2.604700660705566406e+01 3.274285125732421875e+01
2.454156875610351562e+02 6.918966770172119141e+01 2.541849517822265625e+01 3.081078147888183594e+01
2.476941099166870117e+02 7.035408973693847656e+01 2.597504615783691406e+01 3.185975265502929688e+01
2.432283258438110352e+02 7.475483131408691406e+01 2.615711784362792969e+01 3.089712142944335938e+01
2.451629943847656250e+02 7.171154785156250000e+01 3.062215423583984375e+01 3.443168640136718750e+01
2.484932289123535156e+02 7.374378681182861328e+01 2.778965759277343750e+01 2.977860069274902344e+01
2.479438018798828125e+02 6.957863044738769531e+01 3.365817260742187500e+01 3.382527542114257812e+01
2.460800666809082031e+02 7.182437705993652344e+01 3.298395538330078125e+01 3.601511764526367188e+01
2.331087036132812500e+02 7.389768028259277344e+01 2.344265747070312500e+01 3.240868759155273438e+01
2.350334796905517578e+02 7.502249145507812500e+01 2.522696304321289062e+01 3.476418304443359375e+01
2.391030578613281250e+02 7.533714866638183594e+01 3.370867156982421875e+01 3.737531661987304688e+01
2.281190443038940430e+02 7.466335296630859375e+01 2.575775337219238281e+01 3.281133270263671875e+01
2.325700759887695312e+02 7.532310295104980469e+01 2.229759979248046875e+01 3.225999832153320312e+01
2.331198291778564453e+02 7.587775707244873047e+01 2.570332717895507812e+01 2.960570716857910156e+01
2.362429561614990234e+02 7.513399219512939453e+01 2.980339431762695312e+01 3.127001762390136719e+01
2.289018793106079102e+02 7.499463653564453125e+01 2.395414543151855469e+01 3.063046264648437500e+01
2.279126224517822266e+02 7.499456119537353516e+01 2.169930648803710938e+01 2.884283256530761719e+01
2.308862152099609375e+02 7.454955673217773438e+01 2.372888183593750000e+01 2.831456756591796875e+01
2.324821195602416992e+02 7.454875469207763672e+01 2.656125068664550781e+01 2.767554664611816406e+01
2.322893838882446289e+02 7.586907577514648438e+01 3.000390434265136719e+01 3.030233001708984375e+01
2.297369661331176758e+02 7.524539566040039062e+01 2.950578117370605469e+01 3.094207763671875000e+01
2.195302839279174805e+02 7.497543239593505859e+01 2.446367073059082031e+01 3.181567573547363281e+01
2.257678833007812500e+02 7.596715259552001953e+01 3.206865692138671875e+01 2.942185020446777344e+01
2.260472993850708008e+02 7.439822387695312500e+01 3.128706169128417969e+01 3.223255920410156250e+01
2.253189048767089844e+02 7.424756813049316406e+01 3.397558593750000000e+01 3.366364669799804688e+01
2.139813213348388672e+02 7.654147338867187500e+01 2.681283950805664062e+01 3.379325866699218750e+01
2.231011638641357422e+02 7.716902065277099609e+01 3.015494155883789062e+01 3.166533088684082031e+01
2.273107223510742188e+02 7.838875198364257812e+01 3.338813781738281250e+01 3.383109283447265625e+01
2.155778551101684570e+02 7.667232894897460938e+01 2.874173545837402344e+01 3.252318572998046875e+01
2.197208490371704102e+02 7.803699016571044922e+01 2.461350822448730469e+01 2.994982337951660156e+01
2.219058160781860352e+02 7.641268062591552734e+01 2.819357109069824219e+01 2.977954292297363281e+01
2.167535743713378906e+02 7.718797779083251953e+01 2.307553863525390625e+01 2.799762535095214844e+01
2.178825111389160156e+02 7.609099388122558594e+01 2.105329132080078125e+01 2.883430862426757812e+01
2.175317821502685547e+02 7.664136695861816406e+01 2.107261276245117188e+01 2.521030807495117188e+01
2.172305707931518555e+02 7.600337982177734375e+01 2.047222328186035156e+01 2.661908721923828125e+01
2.208360357284545898e+02 7.697482395172119141e+01 2.344922065734863281e+01 2.690674400329589844e+01
2.180574493408203125e+02 7.620065879821777344e+01 2.198390960693359375e+01 2.785860824584960938e+01
2.219639577865600586e+02 7.497869586944580078e+01 2.203508949279785156e+01 2.700333976745605469e+01
2.235905771255493164e+02 7.578407859802246094e+01 1.998753166198730469e+01 2.668745040893554688e+01
2.281725006103515625e+02 7.453370761871337891e+01 2.527766418457031250e+01 2.790173912048339844e+01
2.237646427154541016e+02 7.424622631072998047e+01 2.103502273559570312e+01 3.030510139465332031e+01
2.246002235412597656e+02 7.357669353485107422e+01 2.362129974365234375e+01 3.053490638732910156e+01
2.258047657012939453e+02 7.286766815185546875e+01 2.476689529418945312e+01 3.250218963623046875e+01
2.238469543457031250e+02 7.428546142578125000e+01 2.242473602294921875e+01 2.931597900390625000e+01
2.255812797546386719e+02 7.410138320922851562e+01 2.435054779052734375e+01 2.912475585937500000e+01
2.267721643447875977e+02 7.468455123901367188e+01 2.514045524597167969e+01 2.903102111816406250e+01
2.259859104156494141e+02 7.312522888183593750e+01 2.495809555053710938e+01 3.040888214111328125e+01
2.282551059722900391e+02 7.318340778350830078e+01 2.387034225463867188e+01 3.124461174011230469e+01
2.269128313064575195e+02 7.351939487457275391e+01 2.421280479431152344e+01 2.812305259704589844e+01
2.303841485977172852e+02 7.523881626129150391e+01 2.510626792907714844e+01 2.783919334411621094e+01
2.323945207595825195e+02 7.238312530517578125e+01 2.678665733337402344e+01 3.319836425781250000e+01
2.249325504302978516e+02 6.805070686340332031e+01 3.080694198608398438e+01 3.543516159057617188e+01
2.275704669952392578e+02 6.791630363464355469e+01 2.596981430053710938e+01 3.142834854125976562e+01
2.240154619216918945e+02 6.586046218872070312e+01 2.507925987243652344e+01 2.637967681884765625e+01
2.270817089080810547e+02 6.446987533569335938e+01 2.328048324584960938e+01 2.610764312744140625e+01
2.371875247955322266e+02 6.200453853607177734e+01 3.284154129028320312e+01 3.061956977844238281e+01
2.428341236114501953e+02 6.013317108154296875e+01 3.282156753540039062e+01 3.159914398193359375e+01
2.607979822158813477e+02 6.111467361450195312e+01 2.743623924255371094e+01 3.132974243164062500e+01
2.622963333129882812e+02 5.808183670043945312e+01 3.041601562500000000e+01 2.997382354736328125e+01
2.631959447860717773e+02 5.720166397094726562e+01 3.000805854797363281e+01 3.107289886474609375e+01
2.631675510406494141e+02 5.555166435241699219e+01 3.055303573608398438e+01 3.216064834594726562e+01
2.650506296157836914e+02 5.304213905334472656e+01 2.846350669860839844e+01 3.209743881225585938e+01
2.638241386413574219e+02 5.237573528289794922e+01 2.624375152587890625e+01 3.020995521545410156e+01
2.664766330718994141e+02 5.362431716918945312e+01 2.551173782348632812e+01 2.841598510742187500e+01
2.666080465316772461e+02 5.201900863647460938e+01 2.468613624572753906e+01 2.803554534912109375e+01
2.658603448867797852e+02 5.196297264099121094e+01 2.865875053405761719e+01 2.895093917846679688e+01
2.673930196762084961e+02 5.155258846282958984e+01 2.878228187561035156e+01 3.002250099182128906e+01
2.641261596679687500e+02 5.181772327423095703e+01 3.232589721679687500e+01 2.950618553161621094e+01
2.645542840957641602e+02 5.116795253753662109e+01 2.989304924011230469e+01 3.121172523498535156e+01
2.633134422302246094e+02 5.480835819244384766e+01 2.886360931396484375e+01 3.044086265563964844e+01
2.631298770904541016e+02 5.376773643493652344e+01 2.922961044311523438e+01 3.057751083374023438e+01
2.595718860626220703e+02 5.555154991149902344e+01 3.223788070678710938e+01 3.100320816040039062e+01
2.592888011932373047e+02 5.350327110290527344e+01 3.241108322143554688e+01 3.185658645629882812e+01
2.561409835815429688e+02 5.508483123779296875e+01 3.482991790771484375e+01 3.099194335937500000e+01
2.580533351898193359e+02 5.548096752166748047e+01 3.318169784545898438e+01 3.196055030822753906e+01
2.572513313293457031e+02 5.579174232482910156e+01 3.310838317871093750e+01 3.162611007690429688e+01
2.587882461547851562e+02 5.514764404296875000e+01 3.137552642822265625e+01 3.197669982910156250e+01
2.609374055862426758e+02 5.475391578674316406e+01 3.123530387878417969e+01 3.250015640258789062e+01
2.627334156036376953e+02 5.501679229736328125e+01 3.130286026000976562e+01 3.122577667236328125e+01
2.600464057922363281e+02 5.429665756225585938e+01 3.242926788330078125e+01 3.176571655273437500e+01
2.469711647033691406e+02 5.582767868041992188e+01 4.260298919677734375e+01 3.087753295898437500e+01
2.549875793457031250e+02 5.680047416687011719e+01 3.566487121582031250e+01 3.332091903686523438e+01
2.546274394989013672e+02 5.785582351684570312e+01 3.245309829711914062e+01 3.241099548339843750e+01
2.560939674377441406e+02 5.808037757873535156e+01 3.302304840087890625e+01 3.437353897094726562e+01
2.538946304321289062e+02 5.888176345825195312e+01 3.251428222656250000e+01 3.475550842285156250e+01
2.506063117980957031e+02 5.812590026855468750e+01 3.405745697021484375e+01 3.738039398193359375e+01
2.482777519226074219e+02 6.080564880371093750e+01 3.425370025634765625e+01 3.712839508056640625e+01
2.430577716827392578e+02 6.161305809020996094e+01 3.568766403198242188e+01 3.714339828491210938e+01
2.381360454559326172e+02 6.241057395935058594e+01 3.808862686157226562e+01 3.962565231323242188e+01
2.353134517669677734e+02 6.472109603881835938e+01 3.787390518188476562e+01 4.086721801757812500e+01
2.330329856872558594e+02 6.669035530090332031e+01 3.789672088623046875e+01 3.609491348266601562e+01
2.317998371124267578e+02 6.881534004211425781e+01 3.523749923706054688e+01 3.531096267700195312e+01
2.290570011138916016e+02 7.173880195617675781e+01 3.435847091674804688e+01 3.342834854125976562e+01
2.271724414825439453e+02 7.258961486816406250e+01 3.580613327026367188e+01 3.271649932861328125e+01
2.268330631256103516e+02 7.276549911499023438e+01 3.361416244506835938e+01 3.490350341796875000e+01
2.250248947143554688e+02 7.372960281372070312e+01 3.421784973144531250e+01 3.347427368164062500e+01
2.231447582244873047e+02 7.551551628112792969e+01 3.433496475219726562e+01 3.319195175170898438e+01
2.175515689849853516e+02 7.841614627838134766e+01 3.408225631713867188e+01 2.947754478454589844e+01
2.150632820129394531e+02 7.968359565734863281e+01 3.590179443359375000e+01 3.234349441528320312e+01
2.124899291992187500e+02 8.108744430541992188e+01 3.520229339599609375e+01 3.464256286621093750e+01
2.138608303070068359e+02 8.181000328063964844e+01 3.489043807983398438e+01 3.500655746459960938e+01
2.143400840759277344e+02 8.111894989013671875e+01 3.350585937500000000e+01 3.506092071533203125e+01
2.111668071746826172e+02 8.339223480224609375e+01 3.152451705932617188e+01 2.993305206298828125e+01
2.118470077514648438e+02 8.524837398529052734e+01 3.131478118896484375e+01 2.855748176574707031e+01
2.100225734710693359e+02 8.321748256683349609e+01 3.343760299682617188e+01 2.885779762268066406e+01
2.100145244598388672e+02 8.320494365692138672e+01 3.223231124877929688e+01 3.090067481994628906e+01
2.075312557220458984e+02 8.296214389801025391e+01 3.415713119506835938e+01 3.044030570983886719e+01
2.067653179168701172e+02 8.198227882385253906e+01 3.406364059448242188e+01 3.188471603393554688e+01
2.039895267486572266e+02 8.417317962646484375e+01 3.455186080932617188e+01 3.201411437988281250e+01
2.003585281372070312e+02 8.804512596130371094e+01 3.319588470458984375e+01 2.973126602172851562e+01
2.004744186401367188e+02 8.752879238128662109e+01 3.370603942871093750e+01 2.927018928527832031e+01
1.981304683685302734e+02 8.786893463134765625e+01 3.482644271850585938e+01 2.913142395019531250e+01
1.967295036315917969e+02 8.539196205139160156e+01 3.608209228515625000e+01 3.214263534545898438e+01
1.935172863006591797e+02 8.778286933898925781e+01 3.269546890258789062e+01 2.930183029174804688e+01
1.901402015686035156e+02 8.876457786560058594e+01 3.397428894042968750e+01 3.019697952270507812e+01
1.871335887908935547e+02 9.109774589538574219e+01 3.134867477416992188e+01 2.664422988891601562e+01
1.845911121368408203e+02 9.174899578094482422e+01 3.146030044555664062e+01 2.751810646057128906e+01
1.821538782119750977e+02 9.044358158111572266e+01 3.141836357116699219e+01 2.774307823181152344e+01
1.791132869720458984e+02 9.072061443328857422e+01 3.297363662719726562e+01 2.807796669006347656e+01
1.754912033081054688e+02 9.229945087432861328e+01 3.499562072753906250e+01 2.645592308044433594e+01
1.745235347747802734e+02 9.198720359802246094e+01 3.316302871704101562e+01 2.939500045776367188e+01
1.713701152801513672e+02 9.169622516632080078e+01 3.348167800903320312e+01 2.713450431823730469e+01
1.689202022552490234e+02 9.103528976440429688e+01 3.153731918334960938e+01 2.953964996337890625e+01
1.679115371704101562e+02 9.292997360229492188e+01 3.307189941406250000e+01 2.612105560302734375e+01
1.662502002716064453e+02 9.197869300842285156e+01 3.221287155151367188e+01 3.166868972778320312e+01
1.636071605682373047e+02 9.232408237457275391e+01 3.612686538696289062e+01 2.893445396423339844e+01
1.618275489807128906e+02 9.133547019958496094e+01 3.445370483398437500e+01 3.132424545288085938e+01
1.618023357391357422e+02 9.372940063476562500e+01 3.279632186889648438e+01 3.014942169189453125e+01
1.635818786621093750e+02 9.300951576232910156e+01 3.239322662353515625e+01 2.870541000366210938e+01
1.648185253143310547e+02 9.385902881622314453e+01 3.220388412475585938e+01 2.480562400817871094e+01
1.670443668365478516e+02 9.453261852264404297e+01 3.173177719116210938e+01 2.286484718322753906e+01
1.697345094680786133e+02 9.491473865509033203e+01 3.086826133728027344e+01 2.539021110534667969e+01
1.735450754165649414e+02 9.711575794219970703e+01 3.014108085632324219e+01 2.531612968444824219e+01
1.765753021240234375e+02 9.593627548217773438e+01 3.088545989990234375e+01 2.348462677001953125e+01
1.800971784591674805e+02 9.641756725311279297e+01 2.981033515930175781e+01 2.520752143859863281e+01
1.834487342834472656e+02 9.679218387603759766e+01 3.021900177001953125e+01 2.547006034851074219e+01
1.848526954650878906e+02 9.789589881896972656e+01 3.269213867187500000e+01 2.588916397094726562e+01
1.865508136749267578e+02 9.762172317504882812e+01 3.204018783569335938e+01 2.823394012451171875e+01
1.880149917602539062e+02 1.008031568527221680e+02 3.202171325683593750e+01 2.729217720031738281e+01
1.902887563705444336e+02 9.940057754516601562e+01 2.918417549133300781e+01 2.887638854980468750e+01
1.911379957199096680e+02 1.004114065170288086e+02 3.093845558166503906e+01 3.046682929992675781e+01
1.915402250289916992e+02 1.018505373001098633e+02 3.100170326232910156e+01 2.978980827331542969e+01
1.909408874511718750e+02 1.025529727935791016e+02 3.214399719238281250e+01 3.003604507446289062e+01
1.898038730621337891e+02 1.038881473541259766e+02 3.290182113647460938e+01 3.204230117797851562e+01
1.905850086212158203e+02 1.053068704605102539e+02 3.331634140014648438e+01 3.099024009704589844e+01
1.897864494323730469e+02 1.059966583251953125e+02 3.386926269531250000e+01 3.426058197021484375e+01
1.903255081176757812e+02 1.050673103332519531e+02 3.358167266845703125e+01 3.335296630859375000e+01
1.921404056549072266e+02 1.074715652465820312e+02 3.384422683715820312e+01 3.548493194580078125e+01
1.926850090026855469e+02 1.056698608398437500e+02 3.532853698730468750e+01 3.877217864990234375e+01
1.923984298706054688e+02 1.070358982086181641e+02 3.503499603271484375e+01 3.942152786254882812e+01
1.928102111816406250e+02 1.092527446746826172e+02 3.721807098388671875e+01 3.944848251342773438e+01
1.905594444274902344e+02 1.091312541961669922e+02 3.476802062988281250e+01 4.217599105834960938e+01
1.947258911132812500e+02 1.119204578399658203e+02 3.735779571533203125e+01 4.068959426879882812e+01
1.903552494049072266e+02 1.109674777984619141e+02 3.430426406860351562e+01 3.927490615844726562e+01
1.914317302703857422e+02 1.160406608581542969e+02 3.513256454467773438e+01 3.540106201171875000e+01
1.896174831390380859e+02 1.153019790649414062e+02 3.452549362182617188e+01 3.852989959716796875e+01
1.887527751922607422e+02 1.150439529418945312e+02 3.488132858276367188e+01 3.830043792724609375e+01
1.884906444549560547e+02 1.177757511138916016e+02 3.466176986694335938e+01 3.502264785766601562e+01
1.892162437438964844e+02 1.189445533752441406e+02 3.473692321777343750e+01 3.423541259765625000e+01
1.907819862365722656e+02 1.190428142547607422e+02 3.331188964843750000e+01 3.600634384155273438e+01
1.913911895751953125e+02 1.181795024871826172e+02 3.351496124267578125e+01 3.730352401733398438e+01
1.888774414062500000e+02 1.199715518951416016e+02 3.483759307861328125e+01 3.539102554321289062e+01
1.884718971252441406e+02 1.220396575927734375e+02 3.548576354980468750e+01 3.227301788330078125e+01
1.904464550018310547e+02 1.222185554504394531e+02 3.516468429565429688e+01 3.376249694824218750e+01
1.892742710113525391e+02 1.216042957305908203e+02 3.390542984008789062e+01 3.288312149047851562e+01
1.899213638305664062e+02 1.224265766143798828e+02 3.603520965576171875e+01 3.311311721801757812e+01
1.916948032379150391e+02 1.215345363616943359e+02 3.312036514282226562e+01 3.195545578002929688e+01
1.909625320434570312e+02 1.222604370117187500e+02 3.297768402099609375e+01 3.578693389892578125e+01
1.914929866790771484e+02 1.225804119110107422e+02 3.507720565795898438e+01 3.246957015991210938e+01
1.901782245635986328e+02 1.225290279388427734e+02 3.278677749633789062e+01 3.628075790405273438e+01
1.896153659820556641e+02 1.217840633392333984e+02 3.424992752075195312e+01 3.166396713256835938e+01
1.901431217193603516e+02 1.213161067962646484e+02 3.406969070434570312e+01 3.323139572143554688e+01
1.891586875915527344e+02 1.202613124847412109e+02 3.388346862792968750e+01 3.536040878295898438e+01
1.905620326995849609e+02 1.199403514862060547e+02 3.380254745483398438e+01 3.406048202514648438e+01
1.904830665588378906e+02 1.165226478576660156e+02 3.205508422851562500e+01 3.701968383789062500e+01
1.912426433563232422e+02 1.141166458129882812e+02 3.294276046752929688e+01 3.658837127685546875e+01
1.899152507781982422e+02 1.131082534790039062e+02 3.318630599975585938e+01 3.633744049072265625e+01
1.883249130249023438e+02 1.094316921234130859e+02 3.487081146240234375e+01 3.757351303100585938e+01
1.890085868835449219e+02 1.091887149810791016e+02 3.507994079589843750e+01 3.684796524047851562e+01
1.871705436706542969e+02 1.065236606597900391e+02 3.641346740722656250e+01 3.728387832641601562e+01
1.895575771331787109e+02 1.065058288574218750e+02 3.247765731811523438e+01 3.510326385498046875e+01
1.886459350585937500e+02 1.042263221740722656e+02 3.065454864501953125e+01 3.813420104980468750e+01
1.895143442153930664e+02 1.047842082977294922e+02 2.905400657653808594e+01 3.382764816284179688e+01
1.887833890914916992e+02 1.048775100708007812e+02 2.916504859924316406e+01 3.171932983398437500e+01
1.870204038619995117e+02 1.038907279968261719e+02 2.979734992980957031e+01 3.034854125976562500e+01
1.869732360839843750e+02 1.029299192428588867e+02 2.990390777587890625e+01 3.173813819885253906e+01
1.855126914978027344e+02 1.019246263504028320e+02 3.075775909423828125e+01 3.152206230163574219e+01
1.844316396713256836e+02 1.020043964385986328e+02 3.177432441711425781e+01 3.137531661987304688e+01
1.827645559310913086e+02 1.013190937042236328e+02 3.075819587707519531e+01 3.285332107543945312e+01
1.840859069824218750e+02 9.947878837585449219e+01 3.016050720214843750e+01 3.169347763061523438e+01
1.808732089996337891e+02 1.000384998321533203e+02 3.261411666870117188e+01 3.137154006958007812e+01
1.807394561767578125e+02 9.940983295440673828e+01 3.242118072509765625e+01 3.076667594909667969e+01
1.787413768768310547e+02 9.971700477600097656e+01 3.309575271606445312e+01 3.011616897583007812e+01
1.759447193145751953e+02 9.966944408416748047e+01 3.461754989624023438e+01 3.029178810119628906e+01
1.769932937622070312e+02 9.913967990875244141e+01 3.362425231933593750e+01 3.185470390319824219e+01
1.751404991149902344e+02 9.880374145507812500e+01 3.412120056152343750e+01 3.146617126464843750e+01
1.745821857452392578e+02 9.894870662689208984e+01 3.382167434692382812e+01 3.115966987609863281e+01
1.743354892730712891e+02 9.959788894653320312e+01 3.393803787231445312e+01 3.009044647216796875e+01
1.729039516448974609e+02 9.676870918273925781e+01 3.506357192993164062e+01 3.112453842163085938e+01
1.714213848114013672e+02 9.870178318023681641e+01 3.266673660278320312e+01 3.160406303405761719e+01
1.709943695068359375e+02 9.817846488952636719e+01 3.205792236328125000e+01 3.101861190795898438e+01
1.683007001876831055e+02 9.772310066223144531e+01 3.169500160217285156e+01 3.240943527221679688e+01
1.670825977325439453e+02 9.851372051239013672e+01 3.196259689331054688e+01 3.130114173889160156e+01
1.653654804229736328e+02 9.679174613952636719e+01 3.349244308471679688e+01 3.174850082397460938e+01
1.633362178802490234e+02 9.709024238586425781e+01 3.290056991577148438e+01 3.239546585083007812e+01
1.638368005752563477e+02 9.839906692504882812e+01 3.195558738708496094e+01 3.058454895019531250e+01
1.621984939575195312e+02 9.762017631530761719e+01 3.207900238037109375e+01 3.143005752563476562e+01
1.617602710723876953e+02 9.774066257476806641e+01 3.155167007446289062e+01 3.098285484313964844e+01
1.600648517608642578e+02 9.678086662292480469e+01 3.060573196411132812e+01 3.218552017211914062e+01
1.617866859436035156e+02 9.688434982299804688e+01 3.277992248535156250e+01 2.987133789062500000e+01
1.601958446502685547e+02 9.579249763488769531e+01 3.075147628784179688e+01 3.224202346801757812e+01
1.603757667541503906e+02 9.632526588439941406e+01 3.225901794433593750e+01 3.195557022094726562e+01
1.611621074676513672e+02 9.689314460754394531e+01 3.193435287475585938e+01 3.250812149047851562e+01
1.612663402557373047e+02 9.777114200592041016e+01 3.291619491577148438e+01 2.995094871520996094e+01
1.628024616241455078e+02 9.800092887878417969e+01 3.334836196899414062e+01 2.949383163452148438e+01
1.650043487548828125e+02 9.848811340332031250e+01 3.363684844970703125e+01 2.908397674560546875e+01
1.666126117706298828e+02 9.823824691772460938e+01 3.365295791625976562e+01 3.096287536621093750e+01
1.690985469818115234e+02 9.971225452423095703e+01 3.489622116088867188e+01 2.945077323913574219e+01
1.722209300994873047e+02 9.938421916961669922e+01 3.298218917846679688e+01 2.926924324035644531e+01
1.747371234893798828e+02 9.938898754119873047e+01 3.328584671020507812e+01 3.027308082580566406e+01
1.765155448913574219e+02 1.005887498855590820e+02 3.435563659667968750e+01 3.069525718688964844e+01
1.764250011444091797e+02 1.015108098983764648e+02 3.460360336303710938e+01 2.974449348449707031e+01
1.799100532531738281e+02 1.023642482757568359e+02 3.292506408691406250e+01 3.096200942993164062e+01
1.832791938781738281e+02 1.028820343017578125e+02 3.531825256347656250e+01 3.035626220703125000e+01
1.875098171234130859e+02 1.029234514236450195e+02 3.313885116577148438e+01 2.967513084411621094e+01
1.898416137695312500e+02 1.040711698532104492e+02 3.269904327392578125e+01 2.989222145080566406e+01
1.923388500213623047e+02 1.030196704864501953e+02 3.259057235717773438e+01 3.481171798706054688e+01
1.938766670227050781e+02 1.031222209930419922e+02 3.274340820312500000e+01 3.456532669067382812e+01
1.966928663253784180e+02 1.039002265930175781e+02 2.971238899230957031e+01 3.299706268310546875e+01
1.989051132202148438e+02 1.053865909576416016e+02 3.089376068115234375e+01 3.377152633666992188e+01
2.024694204330444336e+02 1.061074333190917969e+02 2.985308265686035156e+01 3.427492523193359375e+01
2.026447935104370117e+02 1.061391887664794922e+02 2.954617500305175781e+01 3.324618148803710938e+01
2.039794244766235352e+02 1.069331436157226562e+02 2.795655632019042969e+01 3.358279418945312500e+01
2.039769506454467773e+02 1.081939182281494141e+02 2.758336067199707031e+01 3.201504898071289062e+01
2.023551378250122070e+02 1.085523176193237305e+02 2.762557792663574219e+01 3.064507484436035156e+01
2.019277086257934570e+02 1.092759323120117188e+02 3.109905815124511719e+01 3.283142089843750000e+01
2.018940715789794922e+02 1.086451377868652344e+02 2.923704910278320312e+01 3.520508575439453125e+01
2.014045171737670898e+02 1.094824810028076172e+02 2.904471778869628906e+01 3.283684158325195312e+01
2.031730699539184570e+02 1.100228710174560547e+02 3.024751091003417969e+01 3.244164657592773438e+01
2.054359960556030273e+02 1.102689933776855469e+02 3.096239662170410156e+01 3.294952392578125000e+01
2.082331342697143555e+02 1.099544029235839844e+02 3.170601081848144531e+01 3.276974487304687500e+01
2.108397245407104492e+02 1.092764301300048828e+02 2.828199958801269531e+01 3.585312271118164062e+01
2.126222906112670898e+02 1.108010654449462891e+02 3.124204444885253906e+01 3.183399581909179688e+01
2.146730346679687500e+02 1.106149921417236328e+02 3.243250274658203125e+01 3.020012283325195312e+01
2.170225057601928711e+02 1.093396759033203125e+02 3.157158851623535156e+01 3.335405731201171875e+01
2.189086971282958984e+02 1.091088762283325195e+02 3.229763412475585938e+01 3.188397026062011719e+01
2.213874702453613281e+02 1.083193893432617188e+02 3.206388854980468750e+01 3.234519195556640625e+01
2.234611282348632812e+02 1.095265302658081055e+02 3.334131622314453125e+01 3.154596138000488281e+01
2.265777053833007812e+02 1.098233823776245117e+02 3.290709686279296875e+01 3.197566413879394531e+01
2.284824409484863281e+02 1.088285789489746094e+02 3.318122863769531250e+01 2.990891265869140625e+01
2.306455469131469727e+02 1.097745151519775391e+02 3.142198753356933594e+01 3.271567916870117188e+01
2.321838769912719727e+02 1.078183689117431641e+02 3.131552696228027344e+01 3.231911849975585938e+01
2.325850124359130859e+02 1.083195648193359375e+02 3.164922714233398438e+01 3.562377929687500000e+01
2.329021549224853516e+02 1.086577453613281250e+02 3.304808425903320312e+01 3.177433776855468750e+01
2.342580833435058594e+02 1.088366947174072266e+02 3.094346618652343750e+01 3.331878280639648438e+01
2.341902542114257812e+02 1.093883934020996094e+02 3.102700042724609375e+01 3.399784088134765625e+01
2.335496644973754883e+02 1.098983860015869141e+02 3.131522941589355469e+01 3.609995651245117188e+01
2.327377538681030273e+02 1.112034034729003906e+02 3.145914649963378906e+01 3.508496856689453125e+01
2.329347877502441406e+02 1.120059700012207031e+02 3.169990539550781250e+01 3.425876617431640625e+01
2.318748188018798828e+02 1.116504840850830078e+02 3.236090469360351562e+01 3.601484298706054688e+01
2.302750759124755859e+02 1.115268211364746094e+02 3.262859725952148438e+01 3.695059967041015625e+01
2.285197143554687500e+02 1.124471111297607422e+02 3.522240447998046875e+01 3.461615371704101562e+01
2.254939975738525391e+02 1.131234893798828125e+02 3.481749343872070312e+01 3.445672607421875000e+01
2.242367687225341797e+02 1.144576396942138672e+02 3.444503402709960938e+01 3.261426162719726562e+01
2.230352535247802734e+02 1.135041141510009766e+02 3.304792404174804688e+01 3.395287704467773438e+01
2.222336931228637695e+02 1.146259746551513672e+02 3.195263481140136719e+01 3.398749160766601562e+01
2.216863307952880859e+02 1.125389270782470703e+02 3.172578048706054688e+01 3.516433334350585938e+01
2.189074859619140625e+02 1.140899009704589844e+02 3.241622161865234375e+01 3.450963592529296875e+01
2.177576732635498047e+02 1.139835510253906250e+02 3.348130416870117188e+01 3.415219116210937500e+01
2.179316368103027344e+02 1.130639896392822266e+02 3.410162353515625000e+01 3.434835433959960938e+01
2.159693965911865234e+02 1.099798278808593750e+02 3.160972213745117188e+01 3.544084167480468750e+01
2.157253303527832031e+02 1.113783168792724609e+02 3.000926208496093750e+01 3.528143692016601562e+01
2.186898403167724609e+02 1.094623432159423828e+02 2.929574203491210938e+01 3.623327255249023438e+01
2.156327857971191406e+02 1.122925376892089844e+02 3.042739105224609375e+01 3.365067291259765625e+01
2.162734804153442383e+02 1.108212070465087891e+02 3.093926048278808594e+01 3.720321273803710938e+01
2.151853284835815430e+02 1.118898010253906250e+02 3.187093544006347656e+01 3.428359985351562500e+01
2.157885990142822266e+02 1.104151821136474609e+02 3.222976303100585938e+01 3.465871047973632812e+01
2.164195251464843750e+02 1.106214656829833984e+02 3.006829833984375000e+01 3.364752578735351562e+01
2.136347904205322266e+02 1.072270832061767578e+02 2.734601974487304688e+01 3.776805496215820312e+01
2.133975391387939453e+02 1.101031036376953125e+02 3.096702194213867188e+01 3.456526947021484375e+01
2.143841266632080078e+02 1.108570442199707031e+02 3.211997604370117188e+01 3.357925415039062500e+01
2.147294483184814453e+02 1.090716152191162109e+02 3.257015609741210938e+01 3.591733932495117188e+01
2.115571956634521484e+02 1.094564571380615234e+02 3.359990310668945312e+01 3.842387008666992188e+01
2.083995971679687500e+02 1.092965679168701172e+02 3.740318298339843750e+01 3.663511276245117188e+01
2.063825187683105469e+02 1.103817768096923828e+02 3.728255462646484375e+01 3.323030471801757812e+01
2.048403549194335938e+02 1.099327011108398438e+02 3.777215576171875000e+01 3.469641876220703125e+01
2.040909614562988281e+02 1.086066093444824219e+02 3.862306976318359375e+01 3.708564758300781250e+01
2.000041790008544922e+02 1.097083930969238281e+02 3.231962966918945312e+01 4.053404235839843750e+01
1.973053817749023438e+02 1.088482341766357422e+02 3.605624389648437500e+01 4.121854782104492188e+01
1.902967071533203125e+02 1.062115688323974609e+02 3.654718017578125000e+01 4.256412887573242188e+01
1.918704795837402344e+02 1.077811489105224609e+02 3.995627593994140625e+01 4.403016281127929688e+01
1.846654434204101562e+02 1.052183017730712891e+02 3.931715393066406250e+01 4.172763442993164062e+01
1.831380195617675781e+02 1.052907485961914062e+02 4.055472564697265625e+01 4.259580230712890625e+01
1.811363620758056641e+02 1.063114814758300781e+02 4.413431930541992188e+01 4.453260803222656250e+01
1.807143878936767578e+02 1.069735107421875000e+02 4.973029708862304688e+01 4.835599517822265625e+01
1.740314445495605469e+02 1.059711990356445170e+02 3.779123687744140625e+01 4.194161224365235796e+01
1.753403244018554688e+02 1.065247688293457031e+02 3.638130187988281250e+01 3.602365112304687500e+01
1.771198348999023438e+02 1.052122001647949219e+02 3.334461975097656250e+01 3.303118896484375000e+01
1.751728858947753906e+02 1.060655307769775391e+02 3.259319305419921875e+01 3.079051589965820312e+01
1.748057336807250977e+02 1.052966518402099609e+02 2.891013145446777344e+01 3.269374465942382812e+01
1.733897314071655273e+02 1.065441551208496094e+02 2.939313697814941406e+01 2.780216217041015625e+01
1.726538324356079102e+02 1.063750028610229492e+02 2.659866905212402344e+01 2.803502082824707031e+01
1.730204353332519531e+02 1.072451477050781250e+02 2.867214965820312500e+01 2.862385559082031250e+01
1.727891244888305664e+02 1.068702926635742188e+02 3.055129814147949219e+01 2.987336730957031250e+01
1.727028398513793945e+02 1.078607244491577148e+02 3.082349205017089844e+01 2.941743659973144531e+01
1.723214359283447266e+02 1.087795200347900391e+02 3.273192977905273438e+01 2.637376785278320312e+01
1.730659475326538086e+02 1.094663600921630859e+02 2.932425880432128906e+01 2.566545486450195312e+01
1.726801118850708008e+02 1.110258026123046875e+02 2.967299461364746094e+01 2.496563720703125000e+01
1.738599233627319336e+02 1.107530517578125000e+02 3.023099708557128906e+01 2.511901092529296875e+01
1.762551898956298828e+02 1.099539308547973633e+02 3.016015243530273438e+01 2.656752586364746094e+01
1.765737323760986328e+02 1.100728645324707031e+02 3.155024337768554688e+01 2.890843963623046875e+01
1.770928745269775391e+02 1.074196653366088867e+02 3.086295700073242188e+01 3.034659767150878906e+01
1.783712139129638672e+02 1.072531871795654297e+02 3.235132980346679688e+01 3.630989456176757812e+01
1.786813735961914062e+02 1.089183778762817383e+02 3.151384735107421875e+01 3.081667137145996094e+01
1.815213203430175781e+02 1.067475814819335938e+02 3.211117553710937500e+01 2.893352508544921875e+01
1.845930137634277344e+02 1.056413669586181641e+02 3.000687408447265625e+01 3.036616134643554688e+01
1.853611574172973633e+02 1.032565031051635742e+02 3.164286613464355469e+01 3.069371223449707031e+01
1.862484035491943359e+02 9.754099845886230469e+01 3.291312789916992188e+01 3.387762069702148438e+01
