3.220000000000000000e+02 1.310000000000000000e+02 2.200000000000000000e+01 4.100000000000000000e+01
3.205642518997192383e+02 1.319418869018554688e+02 2.540762901306152344e+01 3.995458984375000000e+01
3.207696075439453125e+02 1.285992660522460938e+02 2.452509307861328125e+01 4.392002868652343750e+01
3.193880395889282227e+02 1.267852535247802734e+02 2.659956932067871094e+01 4.536485671997070312e+01
3.185041437149047852e+02 1.236074600219726562e+02 2.676654624938964844e+01 4.870489501953125000e+01
3.156911897659301758e+02 1.210230083465576172e+02 3.027404594421386719e+01 4.998186111450195312e+01
3.124436607360839844e+02 1.212808799743652344e+02 3.068595886230468750e+01 4.780040740966796875e+01
3.110151872634887695e+02 1.207260475158691406e+02 3.039715385437011719e+01 4.729679107666015625e+01
3.102769937515258789e+02 1.217089424133300781e+02 3.055873680114746094e+01 4.610491180419921875e+01
3.086941137313842773e+02 1.225494709014892578e+02 2.804397010803222656e+01 4.551557540893554688e+01
3.078240394592285156e+02 1.241805782318115234e+02 2.761657714843750000e+01 4.353050613403320312e+01
3.053001060485839844e+02 1.266699371337890625e+02 2.635264587402343750e+01 4.202986145019531250e+01
3.047131223678588867e+02 1.262217445373535156e+02 2.301156806945800781e+01 4.389038848876953125e+01
3.036943016052246094e+02 1.302020339965820312e+02 2.176932525634765625e+01 4.074195861816406250e+01
3.019044733047485352e+02 1.286480827331542969e+02 2.190403556823730469e+01 4.289674377441406250e+01
3.001015405654907227e+02 1.288340053558349609e+02 2.455195426940917969e+01 4.222718429565429688e+01
2.972330942153930664e+02 1.286430492401123047e+02 2.626772117614746094e+01 4.336077499389648438e+01
2.914306688308715820e+02 1.249023323059082031e+02 3.174802970886230469e+01 4.606166076660156250e+01
2.873441734313964844e+02 1.269509010314941406e+02 3.645672607421875000e+01 4.297857666015625000e+01
2.866665153503417969e+02 1.248855762481689453e+02 3.383908081054687500e+01 4.197276687622070312e+01
2.860677738189697266e+02 1.246852378845214844e+02 3.208652114868164062e+01 4.311842346191406250e+01
2.827240333557128906e+02 1.242795925140380859e+02 3.183117675781250000e+01 4.150550460815429688e+01
2.811078891754150391e+02 1.263388881683349609e+02 3.266839981079101562e+01 4.019889450073242188e+01
2.787225761413574219e+02 1.281248741149902344e+02 3.075823974609375000e+01 3.924763488769531250e+01
2.758484430313110352e+02 1.290769329071044922e+02 1.894247245788574219e+01 4.023478317260742188e+01
2.738403701782226562e+02 1.299546737670898438e+02 1.892137908935546875e+01 3.862113952636718750e+01
2.701097116470336914e+02 1.318572826385498047e+02 2.033150291442871094e+01 3.715704727172851562e+01
2.686850452423095703e+02 1.336269760131835938e+02 2.170830917358398438e+01 3.622814941406250000e+01
2.655141162872314453e+02 1.314915046691894531e+02 2.365428543090820312e+01 3.814344787597656250e+01
2.622466640472412109e+02 1.289251403808593750e+02 2.570148849487304688e+01 4.029699707031250000e+01
2.582586059570312500e+02 1.273117523193359375e+02 3.206264495849609375e+01 4.014266204833984375e+01
2.566434535980224609e+02 1.278775367736816406e+02 2.931478500366210938e+01 3.791523742675781250e+01
2.513443603515625000e+02 1.257144203186035156e+02 3.248028564453125000e+01 3.801985168457031250e+01
2.498738708496093750e+02 1.267472038269042969e+02 3.182524108886718750e+01 3.373274230957031250e+01
2.446212272644042969e+02 1.265491809844970703e+02 3.313919830322265625e+01 3.565100479125976562e+01
2.427184295654296875e+02 1.280762023925781250e+02 3.198124694824218750e+01 3.563657379150390625e+01
2.393084602355957031e+02 1.294285526275634766e+02 2.294135284423828125e+01 3.440211868286132812e+01
2.371614112854003906e+02 1.306153717041015625e+02 1.905497741699218750e+01 3.453295898437500000e+01
2.328877773284912109e+02 1.319867572784423828e+02 1.995258712768554688e+01 3.408994674682617188e+01
2.311474876403808594e+02 1.321295757293701172e+02 2.365101623535156250e+01 3.404292678833007812e+01
2.271506528854370117e+02 1.324981670379638672e+02 3.048960304260253906e+01 3.403523635864257812e+01
2.216442670822143555e+02 1.314344100952148438e+02 2.626788520812988281e+01 3.510054779052734375e+01
2.165493841171264648e+02 1.291429328918457031e+02 3.129558753967285156e+01 3.641188812255859375e+01
2.133625640869140625e+02 1.273531856536865234e+02 3.211142730712890625e+01 3.652678298950195312e+01
2.116958169937133789e+02 1.258251209259033203e+02 3.086340904235839844e+01 3.561880111694335938e+01
2.077524013519287109e+02 1.255797176361083984e+02 3.272167587280273438e+01 3.432199478149414062e+01
2.060319032669067383e+02 1.259020729064941406e+02 3.018627738952636719e+01 3.477320098876953125e+01
2.037878665924072266e+02 1.278311939239501953e+02 3.053365707397460938e+01 3.318185043334960938e+01
2.009741220474243164e+02 1.296005134582519531e+02 2.835160636901855469e+01 3.141999053955078125e+01
2.002153759002685547e+02 1.316945714950561523e+02 2.654983901977539062e+01 3.049650764465332031e+01
1.960060434341430664e+02 1.345152120590209961e+02 3.069222068786621094e+01 2.854657173156738281e+01
1.928485841751098633e+02 1.349187431335449219e+02 2.534564018249511719e+01 2.814518737792968750e+01
1.907255353927612305e+02 1.373196983337402344e+02 2.209167671203613281e+01 2.815273284912109375e+01
1.841379737854003906e+02 1.302615070343017578e+02 2.609318542480468750e+01 3.470115280151367188e+01
1.807380933761596680e+02 1.290590915679931641e+02 2.817498970031738281e+01 3.513600540161132812e+01
1.789245920181274414e+02 1.266666851043701172e+02 2.513507652282714844e+01 3.595007705688476562e+01
1.740135545730590820e+02 1.262415142059326172e+02 2.742920494079589844e+01 3.466262435913085938e+01
1.720370216369628906e+02 1.243351078033447266e+02 2.658855438232421875e+01 3.391574478149414062e+01
1.704363517761230469e+02 1.270321502685546875e+02 2.654603576660156250e+01 2.950986480712890625e+01
1.646286935806274414e+02 1.244910850524902344e+02 2.919604301452636719e+01 3.413255310058593750e+01
1.635147180557250977e+02 1.250038928985595703e+02 2.640833091735839844e+01 3.386910629272460938e+01
1.625540056228637695e+02 1.291045875549316406e+02 2.417297172546386719e+01 3.033446502685546875e+01
1.580935850143432617e+02 1.269838523864746094e+02 1.741969490051269531e+01 3.289782714843750000e+01
1.537157964706420898e+02 1.304369277954101562e+02 1.431225776672363281e+01 3.075930786132812500e+01
1.514604434967041016e+02 1.315385417938232422e+02 1.959489059448242188e+01 3.038322067260742188e+01
1.453502368927001953e+02 1.316025829315185547e+02 2.389685440063476562e+01 3.070440292358398438e+01
1.419900875091552734e+02 1.304158973693847656e+02 2.697309494018554688e+01 3.251592254638671875e+01
1.397757921218872070e+02 1.273391952514648438e+02 2.558168601989746094e+01 3.514454650878906250e+01
1.387791051864624023e+02 1.310864973068237305e+02 2.407345008850097656e+01 3.096886634826660156e+01
1.367024898529052734e+02 1.267201328277587891e+02 2.264619827270507812e+01 3.236185836791992188e+01
1.346944236755371094e+02 1.264058265686035156e+02 2.248522186279296875e+01 3.265173339843750000e+01
1.313622064590454102e+02 1.248067159652709961e+02 2.466979026794433594e+01 3.161782264709472656e+01
1.248937664031982422e+02 1.240311164855957031e+02 2.829983139038085938e+01 3.294898986816406250e+01
1.236912307739257812e+02 1.254619808197021484e+02 2.636341857910156250e+01 3.217559432983398438e+01
1.215395221710205078e+02 1.266856088638305664e+02 2.566382217407226562e+01 3.030589866638183594e+01
1.191967811584472656e+02 1.269648008346557617e+02 2.285671997070312500e+01 3.081128120422363281e+01
1.163884010314941406e+02 1.275436267852783203e+02 2.596542358398437500e+01 3.233127975463867188e+01
1.130238714218139648e+02 1.249293670654296875e+02 1.887022590637207031e+01 3.548468780517578125e+01
1.114092950820922852e+02 1.324566249847412109e+02 2.206352043151855469e+01 2.661942672729492188e+01
1.066302928924560547e+02 1.304604167938232422e+02 2.302515029907226562e+01 3.003934097290039062e+01
1.043797569274902344e+02 1.299138936996459961e+02 2.541890716552734375e+01 3.100141334533691406e+01
1.006979179382324219e+02 1.275017728805541992e+02 2.344879150390625000e+01 3.138043403625488281e+01
9.887776756286621094e+01 1.253220481872558594e+02 2.327911758422851562e+01 3.256826019287109375e+01
9.060710906982421875e+01 1.209982929229736328e+02 2.901648712158203125e+01 3.505014419555664062e+01
8.668490791320800781e+01 1.192666511535644531e+02 3.190430068969726562e+01 3.498092651367187500e+01
8.557858085632324219e+01 1.206527423858642578e+02 3.097884750366210938e+01 3.380719375610351562e+01
8.604270362854003906e+01 1.196825847625732422e+02 2.807094192504882812e+01 3.616448593139648438e+01
8.452507114410400391e+01 1.169855537414550781e+02 2.297931480407714844e+01 3.895655059814453125e+01
8.450904464721679688e+01 1.301518344879150391e+02 2.409475708007812500e+01 2.603834152221679688e+01
7.820738983154296875e+01 1.281422958374023438e+02 2.498682403564453125e+01 2.740732574462890625e+01
8.094212722778320312e+01 1.306279029846191406e+02 1.849083709716796875e+01 2.794681549072265625e+01
9.859265422821044922e+01 1.317723646163940430e+02 2.313564491271972656e+01 2.339786720275878906e+01
9.650363636016845703e+01 1.320263566970825195e+02 2.252784538269042969e+01 2.103985404968261719e+01
9.000525188446044922e+01 1.323478031158447266e+02 2.568465614318847656e+01 1.941377639770507812e+01
8.218358707427978516e+01 1.281860208511352539e+02 3.152072715759277344e+01 2.388876914978027344e+01
6.294564819335937500e+01 1.259093465805053711e+02 2.313050079345703125e+01 3.158410072326660156e+01
5.625764083862304688e+01 1.269171438217163086e+02 2.745252990722656250e+01 2.895428657531738281e+01
5.708287811279296875e+01 1.252101125717163086e+02 2.671907043457031250e+01 2.786770057678222656e+01
5.402353572845458984e+01 1.245285434722900391e+02 2.491807746887207031e+01 2.889669418334960938e+01
5.383989143371582031e+01 1.252580795288085938e+02 2.967737960815429688e+01 2.946437835693359375e+01
5.070989513397216797e+01 1.261916551589965820e+02 2.805733680725097656e+01 2.991477012634277344e+01
4.693373012542724609e+01 1.262490234375000000e+02 3.002486610412597656e+01 2.872699737548828125e+01
4.141539192199707031e+01 1.238236417770385742e+02 3.220671463012695312e+01 3.057036018371582031e+01
3.852176475524902344e+01 1.241517391204833984e+02 3.308452987670898438e+01 3.242354965209960938e+01
4.014010334014892578e+01 1.266193599700927734e+02 2.986401176452636719e+01 2.913383102416992188e+01
3.459012985229492188e+01 1.310690870285034180e+02 3.273608398437500000e+01 2.656398200988769531e+01
3.483520793914794922e+01 1.311300916671752930e+02 2.625802040100097656e+01 2.478502845764160156e+01
3.197486305236815696e+01 1.301383142471313477e+02 2.556554031372070312e+01 2.561446189880371094e+01
3.023571491241453657e+01 1.301910734176635742e+02 2.389527702331542969e+01 2.746968269348144531e+01
2.505131912231443181e+01 1.261893482208251953e+02 2.457671356201171875e+01 2.940618515014648438e+01
2.249150562286374821e+01 1.241397705078125000e+02 2.537082481384277344e+01 2.887526702880859375e+01
2.100683212280271306e+01 1.221680259704589844e+02 2.512046051025390625e+01 2.943038940429687500e+01
2.080135536193845525e+01 1.224190559387207031e+02 2.324759292602539062e+01 3.049256896972656250e+01
1.988445949554440517e+01 1.235956678390502930e+02 1.909178352355957031e+01 2.990749549865722656e+01
1.812481594085690517e+01 1.217766714096069336e+02 1.285350227355957031e+01 3.137065315246582031e+01
1.354300546646115322e+01 1.221402416229248047e+02 1.447734355926513672e+01 3.079834365844726562e+01
9.610240459442110250e+00 1.215984344482421875e+02 1.490171146392822266e+01 3.216464233398437500e+01
