3.800000000000000000e+01 1.370000000000000000e+02 4.000000000000000000e+01 1.110000000000000000e+02
4.077276039123535156e+01 1.367927818298339844e+02 4.123575973510742188e+01 1.097279739379882812e+02
4.233764266967773438e+01 1.343533782958984375e+02 4.345749664306640625e+01 1.118229675292968750e+02
4.330669021606445312e+01 1.365981101989746094e+02 4.746535491943359375e+01 1.080900344848632812e+02
4.465888214111328125e+01 1.356449508666992188e+02 5.088151550292968750e+01 1.106335601806640625e+02
4.999400138854980469e+01 1.372825622558593750e+02 4.963202285766601562e+01 1.096763916015625000e+02
5.810263633728027344e+01 1.363091011047363281e+02 4.722835159301757812e+01 1.109929428100585938e+02
6.795676803588867188e+01 1.352781562805175781e+02 4.105554962158203125e+01 1.127169113159179688e+02
7.305524063110351562e+01 1.365453529357910156e+02 3.998802947998046875e+01 1.118340377807617188e+02
7.876531982421875000e+01 1.379875831604003906e+02 3.735601806640625000e+01 1.103580856323242188e+02
8.111433029174804688e+01 1.384461936950683594e+02 4.134934234619140625e+01 1.083030471801757812e+02
8.685828590393066406e+01 1.359562301635742188e+02 4.236228561401367188e+01 1.114374237060546875e+02
8.909163665771484375e+01 1.338314704895019531e+02 4.591773986816406250e+01 1.147892379760742188e+02
9.296420860290527344e+01 1.326115760803222656e+02 4.742372512817382812e+01 1.149669723510742188e+02
9.146226692199707031e+01 1.327633132934570312e+02 5.678680038452148438e+01 1.153795623779296875e+02
9.831507110595703125e+01 1.341279640197753906e+02 5.567835998535156250e+01 1.161111068725585938e+02
1.045763378143310547e+02 1.351871376037597656e+02 5.334225845336914062e+01 1.158147201538085938e+02
1.139861736297607422e+02 1.354345359802246094e+02 4.673141860961914062e+01 1.173106460571289062e+02
1.281357231140136719e+02 1.367980346679687500e+02 4.232984161376953125e+01 1.138371887207031250e+02
1.387234554290771484e+02 1.359991798400878906e+02 4.176057815551757812e+01 1.141246566772460938e+02
1.425610866546630859e+02 1.348991584777832031e+02 4.610936355590820312e+01 1.140526657104492188e+02
1.462165546417236328e+02 1.323010749816894531e+02 4.666567611694335938e+01 1.172600936889648438e+02
1.479584846496582031e+02 1.289113273620605469e+02 5.100426483154296875e+01 1.205034561157226562e+02
1.550278835296630859e+02 1.266961364746093750e+02 5.832570266723632812e+01 1.229215393066406250e+02
1.523720359802246094e+02 1.309895172119140625e+02 6.537995147705078125e+01 1.183456726074218750e+02
1.612726173400878906e+02 1.269849166870117188e+02 5.820931243896484375e+01 1.235879364013671875e+02
1.690125541687011719e+02 1.334880905151367188e+02 5.263501739501953125e+01 1.182335968017578125e+02
1.803503684997558594e+02 1.348506164550781250e+02 4.475507354736328125e+01 1.156434020996093750e+02
1.932666492462158203e+02 1.355270462036132812e+02 3.796871566772460938e+01 1.147472381591796875e+02
2.003669128417968750e+02 1.391015014648437500e+02 3.989392089843750000e+01 1.111548461914062500e+02
2.076372871398925781e+02 1.347987060546875000e+02 3.842549896240234375e+01 1.132479858398437500e+02
2.066581649780273438e+02 1.349751663208007812e+02 4.782914733886718750e+01 1.135891265869140625e+02
2.139285736083984375e+02 1.344536247253417969e+02 5.173330688476562500e+01 1.129767227172851562e+02
2.162988834381103516e+02 1.334129524230957031e+02 6.152848434448242188e+01 1.137838668823242188e+02
2.216846809387207031e+02 1.299755783081054688e+02 6.284325408935546875e+01 1.192248992919921875e+02
2.306148166656494141e+02 1.335410194396972656e+02 5.733619308471679688e+01 1.176458358764648438e+02
2.395351066589355469e+02 1.365608177185058594e+02 5.182080841064453125e+01 1.141830215454101562e+02
2.550869159698486328e+02 1.350577926635742188e+02 4.468679428100585938e+01 1.155173797607421875e+02
2.653384361267089844e+02 1.351143531799316406e+02 3.865720367431640625e+01 1.138189010620117188e+02
2.703848342895507812e+02 1.328785972595214844e+02 3.621037292480468750e+01 1.158881607055664062e+02
2.738006172180175781e+02 1.309758186340332031e+02 3.805135345458984375e+01 1.167344284057617188e+02
2.770317707061767578e+02 1.309845771789550781e+02 4.110619735717773438e+01 1.149523849487304688e+02
2.819065551757812500e+02 1.332940673828125000e+02 4.511932373046875000e+01 1.110202941894531250e+02
2.887025661468505859e+02 1.314054298400878906e+02 4.584773635864257812e+01 1.124847335815429688e+02
2.964108505249023438e+02 1.324843597412109375e+02 4.073701477050781250e+01 1.126561889648437500e+02
3.035946826934814453e+02 1.354000930786132812e+02 3.782928085327148438e+01 1.121767120361328125e+02
3.101828308105468750e+02 1.355174827575683594e+02 3.426989746093750000e+01 1.107453384399414062e+02
3.165857486724853516e+02 1.366658859252929688e+02 3.277994918823242188e+01 1.091887054443359375e+02
3.218788070678710938e+02 1.352873115539550781e+02 3.375624084472656250e+01 1.102869796752929688e+02
3.271433734893798828e+02 1.335500068664550781e+02 3.636993026733398438e+01 1.116346206665039062e+02
3.282518253326416016e+02 1.335227928161621094e+02 4.345777511596679688e+01 1.095403823852539062e+02
3.314530773162841797e+02 1.361641311645507812e+02 4.906216812133789062e+01 1.061594390869140625e+02
3.358066959381103516e+02 1.343434906005859375e+02 5.225797653198242188e+01 1.080787658691406250e+02
3.402903213500976562e+02 1.338524780273437500e+02 4.824079895019531250e+01 1.105866699218750000e+02
3.451138553619384766e+02 1.341106224060058594e+02 4.262974166870117188e+01 1.095484390258789062e+02
3.509943790435791016e+02 1.350625038146972656e+02 3.896754074096679688e+01 1.085341720581054688e+02
3.569037265777587891e+02 1.362659187316894531e+02 3.635679244995117188e+01 1.062628097534179688e+02
3.561259727478027344e+02 1.358625984191894531e+02 3.937346649169921875e+01 1.051390762329101562e+02
3.595174236297607422e+02 1.352907180786132812e+02 3.892195510864257812e+01 1.069074096679687500e+02
3.637212371826171875e+02 1.351571426391601562e+02 3.749372863769531250e+01 1.046051330566406250e+02
3.657522277832031250e+02 1.339881629943847656e+02 3.766717529296875000e+01 1.042567520141601562e+02
3.693794841766357422e+02 1.342965469360351562e+02 3.723199844360351562e+01 1.019329071044921875e+02
3.710347270965576172e+02 1.353985404968261719e+02 3.827161026000976562e+01 1.015608291625976562e+02
3.752584609985351562e+02 1.374280815124511719e+02 3.666441345214843750e+01 1.005229721069335938e+02
3.765476779937744141e+02 1.399926490783691406e+02 3.806721115112304688e+01 9.772881317138671875e+01
3.799824848175048828e+02 1.395470046997070312e+02 3.684193038940429688e+01 9.804190063476562500e+01
3.858842639923095703e+02 1.383866271972656250e+02 3.365667343139648438e+01 9.888928222656250000e+01
3.881339111328125000e+02 1.379620475769042969e+02 3.437908935546875000e+01 9.950550079345703125e+01
3.894026546478271484e+02 1.364481773376464844e+02 3.555926895141601562e+01 9.956838226318359375e+01
3.898719253540039062e+02 1.351294441223144531e+02 3.630340576171875000e+01 1.000523452758789062e+02
3.930494575500488281e+02 1.355662651062011719e+02 3.356707000732421875e+01 9.898912811279296875e+01
3.924104175567626953e+02 1.365674400329589844e+02 3.495438766479492188e+01 9.691605377197265625e+01
3.943584041595458984e+02 1.364925079345703125e+02 3.497835159301757812e+01 9.729287719726562500e+01
3.954548759460449219e+02 1.389083557128906250e+02 3.326683807373046875e+01 9.584638977050781250e+01
3.959460105895996094e+02 1.404751319885253906e+02 3.474428558349609375e+01 9.316828155517578125e+01
3.970748786926269531e+02 1.405486640930175781e+02 3.499596405029296875e+01 9.349515533447265625e+01
3.962258224487304688e+02 1.402852897644042969e+02 3.600822448730468750e+01 9.285359954833984375e+01
3.973018608093261719e+02 1.395814819335937500e+02 3.508368682861328125e+01 9.237300109863281250e+01
3.975116062164306641e+02 1.377237319946289062e+02 3.458533859252929688e+01 9.451965332031250000e+01
3.960514507293701172e+02 1.376865959167480469e+02 3.759456253051757812e+01 9.350836944580078125e+01
3.980572910308837891e+02 1.377843017578125000e+02 3.506563949584960938e+01 9.251420593261718750e+01
4.006324901580810547e+02 1.383182868957519531e+02 3.275198745727539062e+01 9.081076812744140625e+01
4.020990581512451172e+02 1.396407928466796875e+02 3.181233596801757812e+01 9.076780700683593750e+01
4.027961711883544922e+02 1.409999961853027344e+02 3.212239456176757812e+01 8.779657745361328125e+01
4.039596538543701172e+02 1.418808021545410156e+02 3.228325271606445312e+01 8.626090240478515625e+01
4.060278911590576172e+02 1.409470367431640625e+02 3.076330947875976562e+01 8.721664428710937500e+01
4.075028104782104492e+02 1.389039192199707031e+02 3.048023414611816406e+01 8.798526763916015625e+01
4.075260057449340820e+02 1.379186096191406250e+02 3.115556907653808594e+01 8.896081542968750000e+01
4.079737672805786133e+02 1.373684234619140625e+02 3.141257286071777344e+01 8.895260620117187500e+01
4.089084024429321289e+02 1.379094696044921875e+02 3.145007133483886719e+01 8.792269897460937500e+01
4.091041479110717773e+02 1.391564254760742188e+02 3.163527107238769531e+01 8.747309875488281250e+01
4.090296268463134766e+02 1.406510200500488281e+02 3.231130599975585938e+01 8.589218902587890625e+01
4.090428237915039062e+02 1.418471832275390625e+02 3.121755981445312500e+01 8.450505065917968750e+01
4.093240203857421875e+02 1.422874298095703125e+02 2.964758300781250000e+01 8.349932861328125000e+01
4.102748765945434570e+02 1.420307922363281250e+02 2.853041648864746094e+01 8.276167297363281250e+01
4.099384660720825195e+02 1.409142990112304688e+02 2.721419334411621094e+01 8.417413330078125000e+01
4.094202814102172852e+02 1.393290252685546875e+02 2.701943778991699219e+01 8.532446289062500000e+01
4.112843894958496094e+02 1.407819519042968750e+02 2.588269805908203125e+01 8.270181274414062500e+01
4.107806196212768555e+02 1.398134384155273438e+02 2.598919105529785156e+01 8.187922668457031250e+01
4.108261365890502930e+02 1.397943115234375000e+02 2.655253028869628906e+01 8.062176513671875000e+01
4.108767890930175781e+02 1.410960273742675781e+02 2.672525787353515625e+01 8.123963165283203125e+01
4.100596704483032227e+02 1.439557151794433594e+02 2.803646659851074219e+01 7.846099090576171875e+01
4.099064722061157227e+02 1.450519294738769531e+02 2.873347282409667969e+01 7.727101898193359375e+01
4.095801544189453125e+02 1.447880821228027344e+02 2.838546752929687500e+01 7.654817962646484375e+01
4.096809177398681641e+02 1.427678604125976562e+02 2.856083297729492188e+01 7.738012695312500000e+01
4.085137510299682617e+02 1.409470939636230469e+02 2.919072914123535156e+01 7.831835174560546875e+01
4.072816781997680664e+02 1.399042053222656250e+02 2.948087882995605469e+01 7.950511169433593750e+01
4.059746351242065430e+02 1.397686004638671875e+02 2.944223976135253906e+01 7.815676879882812500e+01
4.048182439804077148e+02 1.405141220092773438e+02 2.968736457824707031e+01 7.697631835937500000e+01
4.044704093933105469e+02 1.420161209106445312e+02 2.892816925048828125e+01 7.699887084960937500e+01
4.049080429077148438e+02 1.437451019287109375e+02 2.723458862304687500e+01 7.512640380859375000e+01
4.041876468658447266e+02 1.454330177307128906e+02 2.533971786499023438e+01 7.280347442626953125e+01
4.032619543075561523e+02 1.457431373596191406e+02 2.445445442199707031e+01 7.247646331787109375e+01
4.021017580032348633e+02 1.451446037292480469e+02 2.603417015075683594e+01 7.357379913330078125e+01
4.007482194900512695e+02 1.431334724426269531e+02 2.739185142517089844e+01 7.468119049072265625e+01
4.003478126525878906e+02 1.438204307556152344e+02 2.706832122802734375e+01 7.362372589111328125e+01
3.994433765411376953e+02 1.433913536071777344e+02 2.819044113159179688e+01 7.398467254638671875e+01
3.975246744155883789e+02 1.424194450378417969e+02 2.827615165710449219e+01 7.423848724365234375e+01
3.952040138244628906e+02 1.430783271789550781e+02 2.866106414794921875e+01 7.266065216064453125e+01
3.932636690139770508e+02 1.447955284118652344e+02 2.882488059997558594e+01 7.122891998291015625e+01
3.907549810409545898e+02 1.468785781860351562e+02 2.762530708312988281e+01 6.733872985839843750e+01
3.891772928237915039e+02 1.471074295043945312e+02 2.569090080261230469e+01 6.678829956054687500e+01
3.863102941513061523e+02 1.458966827392578125e+02 2.534207344055175781e+01 6.717955017089843750e+01
3.844534473419189453e+02 1.453940086364746094e+02 2.547144699096679688e+01 6.820050811767578125e+01
3.812954969406127930e+02 1.435015602111816406e+02 2.622242164611816406e+01 7.045102691650390625e+01
3.809538602828979492e+02 1.438682289123535156e+02 2.637078285217285156e+01 6.939929962158203125e+01
3.770779867172241211e+02 1.435838890075683594e+02 2.669061470031738281e+01 6.810292816162109375e+01
3.757431888580322266e+02 1.440837593078613281e+02 2.495661544799804688e+01 6.841963958740234375e+01
3.735462627410888672e+02 1.463812751770019531e+02 2.309303665161132812e+01 6.488773345947265625e+01
3.714596481323242188e+02 1.479163589477539062e+02 2.055047607421875000e+01 6.044828796386718750e+01
3.696040153503417969e+02 1.478067474365234375e+02 2.069196319580078125e+01 6.412210083007812500e+01
3.667922859191894531e+02 1.459787330627441406e+02 2.432665252685546875e+01 6.604468536376953125e+01
3.643716239929199219e+02 1.442137222290039062e+02 2.644049835205078125e+01 6.723559570312500000e+01
3.607870712280273438e+02 1.436400222778320312e+02 2.752662658691406250e+01 6.792977905273437500e+01
3.563639059066772461e+02 1.428204269409179688e+02 3.048274421691894531e+01 6.831040954589843750e+01
3.548683948516845703e+02 1.450315856933593750e+02 2.956159591674804688e+01 6.650061035156250000e+01
3.529358043670654297e+02 1.472494335174560547e+02 2.630649185180664062e+01 6.364937210083007812e+01
3.516075029373168945e+02 1.472243309020996094e+02 2.630527305603027344e+01 6.253470611572265625e+01
3.481983947753906250e+02 1.475746402740478516e+02 2.405613708496093750e+01 6.040000534057617188e+01
3.452366991043090820e+02 1.482595577239990234e+02 2.199065208435058594e+01 6.050384902954101562e+01
3.414912872314453125e+02 1.458368282318115234e+02 2.316748046875000000e+01 6.241499710083007812e+01
3.390170297622680664e+02 1.450308799743652344e+02 2.279426383972167969e+01 6.225437164306640625e+01
3.347748527526855469e+02 1.445838413238525391e+02 2.611917877197265625e+01 6.245814132690429688e+01
3.330163335800170898e+02 1.441987380981445312e+02 2.580685615539550781e+01 6.305249023437500000e+01
3.308453617095947266e+02 1.446528167724609375e+02 2.522779464721679688e+01 6.223991394042968750e+01
3.282352972030639648e+02 1.451221027374267578e+02 2.369444465637207031e+01 6.239947128295898438e+01
3.251020927429199219e+02 1.460126476287841797e+02 2.155197906494140625e+01 5.965044021606445312e+01
3.215841360092163086e+02 1.466406593322753906e+02 2.086268806457519531e+01 5.791985321044921875e+01
3.185804386138916016e+02 1.453029079437255859e+02 2.068532943725585938e+01 6.109299087524414062e+01
3.152442264556884766e+02 1.451999950408935547e+02 2.303973007202148438e+01 6.145479202270507812e+01
3.126268768310546875e+02 1.441841335296630859e+02 2.500645446777343750e+01 6.272143936157226562e+01
3.035578145980834961e+02 1.428957691192626953e+02 2.969650459289550781e+01 6.272298812866210938e+01
3.025340509414672852e+02 1.418901062011718750e+02 2.975652885437011719e+01 6.395513916015625000e+01
3.007995843887329102e+02 1.441941947937011719e+02 2.953689384460449219e+01 6.210768890380859375e+01
2.981658983230590820e+02 1.469222888946533203e+02 2.736263084411621094e+01 5.857522201538085938e+01
2.963571949005126953e+02 1.461864795684814453e+02 2.497732162475585938e+01 5.951380538940429688e+01
2.940286846160888672e+02 1.472352008819580078e+02 2.174689102172851562e+01 5.895205307006835938e+01
2.899256343841552734e+02 1.467315711975097656e+02 2.040750503540039062e+01 5.847216033935546875e+01
2.873223524093627930e+02 1.471973361968994141e+02 2.098642921447753906e+01 5.749305343627929688e+01
2.851050119400024414e+02 1.461506061553955078e+02 2.260066032409667969e+01 5.835409164428710938e+01
2.821367025375366211e+02 1.448226909637451172e+02 2.375477790832519531e+01 5.953131484985351562e+01
2.759701061248779297e+02 1.444867248535156250e+02 2.603023147583007812e+01 5.969042968750000000e+01
2.734368886947631836e+02 1.439892215728759766e+02 2.703549385070800781e+01 6.075703048706054688e+01
2.702438840866088867e+02 1.438465652465820312e+02 2.683570289611816406e+01 6.084931945800781250e+01
2.670899076461791992e+02 1.455383281707763672e+02 2.302565956115722656e+01 5.885692214965820312e+01
2.646943130493164062e+02 1.463847484588623047e+02 2.092955017089843750e+01 5.666701126098632812e+01
2.616743211746215820e+02 1.468645839691162109e+02 1.962199974060058594e+01 5.718455886840820312e+01
2.575512971878051758e+02 1.476950607299804688e+02 2.052035331726074219e+01 5.641722106933593750e+01
2.534118318557739258e+02 1.463163585662841797e+02 2.427502250671386719e+01 5.721910476684570312e+01
2.465202913284301758e+02 1.449391193389892578e+02 2.748238945007324219e+01 5.825712203979492188e+01
2.432714414596557617e+02 1.442762241363525391e+02 2.954387092590332031e+01 5.899612045288085938e+01
2.394559164047241211e+02 1.468308620452880859e+02 2.800741004943847656e+01 5.686838150024414062e+01
2.380721712112426758e+02 1.450661163330078125e+02 2.894213676452636719e+01 5.869148254394531250e+01
2.345341167449951172e+02 1.463579425811767578e+02 2.481902694702148438e+01 5.724148178100585938e+01
2.293590536117553711e+02 1.465600719451904297e+02 2.112571144104003906e+01 5.684921646118164062e+01
2.276795234680175781e+02 1.471526813507080078e+02 2.084278869628906250e+01 5.699937057495117188e+01
2.248086652755737305e+02 1.463177566528320312e+02 2.103625679016113281e+01 5.689703369140625000e+01
2.180043373107910156e+02 1.455190448760986328e+02 2.526431274414062500e+01 5.703930282592773438e+01
2.144907732009887695e+02 1.415701141357421875e+02 2.877230644226074219e+01 6.147953796386718750e+01
2.085486717224121094e+02 1.444108867645263672e+02 3.476339721679687500e+01 5.731465530395507812e+01
1.664357509613037109e+02 1.396031227111816406e+02 4.080427932739257812e+01 1.106709976196289062e+02
1.714102554321289062e+02 1.293308105468750000e+02 4.515867614746093750e+01 1.227060394287109375e+02
1.738498401641845703e+02 1.325743141174316406e+02 5.132931137084960938e+01 1.165943069458007812e+02
1.761858386993408203e+02 1.290590629577636719e+02 5.071459579467773438e+01 1.211096115112304688e+02
1.779213390350341797e+02 1.354878120422363281e+02 4.690915298461914062e+01 1.155167922973632812e+02
1.826203441619873047e+02 1.318003082275390625e+02 4.923288345336914062e+01 1.203806610107421875e+02
1.847847328186035156e+02 1.319171295166015625e+02 5.444445037841796875e+01 1.205548553466796875e+02
1.864947853088378906e+02 1.350755386352539062e+02 5.148256683349609375e+01 1.182660217285156250e+02
1.975773506164550781e+02 1.410738677978515625e+02 5.183083343505859375e+01 1.124920806884765625e+02
2.063816356658935547e+02 1.339302635192871094e+02 4.981509780883789062e+01 1.173247604370117188e+02
2.144408550262451172e+02 1.328728485107421875e+02 4.411343765258789062e+01 1.160608673095703125e+02
2.172032585144042969e+02 1.450589332580566406e+02 4.457730865478515625e+01 1.027935256958007812e+02
2.182724876403808594e+02 1.366924858093261719e+02 4.836383819580078125e+01 1.121138534545898438e+02
2.199032306671142578e+02 1.345813255310058594e+02 5.035070419311523438e+01 1.153202438354492188e+02
2.217036228179931641e+02 1.359306068420410156e+02 5.077320480346679688e+01 1.117234878540039062e+02
2.251694316864013672e+02 1.346429595947265625e+02 5.517038345336914062e+01 1.129078521728515625e+02
2.278512649536132812e+02 1.261950531005859375e+02 6.070521545410156250e+01 1.233262481689453125e+02
2.381825237274169922e+02 1.297785339355468750e+02 5.531616592407226562e+01 1.209100799560546875e+02
2.422753696441650391e+02 1.308654212951660156e+02 5.472639083862304688e+01 1.194625930786132812e+02
2.486229400634765625e+02 1.269772987365722656e+02 5.168365478515625000e+01 1.224447402954101562e+02
2.497801265716552734e+02 1.316476249694824219e+02 5.162138748168945312e+01 1.168080368041992188e+02
2.553602771759033203e+02 1.322497787475585938e+02 4.805346298217773438e+01 1.149898681640625000e+02
2.594016895294189453e+02 1.334684448242187500e+02 4.736816024780273438e+01 1.139049530029296875e+02
2.624403858184814453e+02 1.354498863220214844e+02 4.742306137084960938e+01 1.115898666381835938e+02
2.661282691955566406e+02 1.348792877197265625e+02 4.694756317138671875e+01 1.114734954833984375e+02
2.707485027313232422e+02 1.347122192382812500e+02 4.658197402954101562e+01 1.112960968017578125e+02
2.760746459960937500e+02 1.371603126525878906e+02 4.481903076171875000e+01 1.083349075317382812e+02
2.810329437255859375e+02 1.386095733642578125e+02 4.392980957031250000e+01 1.058231048583984375e+02
2.880625591278076172e+02 1.398030128479003906e+02 4.294104385375976562e+01 1.029888381958007812e+02
2.917257366180419922e+02 1.337951507568359375e+02 4.389014053344726562e+01 1.095931549072265625e+02
2.933440265655517578e+02 1.309707794189453125e+02 4.508785629272460938e+01 1.134829559326171875e+02
2.961887512207031250e+02 1.283665885925292969e+02 4.786541748046875000e+01 1.162857589721679688e+02
2.980452575683593750e+02 1.266117248535156250e+02 4.808969116210937500e+01 1.181086578369140625e+02
3.015217742919921875e+02 1.283728256225585938e+02 5.037805175781250000e+01 1.160023498535156250e+02
3.047630100250244141e+02 1.286991844177246094e+02 5.114759445190429688e+01 1.149948043823242188e+02
3.105141735076904297e+02 1.298002662658691406e+02 4.789688491821289062e+01 1.144664077758789062e+02
3.142963943481445312e+02 1.336786918640136719e+02 4.584266662597656250e+01 1.094673690795898438e+02
3.165803241729736328e+02 1.294992065429687500e+02 4.861101913452148438e+01 1.139389801025390625e+02
3.186813812255859375e+02 1.298733596801757812e+02 4.746456909179687500e+01 1.137579345703125000e+02
3.218854503631591797e+02 1.294614334106445312e+02 4.659155654907226562e+01 1.131798095703125000e+02
3.254958229064941406e+02 1.296059265136718750e+02 4.420806121826171875e+01 1.119908905029296875e+02
3.280901775360107422e+02 1.316676597595214844e+02 4.539505386352539062e+01 1.082622909545898438e+02
3.322271747589111328e+02 1.326227493286132812e+02 4.519549179077148438e+01 1.076221618652343750e+02
3.352253398895263672e+02 1.336746978759765625e+02 4.307495498657226562e+01 1.063510284423828125e+02
3.377081604003906250e+02 1.343178596496582031e+02 4.449050903320312500e+01 1.056511306762695312e+02
3.416566677093505859e+02 1.338266525268554688e+02 4.206209182739257812e+01 1.053153076171875000e+02
3.469043731689453125e+02 1.328557395935058594e+02 4.023507690429687500e+01 1.060786972045898438e+02
3.521811046600341797e+02 1.339977645874023438e+02 3.663901138305664062e+01 1.055670166015625000e+02
3.524869155883789062e+02 1.344377555847167969e+02 3.728121948242187500e+01 1.047513198852539062e+02
3.535402259826660156e+02 1.332235641479492188e+02 3.975800323486328125e+01 1.037291107177734375e+02
3.546278343200683594e+02 1.325182380676269531e+02 4.125322723388671875e+01 1.049819564819335938e+02
3.588130435943603516e+02 1.332371101379394531e+02 4.044149398803710938e+01 1.041587448120117188e+02
3.603069725036621094e+02 1.335768241882324219e+02 4.058699798583984375e+01 1.036630630493164062e+02
3.617248954772949219e+02 1.356476936340332031e+02 4.092009735107421875e+01 1.014946517944335938e+02
3.638513259887695312e+02 1.375657272338867188e+02 4.139001464843750000e+01 9.869334411621093750e+01
3.653609046936035156e+02 1.386635093688964844e+02 3.938043975830078125e+01 9.705463409423828125e+01
3.677074909210205078e+02 1.444424667358398438e+02 3.879795455932617188e+01 9.089230346679687500e+01
3.701623592376708984e+02 1.369848175048828125e+02 3.705475234985351562e+01 9.806341552734375000e+01
3.710338745117187500e+02 1.359468612670898438e+02 3.947021484375000000e+01 9.822439575195312500e+01
3.726207942962646484e+02 1.377176475524902344e+02 3.842656326293945312e+01 9.553398895263671875e+01
3.739674739837646484e+02 1.418470840454101562e+02 3.957043838500976562e+01 9.180111694335937500e+01
3.765946788787841797e+02 1.442650794982910156e+02 3.795366287231445312e+01 8.827074432373046875e+01
3.766883087158203125e+02 1.434317512512207031e+02 3.864732360839843750e+01 8.957991790771484375e+01
3.799856548309326172e+02 1.431511230468750000e+02 3.728142166137695312e+01 8.921226501464843750e+01
3.817919807434082031e+02 1.430173454284667969e+02 3.828037261962890625e+01 8.826342010498046875e+01
3.853006668090820312e+02 1.388355751037597656e+02 3.596456909179687500e+01 9.308667755126953125e+01
3.878217296600341797e+02 1.517662925720214844e+02 3.346191787719726562e+01 8.276390838623046875e+01
3.886030521392822266e+02 1.489645195007324219e+02 3.036570358276367188e+01 8.319631195068359375e+01
3.883433189392089844e+02 1.411364326477050781e+02 3.525859832763671875e+01 8.862458038330078125e+01
3.899491500854492188e+02 1.375098991394042969e+02 3.670985412597656250e+01 9.248966217041015625e+01
3.907833766937255859e+02 1.509116287231445312e+02 3.343393325805664062e+01 7.955207824707031250e+01
3.912775058746337891e+02 1.404467163085937500e+02 3.588898849487304688e+01 8.985824584960937500e+01
3.923774375915527344e+02 1.412874984741210938e+02 3.484342193603515625e+01 8.818899536132812500e+01
3.932746410369873047e+02 1.457382469177246094e+02 3.273642349243164062e+01 8.302457427978515625e+01
3.940533523559570312e+02 1.430711059570312500e+02 3.422903442382812500e+01 8.605258178710937500e+01
3.951298007965087891e+02 1.409922027587890625e+02 3.230668258666992188e+01 8.798583984375000000e+01
3.957417030334472656e+02 1.410414199829101562e+02 3.242957305908203125e+01 8.744526672363281250e+01
3.956776809692382812e+02 1.404834480285644531e+02 3.369779968261718750e+01 8.652472686767578125e+01
3.953572959899902344e+02 1.392633171081542969e+02 3.424680328369140625e+01 8.708997344970703125e+01
3.955121879577636719e+02 1.392559890747070312e+02 3.357448577880859375e+01 8.863690185546875000e+01
3.954635257720947266e+02 1.419187545776367188e+02 3.332207870483398438e+01 8.433724975585937500e+01
3.960741615295410156e+02 1.544669303894042969e+02 3.200235748291015625e+01 7.261898040771484375e+01
3.966108913421630859e+02 1.506361808776855469e+02 3.104375076293945312e+01 7.524773406982421875e+01
3.992064027786254883e+02 1.444689331054687500e+02 2.993344688415527344e+01 8.180284118652343750e+01
3.998282527923583984e+02 1.409234313964843750e+02 3.198480606079101562e+01 8.621757507324218750e+01
4.025358791351318359e+02 1.402827796936035156e+02 3.114583206176757812e+01 8.379505157470703125e+01
4.013231344223022461e+02 1.414202423095703125e+02 3.102864265441894531e+01 8.183647155761718750e+01
4.017232065200805664e+02 1.410981712341308594e+02 3.194723320007324219e+01 8.297437286376953125e+01
4.019760313034057617e+02 1.392574958801269531e+02 3.057911109924316406e+01 8.378293609619140625e+01
4.020423545837402344e+02 1.417253074645996094e+02 3.015644073486328125e+01 8.219756317138671875e+01
4.023320055007934570e+02 1.419723548889160156e+02 3.044257164001464844e+01 8.198175811767578125e+01
4.009975957870483398e+02 1.419654502868652344e+02 3.020001411437988281e+01 8.109590911865234375e+01
4.020185050964355469e+02 1.400081367492675781e+02 3.010240936279296875e+01 8.278887176513671875e+01
4.014188947677612305e+02 1.381804885864257812e+02 3.038582801818847656e+01 8.472315979003906250e+01
4.016521625518798828e+02 1.369065704345703125e+02 2.956672286987304688e+01 8.541584777832031250e+01
4.015693960189819336e+02 1.366726188659667969e+02 2.922177314758300781e+01 8.379708099365234375e+01
4.004935903549194336e+02 1.388971977233886719e+02 2.909091377258300781e+01 8.223436737060546875e+01
3.986670980453491211e+02 1.389247207641601562e+02 3.091607856750488281e+01 8.250205993652343750e+01
3.966543798446655273e+02 1.413861885070800781e+02 3.169485664367675781e+01 8.189452362060546875e+01
3.956294746398925781e+02 1.401518478393554688e+02 3.267398834228515625e+01 8.231990051269531250e+01
3.963638372421264648e+02 1.378824844360351562e+02 3.086194038391113281e+01 8.399096679687500000e+01
3.972778062820434570e+02 1.388726577758789062e+02 2.822311973571777344e+01 8.273318481445312500e+01
3.963140068054199219e+02 1.390833549499511719e+02 2.914983367919921875e+01 8.058762359619140625e+01
3.944455528259277344e+02 1.388499755859375000e+02 2.935962677001953125e+01 8.091156005859375000e+01
3.943544607162475586e+02 1.384997138977050781e+02 2.788678169250488281e+01 8.051377105712890625e+01
3.946680440902709961e+02 1.373562431335449219e+02 2.799711799621582031e+01 8.040718841552734375e+01
3.929975528717041016e+02 1.393033866882324219e+02 2.798954391479492188e+01 7.846198272705078125e+01
3.919679222106933594e+02 1.401686325073242188e+02 2.760260772705078125e+01 7.712950134277343750e+01
3.907337322235107422e+02 1.424952468872070312e+02 2.775972366333007812e+01 7.671768188476562500e+01
3.890482053756713867e+02 1.449549484252929688e+02 2.706562232971191406e+01 7.342579650878906250e+01
3.898207798004150391e+02 1.434692344665527344e+02 2.527822494506835938e+01 7.422502899169921875e+01
3.904450044631958008e+02 1.419466552734375000e+02 2.431535911560058594e+01 7.417732238769531250e+01
3.903049993515014648e+02 1.384978942871093750e+02 2.331828498840332031e+01 7.923153686523437500e+01
3.887926902770996094e+02 1.385713310241699219e+02 2.457176971435546875e+01 7.864098358154296875e+01
3.874038753509521484e+02 1.357156982421875000e+02 2.576559829711914062e+01 8.169760131835937500e+01
3.862528858184814453e+02 1.377107925415039062e+02 2.648521041870117188e+01 7.929733276367187500e+01
3.853424711227416992e+02 1.402011718750000000e+02 2.605751991271972656e+01 7.719001770019531250e+01
3.831213245391845703e+02 1.413252983093261719e+02 2.595824813842773438e+01 7.454186248779296875e+01
3.805954179763793945e+02 1.413258209228515625e+02 2.588196372985839844e+01 7.369984436035156250e+01
3.783463153839111328e+02 1.410285110473632812e+02 2.625451278686523438e+01 7.406404113769531250e+01
3.779591054916381836e+02 1.409661331176757812e+02 2.440426826477050781e+01 7.386083984375000000e+01
3.756068210601806641e+02 1.385318756103515625e+02 2.522155380249023438e+01 7.566706848144531250e+01
3.746971378326416016e+02 1.371254806518554688e+02 2.522079086303710938e+01 7.817300415039062500e+01
3.737438926696777344e+02 1.386893577575683594e+02 2.577706146240234375e+01 7.700563812255859375e+01
3.719508266448974609e+02 1.375938720703125000e+02 2.556625747680664062e+01 7.706483459472656250e+01
3.703902740478515625e+02 1.370324172973632812e+02 2.570043945312500000e+01 7.744198608398437500e+01
3.693667078018188477e+02 1.366944160461425781e+02 2.474333000183105469e+01 7.853212738037109375e+01
3.689762163162231445e+02 1.398602828979492188e+02 2.270470237731933594e+01 7.510179138183593750e+01
3.675736122131347656e+02 1.409162330627441406e+02 2.206877899169921875e+01 7.471375274658203125e+01
3.667821941375732422e+02 1.401100120544433594e+02 2.145723342895507812e+01 7.295059967041015625e+01
3.652782745361328125e+02 1.389050788879394531e+02 2.282743835449218750e+01 7.471021270751953125e+01
3.630375871658325195e+02 1.365923118591308594e+02 2.410263633728027344e+01 7.701821136474609375e+01
3.593881692886352539e+02 1.350637359619140625e+02 2.620428276062011719e+01 7.866236877441406250e+01
3.559169368743896484e+02 1.356445999145507812e+02 3.098134231567382812e+01 7.933239746093750000e+01
3.540666151046752930e+02 1.346624221801757812e+02 3.080863380432128906e+01 7.861990356445312500e+01
3.536556406021118164e+02 1.364828071594238281e+02 2.982641410827636719e+01 7.790329742431640625e+01
3.526859226226806641e+02 1.373166885375976562e+02 2.696592330932617188e+01 7.533665466308593750e+01
3.510673713684082031e+02 1.386297454833984375e+02 2.524027252197265625e+01 7.393501281738281250e+01
3.484388599395751953e+02 1.387396926879882812e+02 2.444097518920898438e+01 7.396846008300781250e+01
3.461464262008666992e+02 1.399485359191894531e+02 2.399045753479003906e+01 7.151961517333984375e+01
3.442661952972412109e+02 1.379507904052734375e+02 2.487466812133789062e+01 7.295756530761718750e+01
3.428860301971435547e+02 1.370923805236816406e+02 2.520428848266601562e+01 7.467407989501953125e+01
3.407444038391113281e+02 1.367175712585449219e+02 2.684317779541015625e+01 7.538336944580078125e+01
3.391481409072875977e+02 1.367643241882324219e+02 2.766511344909667969e+01 7.546474456787109375e+01
3.372767963409423828e+02 1.369330482482910156e+02 2.727544784545898438e+01 7.469995880126953125e+01
3.362480545043945312e+02 1.384532699584960938e+02 2.454750061035156250e+01 7.359306335449218750e+01
3.335043258666992188e+02 1.389272651672363281e+02 2.333279418945312500e+01 7.199378204345703125e+01
3.318089532852172852e+02 1.400699653625488281e+02 2.302323722839355469e+01 7.125449371337890625e+01
3.300400352478027344e+02 1.412247581481933594e+02 2.283878326416015625e+01 6.905370330810546875e+01
3.287893962860107422e+02 1.398899269104003906e+02 2.411696243286132812e+01 7.067102813720703125e+01
3.276147480010986328e+02 1.381254043579101562e+02 2.515353012084960938e+01 7.269891357421875000e+01
3.256066598892211914e+02 1.388666076660156250e+02 2.622529411315917969e+01 7.174822998046875000e+01
3.228157815933227539e+02 1.385121040344238281e+02 2.825198173522949219e+01 7.095333099365234375e+01
3.216534538269042969e+02 1.385343742370605469e+02 2.832741546630859375e+01 7.147132110595703125e+01
3.193768978118896484e+02 1.391200027465820312e+02 2.725056838989257812e+01 7.141534423828125000e+01
3.161661338806152344e+02 1.399247817993164062e+02 2.629975128173828125e+01 6.990377807617187500e+01
3.145340328216552734e+02 1.400306243896484375e+02 2.499045181274414062e+01 6.908924865722656250e+01
3.118982057571411133e+02 1.407069778442382812e+02 2.299786949157714844e+01 6.818360900878906250e+01
3.078910684585571289e+02 1.398809356689453125e+02 2.385961723327636719e+01 6.891619873046875000e+01
3.073757009506225586e+02 1.395291595458984375e+02 2.412193489074707031e+01 6.857128906250000000e+01
3.036598663330078125e+02 1.395607910156250000e+02 2.729389953613281250e+01 6.897502136230468750e+01
3.019330873489379883e+02 1.394400825500488281e+02 2.776341819763183594e+01 6.916664886474609375e+01
2.999491081237792969e+02 1.393142395019531250e+02 2.729920196533203125e+01 6.915182495117187500e+01
2.976795110702514648e+02 1.401898994445800781e+02 2.544046211242675781e+01 6.813785552978515625e+01
2.963401660919189453e+02 1.416804122924804688e+02 2.326040267944335938e+01 6.671801757812500000e+01
2.952449979782104492e+02 1.436401958465576172e+02 2.101345252990722656e+01 6.377107620239257812e+01
2.931902742385864258e+02 1.436768550872802734e+02 2.085063743591308594e+01 6.296104812622070312e+01
2.910995950698852539e+02 1.440315055847167969e+02 2.300193595886230469e+01 6.189855194091796875e+01
2.886906204223632812e+02 1.430666427612304688e+02 2.448980712890625000e+01 6.325552368164062500e+01
2.851856641769409180e+02 1.409225540161132812e+02 2.739595985412597656e+01 6.441937255859375000e+01
2.835069379806518555e+02 1.387516555786132812e+02 2.896418190002441406e+01 6.779544067382812500e+01
2.825362272262573242e+02 1.383653526306152344e+02 2.804915809631347656e+01 6.864929962158203125e+01
2.800914688110351562e+02 1.383560218811035156e+02 2.681961059570312500e+01 6.902361297607421875e+01
2.781218595504760742e+02 1.390723953247070312e+02 2.664112281799316406e+01 6.854046630859375000e+01
2.773454446792602539e+02 1.394279899597167969e+02 2.226663017272949219e+01 6.730104827880859375e+01
2.751092643737792969e+02 1.386100883483886719e+02 2.062104034423828125e+01 6.693633270263671875e+01
2.711875839233398438e+02 1.417011852264404297e+02 2.086280822753906250e+01 6.377014541625976562e+01
2.670708942413330078e+02 1.390334243774414062e+02 2.291868209838867188e+01 6.605679321289062500e+01
2.658699235916137695e+02 1.400989112854003906e+02 2.407430076599121094e+01 6.484311676025390625e+01
2.654268636703491211e+02 1.408331069946289062e+02 2.498439216613769531e+01 6.444204711914062500e+01
2.646679229736328125e+02 1.389553985595703125e+02 2.433094787597656250e+01 6.619128417968750000e+01
2.634236135482788086e+02 1.384564056396484375e+02 2.271750068664550781e+01 6.653437805175781250e+01
2.612343368530273438e+02 1.444001884460449219e+02 2.107153320312500000e+01 6.041515350341796875e+01
2.599014177322387695e+02 1.401754188537597656e+02 1.921648216247558594e+01 6.495577239990234375e+01
2.557745676040649414e+02 1.399183158874511719e+02 1.959983634948730469e+01 6.471195220947265625e+01
2.532819061279296875e+02 1.408893489837646484e+02 1.904402160644531250e+01 6.239046096801757812e+01
2.514256849288940430e+02 1.454876823425292969e+02 2.119469642639160156e+01 5.844454193115234375e+01
2.482654628753662109e+02 1.437886524200439453e+02 2.293465042114257812e+01 6.064207077026367188e+01
2.441681423187255859e+02 1.430921287536621094e+02 2.596902847290039062e+01 6.171817779541015625e+01
2.320702285766601562e+02 1.422505035400390625e+02 3.151724243164062500e+01 6.284970092773437500e+01
1.747368316650390625e+02 1.322811317443847656e+02 4.799374389648437500e+01 1.125983657836914062e+02
1.759813518524169922e+02 1.337415657043457031e+02 5.815130996704101562e+01 1.126563796997070312e+02
1.808400173187255859e+02 1.329607467651367188e+02 6.061720657348632812e+01 1.169483032226562500e+02
1.903133907318115234e+02 1.285768623352050781e+02 6.066209793090820312e+01 1.224712600708007812e+02
2.061547203063964844e+02 1.327187805175781250e+02 4.726520538330078125e+01 1.183625030517578125e+02
2.165098114013671875e+02 1.353533325195312500e+02 3.828665161132812500e+01 1.146171112060546875e+02
2.234045715332031250e+02 1.374311790466308594e+02 3.821374511718750000e+01 1.101455612182617188e+02
2.263904628753662109e+02 1.355193290710449219e+02 4.084114456176757812e+01 1.112719345092773438e+02
2.270045623779296875e+02 1.358588790893554688e+02 4.758480834960937500e+01 1.095102539062500000e+02
2.328053665161132812e+02 1.348568840026855469e+02 4.970002746582031250e+01 1.093141403198242188e+02
2.403651828765869141e+02 1.319251136779785156e+02 5.040827560424804688e+01 1.118324050903320312e+02
2.486980438232421875e+02 1.314953842163085938e+02 4.916143798828125000e+01 1.134236450195312500e+02
2.598245372772216797e+02 1.313914756774902344e+02 4.037332534790039062e+01 1.145508651733398438e+02
2.683694572448730469e+02 1.354511184692382812e+02 3.599985504150390625e+01 1.129399414062500000e+02
2.793121509552001953e+02 1.370763664245605469e+02 3.363439559936523438e+01 1.092703933715820312e+02
2.843976116180419922e+02 1.383444747924804688e+02 3.402202224731445312e+01 1.076737823486328125e+02
2.867408103942871094e+02 1.349772796630859375e+02 4.035224151611328125e+01 1.108330078125000000e+02
2.907611827850341797e+02 1.356437225341796875e+02 4.611447525024414062e+01 1.073248596191406250e+02
2.932565956115722656e+02 1.373752670288085938e+02 5.450691986083984375e+01 1.040392913818359375e+02
2.977514514923095703e+02 1.376125030517578125e+02 5.734261703491210938e+01 1.058769226074218750e+02
3.033303298950195312e+02 1.371191215515136719e+02 5.433894348144531250e+01 1.063522720336914062e+02
3.113461246490478516e+02 1.365946922302246094e+02 4.616312789916992188e+01 1.078893203735351562e+02
3.226195468902587891e+02 1.367580490112304688e+02 3.822568893432617188e+01 1.076005401611328125e+02
3.304937191009521484e+02 1.389216003417968750e+02 3.659502029418945312e+01 1.041707458496093750e+02
3.318993110656738281e+02 1.383610649108886719e+02 4.048618316650390625e+01 1.033810501098632812e+02
3.360594348907470703e+02 1.371543617248535156e+02 4.068455123901367188e+01 1.030895004272460938e+02
3.418723812103271484e+02 1.367357673645019531e+02 4.118970108032226562e+01 1.003684310913085938e+02
3.466109867095947266e+02 1.354905014038085938e+02 4.194375228881835938e+01 1.004179382324218750e+02
3.522817134857177734e+02 1.348011093139648438e+02 3.916220474243164062e+01 1.022214660644531250e+02
3.571755943298339844e+02 1.350860900878906250e+02 3.818874359130859375e+01 1.032093048095703125e+02
3.642777843475341797e+02 1.380649719238281250e+02 3.519285964965820312e+01 1.001338500976562500e+02
3.681567935943603516e+02 1.392885398864746094e+02 3.386889266967773438e+01 9.865534210205078125e+01
3.740928039550781250e+02 1.388790779113769531e+02 3.249897766113281250e+01 9.850177764892578125e+01
3.787108554840087891e+02 1.381149826049804688e+02 3.427935409545898438e+01 9.820606994628906250e+01
3.822292594909667969e+02 1.391311111450195312e+02 3.691790008544921875e+01 9.127415466308593750e+01
3.857367362976074219e+02 1.387109298706054688e+02 3.713614654541015625e+01 9.423246765136718750e+01
3.884830532073974609e+02 1.390762443542480469e+02 3.722880935668945312e+01 9.477872467041015625e+01
3.916586036682128906e+02 1.397075614929199219e+02 3.484163665771484375e+01 9.503949737548828125e+01
3.936815357208251953e+02 1.415913887023925781e+02 3.272787094116210938e+01 9.184786224365234375e+01
3.953054561614990234e+02 1.412515068054199219e+02 3.257451248168945312e+01 9.207038116455078125e+01
3.962061986923217773e+02 1.420373001098632812e+02 3.171519660949707031e+01 9.146792602539062500e+01
3.972741003036499023e+02 1.416894683837890625e+02 3.170674324035644531e+01 8.925538635253906250e+01
3.982131843566894531e+02 1.398741302490234375e+02 3.181952667236328125e+01 9.100065612792968750e+01
4.008932266235351562e+02 1.384560394287109375e+02 3.133734130859375000e+01 9.108927917480468750e+01
4.013493289947509766e+02 1.381192207336425781e+02 3.201996994018554688e+01 8.863314056396484375e+01
4.038703145980834961e+02 1.389149131774902344e+02 3.167259407043457031e+01 9.033750152587890625e+01
4.044302272796630859e+02 1.415581970214843750e+02 3.250403213500976562e+01 8.687921142578125000e+01
4.057975254058837891e+02 1.432832527160644531e+02 3.277701950073242188e+01 8.519498443603515625e+01
4.071133594512939453e+02 1.437520790100097656e+02 3.291692733764648438e+01 8.123047637939453125e+01
4.084839706420898438e+02 1.418229103088378906e+02 3.336621093750000000e+01 8.410173797607421875e+01
4.099300079345703125e+02 1.411388397216796875e+02 3.243962097167968750e+01 8.482849121093750000e+01
4.111310682296752930e+02 1.402524375915527344e+02 3.122634315490722656e+01 8.565700531005859375e+01
4.110827798843383789e+02 1.402765731811523438e+02 3.082569694519042969e+01 8.312632751464843750e+01
4.102884559631347656e+02 1.407613983154296875e+02 3.111524200439453125e+01 8.222705078125000000e+01
4.109185886383056641e+02 1.417813911437988281e+02 3.033983993530273438e+01 8.142310333251953125e+01
4.105468120574951172e+02 1.435663604736328125e+02 3.003659439086914062e+01 8.038195800781250000e+01
4.114421243667602539e+02 1.452182617187500000e+02 2.838323783874511719e+01 7.891824340820312500e+01
4.104442853927612305e+02 1.460576667785644531e+02 2.795357704162597656e+01 7.730344390869140625e+01
4.103664369583129883e+02 1.446962966918945312e+02 2.845517539978027344e+01 7.812777709960937500e+01
4.097895889282226562e+02 1.453107376098632812e+02 2.860557556152343750e+01 7.737059020996093750e+01
4.086408662796020508e+02 1.429857597351074219e+02 2.947258567810058594e+01 7.965116119384765625e+01
4.077470331192016602e+02 1.426791381835937500e+02 3.074317741394042969e+01 7.726568603515625000e+01
4.047133588790893555e+02 1.416032791137695312e+02 3.120180702209472656e+01 7.708276367187500000e+01
4.035233840942382812e+02 1.428519592285156250e+02 3.129266357421875000e+01 7.617204284667968750e+01
4.022581472396850586e+02 1.463444442749023438e+02 3.099106025695800781e+01 7.186877441406250000e+01
4.011130390167236328e+02 1.480378036499023438e+02 2.947095870971679688e+01 6.858683776855468750e+01
3.987925910949707031e+02 1.484914245605468750e+02 2.926047515869140625e+01 6.993069458007812500e+01
3.955235910415649414e+02 1.469398536682128906e+02 3.099995231628417969e+01 6.928301239013671875e+01
3.932969121932983398e+02 1.448902473449707031e+02 3.190083503723144531e+01 7.035236358642578125e+01
3.914350452423095703e+02 1.439250221252441406e+02 3.085929489135742188e+01 7.284864044189453125e+01
3.884350633621215820e+02 1.443357124328613281e+02 3.170334434509277344e+01 7.126129913330078125e+01
3.851553287506103516e+02 1.452009582519531250e+02 3.138866806030273438e+01 6.748768615722656250e+01
3.846187152862548828e+02 1.448722648620605469e+02 2.769121932983398438e+01 7.139469146728515625e+01
3.822059936523437500e+02 1.464743061065673828e+02 2.449391174316406250e+01 6.195405197143554688e+01
3.803011360168457031e+02 1.485240287780761719e+02 2.303411102294921875e+01 6.523606109619140625e+01
3.775976257324218750e+02 1.471148872375488281e+02 2.476069641113281250e+01 6.707874298095703125e+01
3.744886732101440430e+02 1.447497291564941406e+02 2.913915443420410156e+01 6.896543121337890625e+01
3.702172527313232422e+02 1.442733345031738281e+02 3.028949356079101562e+01 6.908591461181640625e+01
3.681950578689575195e+02 1.430104255676269531e+02 3.081416893005371094e+01 7.056636810302734375e+01
3.638420667648315430e+02 1.420703620910644531e+02 3.104729652404785156e+01 7.109189605712890625e+01
3.598023633956909180e+02 1.456029243469238281e+02 3.087055397033691406e+01 6.626813507080078125e+01
3.562482061386108398e+02 1.458224067687988281e+02 2.554974555969238281e+01 6.648461151123046875e+01
3.543040714263916016e+02 1.485456676483154297e+02 2.453811264038085938e+01 5.952399063110351562e+01
3.515063152313232422e+02 1.489642314910888672e+02 2.426456069946289062e+01 6.097209548950195312e+01
3.456022987365722656e+02 1.481323490142822266e+02 2.622380828857421875e+01 6.212070846557617188e+01
3.404934482574462891e+02 1.469681186676025391e+02 2.992205429077148438e+01 6.304810714721679688e+01
3.396474208831787109e+02 1.455921440124511719e+02 3.054880142211914062e+01 6.471231842041015625e+01
3.346627845764160156e+02 1.435539627075195312e+02 2.905664825439453125e+01 6.569313049316406250e+01
3.324270420074462891e+02 1.452387866973876953e+02 2.956093978881835938e+01 6.384309005737304688e+01
3.295010662078857422e+02 1.464819335937500000e+02 2.707765579223632812e+01 6.145410156250000000e+01
3.258441448211669922e+02 1.466397228240966797e+02 2.219562149047851562e+01 6.135200881958007812e+01
3.230795135498046875e+02 1.480413188934326172e+02 2.246392822265625000e+01 5.629864883422851562e+01
3.204103584289550781e+02 1.470750732421875000e+02 2.129154205322265625e+01 5.952212524414062500e+01
3.156162328720092773e+02 1.478537254333496094e+02 2.407228279113769531e+01 5.927561187744140625e+01
3.097437057495117188e+02 1.466749553680419922e+02 3.003530883789062500e+01 6.048956680297851562e+01
3.024789657592773438e+02 1.437964382171630859e+02 3.313793945312500000e+01 6.309657669067382812e+01
3.002349243164062500e+02 1.440434875488281250e+02 3.345210266113281250e+01 6.180404663085937500e+01
2.966439266204833984e+02 1.450566406250000000e+02 3.316197586059570312e+01 6.057786560058593750e+01
2.957517662048339844e+02 1.472429180145263672e+02 2.948426055908203125e+01 5.817192459106445312e+01
2.919805488586425781e+02 1.494986171722412109e+02 2.596617889404296875e+01 5.416043472290039062e+01
2.875208597183227539e+02 1.478079338073730469e+02 2.357343864440917969e+01 5.439087677001953125e+01
2.837646083831787109e+02 1.486584625244140625e+02 2.135220718383789062e+01 5.662213134765625000e+01
2.811921625137329102e+02 1.472545604705810547e+02 2.284066581726074219e+01 5.751492691040039062e+01
2.761338624954223633e+02 1.465003337860107422e+02 2.482124900817871094e+01 5.752064895629882812e+01
2.699276409149169922e+02 1.465251617431640625e+02 2.686955642700195312e+01 5.647781372070312500e+01
2.672725524902343750e+02 1.441660003662109375e+02 2.931611633300781250e+01 5.932659912109375000e+01
2.630509700775146484e+02 1.437066707611083984e+02 3.030725479125976562e+01 5.997475051879882812e+01
2.588647975921630859e+02 1.459532756805419922e+02 2.527780532836914062e+01 5.870499038696289062e+01
2.565846099853515625e+02 1.468831195831298828e+02 2.337136840820312500e+01 5.691512680053710938e+01
2.501851730346679688e+02 1.472590274810791016e+02 2.015844726562500000e+01 5.729122543334960938e+01
2.457945661544799805e+02 1.463023204803466797e+02 2.099488258361816406e+01 5.663284683227539062e+01
2.407733535766601562e+02 1.456368560791015625e+02 2.344880676269531250e+01 5.705018615722656250e+01
2.370271434783935547e+02 1.446036167144775391e+02 2.669011306762695312e+01 5.769953536987304688e+01
2.327549972534179688e+02 1.458887996673583984e+02 2.771810913085937500e+01 5.701146316528320312e+01
2.245532112121582031e+02 1.421746063232421875e+02 3.182056427001953125e+01 6.103660583496093750e+01
2.195906562805175781e+02 1.458733673095703125e+02 3.492334747314453125e+01 5.590664672851562500e+01
1.610413608551025391e+02 1.386481094360351562e+02 3.088913726806640625e+01 9.134304809570312500e+01
1.496182956695556641e+02 1.395594825744628906e+02 4.044530487060546875e+01 8.874146270751953125e+01
1.614500045776367188e+02 1.363039436340332031e+02 3.481866073608398438e+01 9.113675689697265625e+01
1.719282169342041016e+02 1.301137733459472656e+02 3.304222869873046875e+01 9.752805328369140625e+01
1.767822303771972656e+02 1.318889007568359375e+02 4.289329910278320312e+01 9.732595825195312500e+01
1.752227668762207031e+02 1.284264411926269531e+02 4.485374832153320312e+01 9.983866119384765625e+01
1.781087036132812500e+02 1.296095581054687500e+02 4.675063705444335938e+01 9.855671691894531250e+01
1.809424724578857422e+02 1.300454940795898438e+02 5.119311523437500000e+01 9.777078247070312500e+01
1.828429393768310547e+02 1.341533126831054688e+02 4.993408203125000000e+01 9.618408203125000000e+01
1.903585319519042969e+02 1.345904159545898438e+02 4.546597671508789062e+01 9.827529907226562500e+01
2.050372333526611328e+02 1.295619468688964844e+02 3.783394622802734375e+01 1.006032333374023438e+02
2.156861381530761719e+02 1.312619323730468750e+02 3.192590713500976562e+01 9.701033020019531250e+01
2.199154872894287109e+02 1.305286026000976562e+02 3.267237854003906250e+01 9.734881591796875000e+01
2.200952033996582031e+02 1.296605834960937500e+02 3.665459060668945312e+01 9.954156494140625000e+01
2.235386753082275391e+02 1.316831626892089844e+02 4.105353546142578125e+01 9.904785919189453125e+01
2.291947193145751953e+02 1.275829353332519531e+02 4.451619720458984375e+01 9.982074737548828125e+01
2.310385799407958984e+02 1.294040145874023438e+02 5.075102233886718750e+01 9.803594970703125000e+01
2.367585124969482422e+02 1.307587585449218750e+02 4.859991455078125000e+01 9.902165222167968750e+01
2.441959037780761719e+02 1.306864395141601562e+02 4.704257583618164062e+01 9.986117553710937500e+01
2.539513931274414062e+02 1.302582969665527344e+02 4.059437179565429688e+01 1.005212631225585938e+02
2.634747352600097656e+02 1.342115669250488281e+02 3.523784255981445312e+01 9.519709014892578125e+01
2.676922874450683594e+02 1.296829109191894531e+02 3.622479629516601562e+01 9.642671966552734375e+01
2.720596981048583984e+02 1.335247039794921875e+02 3.716912841796875000e+01 9.521449279785156250e+01
2.734144210815429688e+02 1.323011970520019531e+02 3.991834640502929688e+01 9.643000030517578125e+01
2.770884513854980469e+02 1.339205780029296875e+02 4.500903701782226562e+01 9.480372619628906250e+01
2.814844856262207031e+02 1.294822082519531250e+02 4.725279617309570312e+01 9.907402038574218750e+01
2.890697364807128906e+02 1.386634635925292969e+02 4.110362625122070312e+01 9.065010833740234375e+01
2.958414134979248047e+02 1.332086677551269531e+02 3.827896118164062500e+01 9.700514984130859375e+01
3.027374401092529297e+02 1.328783683776855469e+02 3.693029785156250000e+01 9.567272186279296875e+01
3.062240295410156250e+02 1.340755729675292969e+02 3.729334640502929688e+01 9.380229949951171875e+01
3.150852813720703125e+02 1.367475395202636719e+02 3.345127487182617188e+01 9.118317413330078125e+01
3.173537693023681641e+02 1.339834518432617188e+02 3.552986907958984375e+01 9.288418579101562500e+01
3.195758895874023438e+02 1.339294776916503906e+02 3.880546188354492188e+01 9.321952056884765625e+01
3.233340721130371094e+02 1.321396865844726562e+02 4.302212905883789062e+01 9.445109558105468750e+01
3.267273025512695312e+02 1.327354164123535156e+02 4.538578414916992188e+01 9.364948272705078125e+01
3.304704208374023438e+02 1.377863121032714844e+02 4.457999801635742188e+01 8.841283416748046875e+01
3.351184329986572266e+02 1.353545188903808594e+02 4.037564849853515625e+01 9.300045013427734375e+01
3.376425476074218750e+02 1.390519256591796875e+02 3.938203048706054688e+01 8.757353210449218750e+01
3.402204933166503906e+02 1.368681907653808594e+02 3.783781814575195312e+01 8.981822967529296875e+01
3.446210536956787109e+02 1.362911376953125000e+02 3.461445617675781250e+01 9.092419433593750000e+01
3.467056350708007812e+02 1.356995468139648438e+02 3.426626205444335938e+01 9.036268615722656250e+01
3.496745338439941406e+02 1.349640541076660156e+02 3.360387039184570312e+01 9.009493255615234375e+01
3.504281711578369141e+02 1.335524711608886719e+02 3.560303497314453125e+01 8.957022857666015625e+01
3.531787796020507812e+02 1.328703956604003906e+02 3.635441207885742188e+01 8.950420379638671875e+01
3.545946292877197266e+02 1.326625175476074219e+02 3.592929840087890625e+01 9.065122222900390625e+01
3.557190456390380859e+02 1.328961524963378906e+02 3.616284179687500000e+01 9.130487823486328125e+01
3.556808261871337891e+02 1.322937889099121094e+02 3.647174835205078125e+01 9.035254669189453125e+01
3.590119171142578125e+02 1.325099525451660156e+02 3.550167465209960938e+01 8.947568511962890625e+01
3.611699504852294922e+02 1.308278579711914062e+02 3.508268737792968750e+01 9.297099304199218750e+01
3.633408184051513672e+02 1.296853485107421875e+02 3.428303527832031250e+01 9.330061340332031250e+01
3.628944816589355469e+02 1.301118316650390625e+02 3.410010147094726562e+01 9.306533813476562500e+01
3.631359634399414062e+02 1.303732566833496094e+02 3.266009140014648438e+01 9.238716888427734375e+01
3.640560016632080078e+02 1.311343193054199219e+02 3.158429718017578125e+01 9.025005340576171875e+01
3.634820680618286133e+02 1.321456985473632812e+02 3.120588874816894531e+01 8.876635742187500000e+01
3.630881500244140625e+02 1.338544883728027344e+02 3.043746566772460938e+01 8.734418487548828125e+01
3.634220495223999023e+02 1.349385414123535156e+02 2.968122673034667969e+01 8.533943939208984375e+01
3.642552242279052734e+02 1.354596519470214844e+02 2.853501892089843750e+01 8.412111663818359375e+01
3.634966306686401367e+02 1.411067810058593750e+02 2.869699668884277344e+01 7.784281921386718750e+01
3.636168508529663086e+02 1.373868865966796875e+02 2.895446586608886719e+01 8.176962280273437500e+01
3.634214344024658203e+02 1.364836730957031250e+02 2.827635955810546875e+01 8.161479187011718750e+01
3.635790252685546875e+02 1.363040275573730469e+02 2.893499374389648438e+01 8.166085052490234375e+01
3.615875692367553711e+02 1.351631507873535156e+02 2.853733634948730469e+01 8.256023406982421875e+01
3.610103721618652344e+02 1.361852188110351562e+02 3.070845413208007812e+01 8.184284973144531250e+01
3.583257007598876953e+02 1.361624183654785156e+02 3.053191375732421875e+01 8.162491607666015625e+01
3.565449304580688477e+02 1.398215560913085938e+02 3.079540443420410156e+01 7.747749328613281250e+01
3.557458543777465820e+02 1.383267135620117188e+02 2.917833137512207031e+01 7.851692199707031250e+01
3.546994848251342773e+02 1.376143226623535156e+02 2.820568656921386719e+01 7.871384429931640625e+01
3.529273080825805664e+02 1.366999282836914062e+02 2.872539710998535156e+01 8.048674011230468750e+01
3.509824924468994141e+02 1.368316650390625000e+02 2.849558258056640625e+01 7.956745910644531250e+01
3.503493843078613281e+02 1.369632911682128906e+02 2.778039932250976562e+01 7.905843353271484375e+01
3.495399751663208008e+02 1.377127189636230469e+02 2.697497749328613281e+01 7.770015716552734375e+01
3.478432855606079102e+02 1.371064224243164062e+02 2.702001380920410156e+01 7.757447814941406250e+01
3.455449371337890625e+02 1.378252983093261719e+02 2.743159103393554688e+01 7.741428375244140625e+01
3.434384937286376953e+02 1.388408584594726562e+02 2.601578521728515625e+01 7.607713317871093750e+01
3.427464561462402344e+02 1.397912788391113281e+02 2.478448867797851562e+01 7.527977752685546875e+01
3.423822498321533203e+02 1.399749832153320312e+02 2.341533660888671875e+01 7.362414550781250000e+01
3.404101352691650391e+02 1.395143203735351562e+02 2.551157379150390625e+01 7.446279907226562500e+01
3.387476692199707031e+02 1.376920433044433594e+02 2.610594558715820312e+01 7.629041290283203125e+01
3.367601871490478516e+02 1.393408622741699219e+02 2.841184234619140625e+01 7.434104156494140625e+01
3.342008171081542969e+02 1.389799995422363281e+02 2.805235671997070312e+01 7.316208648681640625e+01
3.325473537445068359e+02 1.388877105712890625e+02 2.893077087402343750e+01 7.404324340820312500e+01
3.290467224121093750e+02 1.400082664489746094e+02 2.689176559448242188e+01 7.339353179931640625e+01
3.266967573165893555e+02 1.407937927246093750e+02 2.712564659118652344e+01 7.068328857421875000e+01
3.234323415756225586e+02 1.419757041931152344e+02 2.541584587097167969e+01 6.988597869873046875e+01
3.206074781417846680e+02 1.427105369567871094e+02 2.394563865661621094e+01 6.872280120849609375e+01
3.205078220367431641e+02 1.405302696228027344e+02 2.476540374755859375e+01 7.033571624755859375e+01
3.176869087219238281e+02 1.412483558654785156e+02 2.461906814575195312e+01 6.937891387939453125e+01
3.150073776245117188e+02 1.391027336120605469e+02 2.396863937377929688e+01 7.140464019775390625e+01
3.131322927474975586e+02 1.390425720214843750e+02 2.588155937194824219e+01 7.113566589355468750e+01
3.094386205673217773e+02 1.389733695983886719e+02 2.639541435241699219e+01 7.110442352294921875e+01
3.041225519180297852e+02 1.382545509338378906e+02 2.453127479553222656e+01 7.191031646728515625e+01
3.013510799407958984e+02 1.377216758728027344e+02 2.524191284179687500e+01 7.191295623779296875e+01
2.996417293548583984e+02 1.376499443054199219e+02 2.342619323730468750e+01 7.246961212158203125e+01
2.974501276016235352e+02 1.384898643493652344e+02 2.424834632873535156e+01 7.126276397705078125e+01
2.955414218902587891e+02 1.405862426757812500e+02 2.683838653564453125e+01 6.744569396972656250e+01
2.939326515197753906e+02 1.415309181213378906e+02 2.800220108032226562e+01 6.592769622802734375e+01
2.916313238143920898e+02 1.419000625610351562e+02 2.832699394226074219e+01 6.642514038085937500e+01
2.860012950897216797e+02 1.421547966003417969e+02 3.139627075195312500e+01 6.511795806884765625e+01
2.860295038223266602e+02 1.396775474548339844e+02 2.909670448303222656e+01 6.874721527099609375e+01
2.831983413696289062e+02 1.397945671081542969e+02 2.734826278686523438e+01 6.700472259521484375e+01
2.788178691864013672e+02 1.400150566101074219e+02 2.570237731933593750e+01 6.788405609130859375e+01
2.769674987792968750e+02 1.413883018493652344e+02 2.329049301147460938e+01 6.493509674072265625e+01
2.743136072158813477e+02 1.427644424438476562e+02 2.163533973693847656e+01 6.400491333007812500e+01
2.710505781173706055e+02 1.390956115722656250e+02 2.319597434997558594e+01 6.722508239746093750e+01
2.683680887222290039e+02 1.392441749572753906e+02 2.480260658264160156e+01 6.712157440185546875e+01
2.651452255249023438e+02 1.385295372009277344e+02 2.687691879272460938e+01 6.781957244873046875e+01
2.636785974502563477e+02 1.361580734252929688e+02 2.686454200744628906e+01 7.032975769042968750e+01
2.602070083618164062e+02 1.374069557189941406e+02 2.814048385620117188e+01 6.937642669677734375e+01
2.578461341857910156e+02 1.374116020202636719e+02 2.472854995727539062e+01 6.784687042236328125e+01
2.563803672790527344e+02 1.413859291076660156e+02 2.182298660278320312e+01 6.561783599853515625e+01
2.501070079803466797e+02 1.422125835418701172e+02 2.223857116699218750e+01 6.394809341430664062e+01
2.469374427795410156e+02 1.398585243225097656e+02 2.162810134887695312e+01 6.482610321044921875e+01
2.437269296646118164e+02 1.397199935913085938e+02 2.296598243713378906e+01 6.577615356445312500e+01
2.406275491714477539e+02 1.396168098449707031e+02 2.621424293518066406e+01 6.537625885009765625e+01
2.376060066223144531e+02 1.392781677246093750e+02 2.669490432739257812e+01 6.644267272949218750e+01
2.358232479095458984e+02 1.389335975646972656e+02 2.834156799316406250e+01 6.626549530029296875e+01
2.321569986343383789e+02 1.426805553436279297e+02 2.797066688537597656e+01 6.284704971313476562e+01
2.302112703323364258e+02 1.427707672119140625e+02 2.689038276672363281e+01 6.334082031250000000e+01
2.272117462158203125e+02 1.475153636932373047e+02 2.395450973510742188e+01 5.851008987426757812e+01
2.238143033981323242e+02 1.398666152954101562e+02 2.276918601989746094e+01 6.644892883300781250e+01
2.118107604980468750e+02 1.379625282287597656e+02 2.710593795776367188e+01 6.928849029541015625e+01
1.648419408798217773e+02 1.405005035400390625e+02 2.947804832458496094e+01 8.681524658203125000e+01
1.678080444335937500e+02 1.406017532348632812e+02 3.267064285278320312e+01 8.628413391113281250e+01
1.689448051452636719e+02 1.383475532531738281e+02 3.509510421752929688e+01 8.859372711181640625e+01
1.740687408447265625e+02 1.347632446289062500e+02 4.337546157836914062e+01 9.129962158203125000e+01
1.767072181701660156e+02 1.342952613830566406e+02 4.857955551147460938e+01 9.336826324462890625e+01
1.778894157409667969e+02 1.350569038391113281e+02 5.157487106323242188e+01 9.300638580322265625e+01
1.853163280487060547e+02 1.365787887573242188e+02 4.621329498291015625e+01 9.305795288085937500e+01
1.930709877014160156e+02 1.334713439941406250e+02 3.943001937866210938e+01 9.464775085449218750e+01
2.052909049987792969e+02 1.379544639587402344e+02 3.306830978393554688e+01 8.990703582763671875e+01
2.151061258316040039e+02 1.386862983703613281e+02 2.992016792297363281e+01 8.880016326904296875e+01
2.195185632705688477e+02 1.401842803955078125e+02 2.934184455871582031e+01 8.540861511230468750e+01
2.210014743804931641e+02 1.391490745544433594e+02 3.390248107910156250e+01 8.778514862060546875e+01
2.245750751495361328e+02 1.377703247070312500e+02 3.709065246582031250e+01 8.723036193847656250e+01
2.288330821990966797e+02 1.385437622070312500e+02 4.293192291259765625e+01 8.729510498046875000e+01
2.324750404357910156e+02 1.371682815551757812e+02 4.627160263061523438e+01 8.828918457031250000e+01
2.389290065765380859e+02 1.380514144897460938e+02 4.438280487060546875e+01 8.907626342773437500e+01
2.468165359497070312e+02 1.378695220947265625e+02 3.904622268676757812e+01 8.990235900878906250e+01
2.566496181488037109e+02 1.392563629150390625e+02 3.394084930419921875e+01 8.884771728515625000e+01
2.652542228698730469e+02 1.390939216613769531e+02 3.129561996459960938e+01 8.813172149658203125e+01
2.719409217834472656e+02 1.386506958007812500e+02 3.252630233764648438e+01 8.860487365722656250e+01
2.756111345291137695e+02 1.389589424133300781e+02 3.141463661193847656e+01 8.705272674560546875e+01
2.765411415100097656e+02 1.386293029785156250e+02 3.534801864624023438e+01 8.766900634765625000e+01
2.798552093505859375e+02 1.378471336364746094e+02 3.876707839965820312e+01 8.771553802490234375e+01
2.859714488983154297e+02 1.363430213928222656e+02 3.977526092529296875e+01 8.814196014404296875e+01
2.917425174713134766e+02 1.375060806274414062e+02 4.031497192382812500e+01 8.816726684570312500e+01
2.996680622100830078e+02 1.389768257141113281e+02 3.663917541503906250e+01 8.827468109130859375e+01
3.097275924682617188e+02 1.406465263366699219e+02 2.924888992309570312e+01 8.723720550537109375e+01
3.154976377487182617e+02 1.411771850585937500e+02 2.763702201843261719e+01 8.565203857421875000e+01
3.217256441116333008e+02 1.378931083679199219e+02 2.579519081115722656e+01 8.718791961669921875e+01
3.247548990249633789e+02 1.402203750610351562e+02 2.943068122863769531e+01 8.608401489257812500e+01
3.271287250518798828e+02 1.388102684020996094e+02 3.517817687988281250e+01 8.664745330810546875e+01
3.300134162902832031e+02 1.383121032714843750e+02 4.231365585327148438e+01 8.521728515625000000e+01
3.324485721588134766e+02 1.389373931884765625e+02 4.700845336914062500e+01 8.629827880859375000e+01
3.364292163848876953e+02 1.371422615051269531e+02 4.888243103027343750e+01 8.920987701416015625e+01
3.424230136871337891e+02 1.382727050781250000e+02 4.470706176757812500e+01 8.967448425292968750e+01
3.486353473663330078e+02 1.389562911987304688e+02 3.783772277832031250e+01 8.872674560546875000e+01
3.579429845809936523e+02 1.432467536926269531e+02 2.987506675720214844e+01 8.457247161865234375e+01
3.630094470977783203e+02 1.424261550903320312e+02 2.736643981933593750e+01 8.341372680664062500e+01
3.667472000122070312e+02 1.424032058715820312e+02 2.727029800415039062e+01 8.384109497070312500e+01
3.681122646331787109e+02 1.416598815917968750e+02 3.062924957275390625e+01 8.425033569335937500e+01
3.718408222198486328e+02 1.412825660705566406e+02 3.161592102050781250e+01 8.249985504150390625e+01
3.752164268493652344e+02 1.407654151916503906e+02 3.380839157104492188e+01 8.385529327392578125e+01
3.782040920257568359e+02 1.416258964538574219e+02 3.479593658447265625e+01 8.157711029052734375e+01
3.823162498474121094e+02 1.424850997924804688e+02 3.322825241088867188e+01 8.343411254882812500e+01
3.864314718246459961e+02 1.428170776367187500e+02 3.117214012145996094e+01 8.222647094726562500e+01
3.879788808822631836e+02 1.437839508056640625e+02 3.054614830017089844e+01 8.237663269042968750e+01
3.931459932327270508e+02 1.443952789306640625e+02 2.859427833557128906e+01 8.107894897460937500e+01
3.961546783447265625e+02 1.435352706909179688e+02 2.916693496704101562e+01 8.048088073730468750e+01
3.980770044326782227e+02 1.417954101562500000e+02 3.119389533996582031e+01 8.175028991699218750e+01
4.007457466125488281e+02 1.405261611938476562e+02 3.255323410034179688e+01 8.190502929687500000e+01
4.032423934936523438e+02 1.418350410461425781e+02 3.331554031372070312e+01 8.099782562255859375e+01
4.050001144409179688e+02 1.421645126342773438e+02 3.361398696899414062e+01 8.078756713867187500e+01
4.075604743957519531e+02 1.440849151611328125e+02 3.272373580932617188e+01 7.983277893066406250e+01
4.084323558807373047e+02 1.456346702575683594e+02 3.282549285888671875e+01 7.767693328857421875e+01
4.089916210174560547e+02 1.463155021667480469e+02 3.197541046142578125e+01 7.800276947021484375e+01
4.095614728927612305e+02 1.465777282714843750e+02 3.104386711120605469e+01 7.697917175292968750e+01
4.097704572677612305e+02 1.462688522338867188e+02 2.926580619812011719e+01 7.646206665039062500e+01
4.095828962326049805e+02 1.442664909362792969e+02 3.000509452819824219e+01 7.819152069091796875e+01
4.091353445053100586e+02 1.448299865722656250e+02 3.044545555114746094e+01 7.756916809082031250e+01
4.093383274078369141e+02 1.436125793457031250e+02 3.041319274902343750e+01 7.753694152832031250e+01
4.093530941009521484e+02 1.444656028747558594e+02 3.013832855224609375e+01 7.618067169189453125e+01
4.090736026763916016e+02 1.449507522583007812e+02 2.996562194824218750e+01 7.533360290527343750e+01
4.074462060928344727e+02 1.473991394042968750e+02 3.084585762023925781e+01 7.241818237304687500e+01
4.070864439010620117e+02 1.473552932739257812e+02 2.983036613464355469e+01 6.981176757812500000e+01
4.051759700775146484e+02 1.472355041503906250e+02 2.885169219970703125e+01 7.065962219238281250e+01
4.042798919677734375e+02 1.467185134887695312e+02 2.932536697387695312e+01 7.172111511230468750e+01
4.029474258422851562e+02 1.453031806945800781e+02 2.839583206176757812e+01 7.278752899169921875e+01
4.024115657806396484e+02 1.444991455078125000e+02 2.830606842041015625e+01 7.337503051757812500e+01
4.002351531982421875e+02 1.444527893066406250e+02 2.797998428344726562e+01 7.361869812011718750e+01
3.984888563156127930e+02 1.454595108032226562e+02 2.830450248718261719e+01 7.292420959472656250e+01
3.972621850967407227e+02 1.453366279602050781e+02 2.664479255676269531e+01 7.269016265869140625e+01
3.964064073562622070e+02 1.466507110595703125e+02 2.559304237365722656e+01 7.113676452636718750e+01
3.945034084320068359e+02 1.475804138183593750e+02 2.398415374755859375e+01 6.847813415527343750e+01
3.938058252334594727e+02 1.486063842773437500e+02 2.260659980773925781e+01 6.769714355468750000e+01
3.922861051559448242e+02 1.470019912719726562e+02 2.373841667175292969e+01 7.020126342773437500e+01
3.899027967453002930e+02 1.452086067199707031e+02 2.694657707214355469e+01 7.148256683349609375e+01
3.876982097625732422e+02 1.446351013183593750e+02 2.834520721435546875e+01 7.229638671875000000e+01
3.851160974502563477e+02 1.430215530395507812e+02 3.013224983215332031e+01 7.393032836914062500e+01
3.812408523559570312e+02 1.448791999816894531e+02 3.201486587524414062e+01 7.103047943115234375e+01
3.789854688644409180e+02 1.450246849060058594e+02 3.191387748718261719e+01 7.095610809326171875e+01
3.786360807418823242e+02 1.464457511901855469e+02 2.965926933288574219e+01 6.841526031494140625e+01
3.756791000366210938e+02 1.472870788574218750e+02 2.706476211547851562e+01 6.705291748046875000e+01
3.732559719085693359e+02 1.467210617065429688e+02 2.405719757080078125e+01 6.772389221191406250e+01
3.711672420501708984e+02 1.452352905273437500e+02 2.315341949462890625e+01 6.832209777832031250e+01
3.688744087219238281e+02 1.457838363647460938e+02 2.308308029174804688e+01 6.799920654296875000e+01
3.665653867721557617e+02 1.432845344543457031e+02 2.369228935241699219e+01 6.894345855712890625e+01
3.649814386367797852e+02 1.418617630004882812e+02 2.427995491027832031e+01 7.042860412597656250e+01
3.620885610580444336e+02 1.428242950439453125e+02 2.445676231384277344e+01 6.923709106445312500e+01
3.595731544494628906e+02 1.436501274108886719e+02 2.449699020385742188e+01 6.778141021728515625e+01
3.573921976089477539e+02 1.454316139221191406e+02 2.443780708312988281e+01 6.575493621826171875e+01
3.558710184097290039e+02 1.475660820007324219e+02 2.259883308410644531e+01 6.440628814697265625e+01
3.541251144409179688e+02 1.485500507354736328e+02 2.055723953247070312e+01 6.262604904174804688e+01
3.522098474502563477e+02 1.476513500213623047e+02 2.175401496887207031e+01 6.346382522583007812e+01
3.496889181137084961e+02 1.467472648620605469e+02 2.363998985290527344e+01 6.439768218994140625e+01
3.474958801269531250e+02 1.459515495300292969e+02 2.610972976684570312e+01 6.599459075927734375e+01
3.456911993026733398e+02 1.448819656372070312e+02 2.659175682067871094e+01 6.703741455078125000e+01
3.409610557556152344e+02 1.436908912658691406e+02 2.994291305541992188e+01 6.718544769287109375e+01
3.390050411224365234e+02 1.471021385192871094e+02 2.989150238037109375e+01 6.387238311767578125e+01
3.386672058105468750e+02 1.459092025756835938e+02 2.651567459106445312e+01 6.427455139160156250e+01
3.362803182601928711e+02 1.472523803710937500e+02 2.616831016540527344e+01 5.723675537109375000e+01
3.330628862380981445e+02 1.480531158447265625e+02 2.299213600158691406e+01 5.999595642089843750e+01
3.310555696487426758e+02 1.474736766815185547e+02 2.167733192443847656e+01 6.103982925415039062e+01
3.279987602233886719e+02 1.474479904174804688e+02 2.249740219116210938e+01 6.100411987304687500e+01
3.244528408050537109e+02 1.474380168914794922e+02 2.452770233154296875e+01 6.133156204223632812e+01
3.217141008377075195e+02 1.462608852386474609e+02 2.571642494201660156e+01 6.182272720336914062e+01
3.198162755966186523e+02 1.442991447448730469e+02 2.568556785583496094e+01 6.390041351318359375e+01
3.167188549041748047e+02 1.447389106750488281e+02 2.539441680908203125e+01 6.227201080322265625e+01
3.157233867645263672e+02 1.459666652679443359e+02 2.321994781494140625e+01 6.040866470336914062e+01
3.066014842987060547e+02 1.455846443176269531e+02 2.435283660888671875e+01 6.069525909423828125e+01
3.020381288528442383e+02 1.459751243591308594e+02 2.580571937561035156e+01 5.958374786376953125e+01
3.022269983291625977e+02 1.441969242095947266e+02 2.576678657531738281e+01 6.247802352905273438e+01
3.010418577194213867e+02 1.440205249786376953e+02 2.556771659851074219e+01 6.263131332397460938e+01
2.989230079650878906e+02 1.428370323181152344e+02 2.773186874389648438e+01 6.388358306884765625e+01
2.965839099884033203e+02 1.455527572631835938e+02 2.870228576660156250e+01 6.078370666503906250e+01
2.932673969268798828e+02 1.442074623107910156e+02 2.846318054199218750e+01 6.061011505126953125e+01
2.898261661529541016e+02 1.440917243957519531e+02 2.973580932617187500e+01 6.108824920654296875e+01
2.865766706466674805e+02 1.445380058288574219e+02 2.867355155944824219e+01 6.188797760009765625e+01
2.855784311294555664e+02 1.459151210784912109e+02 2.314517402648925781e+01 6.057313919067382812e+01
2.844704942703247070e+02 1.463573894500732422e+02 2.075284767150878906e+01 5.941662979125976562e+01
2.811538219451904297e+02 1.454607601165771484e+02 2.015215301513671875e+01 5.982912063598632812e+01
2.779725580215454102e+02 1.458398818969726562e+02 2.092759895324707031e+01 5.897663879394531250e+01
2.751159238815307617e+02 1.453020820617675781e+02 2.154583549499511719e+01 5.906053924560546875e+01
2.720942955017089844e+02 1.449084701538085938e+02 2.379754257202148438e+01 5.967184448242187500e+01
2.686199998855590820e+02 1.441119213104248047e+02 2.589887428283691406e+01 6.059675979614257812e+01
2.648387527465820312e+02 1.443401584625244141e+02 2.591643142700195312e+01 6.017512130737304688e+01
2.641676197052001953e+02 1.455307903289794922e+02 2.342478942871093750e+01 5.998468399047851562e+01
2.583785209655761719e+02 1.460260028839111328e+02 1.881638717651367188e+01 5.786262130737304688e+01
2.557979583740234375e+02 1.480153198242187500e+02 1.949378585815429688e+01 5.652297973632812500e+01
2.511276464462280273e+02 1.464632186889648438e+02 2.063178062438964844e+01 5.666130065917968750e+01
2.475525293350219727e+02 1.464062213897705078e+02 2.393919563293457031e+01 5.685238265991210938e+01
2.456590013504028320e+02 1.459993133544921875e+02 2.603492164611816406e+01 5.715943908691406250e+01
2.421965541839599609e+02 1.435595111846923828e+02 2.721370697021484375e+01 6.006531906127929688e+01
2.385127124786376953e+02 1.419329433441162109e+02 2.909591674804687500e+01 6.082114028930664062e+01
2.360288753509521484e+02 1.442802104949951172e+02 2.884854888916015625e+01 5.892421340942382812e+01
2.349775381088256836e+02 1.458358860015869141e+02 2.562166404724121094e+01 5.814066696166992188e+01
2.300130453109741211e+02 1.452209262847900391e+02 2.371846580505371094e+01 5.781716537475585938e+01
2.280268898010253906e+02 1.445145568847656250e+02 2.194814682006835938e+01 5.786643981933593750e+01
2.244582977294921875e+02 1.438363285064697266e+02 2.057979202270507812e+01 5.981588363647460938e+01
2.201216125488281250e+02 1.447812976837158203e+02 2.259073257446289062e+01 5.836431503295898438e+01
2.187595520019531250e+02 1.434399223327636719e+02 2.457292556762695312e+01 5.896364593505859375e+01
2.160518732070922852e+02 1.423421669006347656e+02 2.518274116516113281e+01 6.077069854736328125e+01
2.129825315475463867e+02 1.438011493682861328e+02 2.663216972351074219e+01 5.910755538940429688e+01
2.096834897994995117e+02 1.426592979431152344e+02 2.796685600280761719e+01 6.018036651611328125e+01
2.079236621856689453e+02 1.451377563476562500e+02 2.733837890625000000e+01 5.819842529296875000e+01
2.030574588775634766e+02 1.467315502166748047e+02 2.564814758300781250e+01 5.674415969848632812e+01
1.988850269317626953e+02 1.454923725128173828e+02 2.219865417480468750e+01 5.564400863647460938e+01
1.960980882644653320e+02 1.460523357391357422e+02 2.317164039611816406e+01 5.632106399536132812e+01
1.939929161071777344e+02 1.471206359863281250e+02 2.143160629272460938e+01 5.431861877441406250e+01
1.918669204711914062e+02 1.456320190429687500e+02 2.251573562622070312e+01 5.585798645019531250e+01
1.890990285873413086e+02 1.448752746582031250e+02 2.468401145935058594e+01 5.646626281738281250e+01
1.859932174682617188e+02 1.450883617401123047e+02 2.640015029907226562e+01 5.647562026977539062e+01
1.816404838562011719e+02 1.438454494476318359e+02 2.816927719116210938e+01 5.793545913696289062e+01
1.782651844024658203e+02 1.455867500305175781e+02 2.879417419433593750e+01 5.684101104736328125e+01
1.768486728668212891e+02 1.462311172485351562e+02 2.515805053710937500e+01 5.630593872070312500e+01
1.749192790985107422e+02 1.456298999786376953e+02 2.096892547607421875e+01 5.709458541870117188e+01
1.717342185974121094e+02 1.458674697875976562e+02 1.773189926147460938e+01 5.642303466796875000e+01
1.670433568954467773e+02 1.438359298706054688e+02 1.859442710876464844e+01 5.843246459960937500e+01
1.647940692901611328e+02 1.459636497497558594e+02 2.027026367187500000e+01 5.612834930419921875e+01
1.613903417587280273e+02 1.420202960968017578e+02 2.366112327575683594e+01 5.933346176147460938e+01
1.564963912963867188e+02 1.436025276184082031e+02 2.668791580200195312e+01 5.757328033447265625e+01
1.523802957534790039e+02 1.430073528289794922e+02 3.018225288391113281e+01 5.783752822875976562e+01
1.466546840667724609e+02 1.430879344940185547e+02 3.357273101806640625e+01 5.781804275512695312e+01
1.431312618255615234e+02 1.419593601226806641e+02 3.495864105224609375e+01 6.183285140991210938e+01
7.795476722717286577e+01 1.414351158142089844e+02 3.614691925048828125e+01 1.134202041625976562e+02
7.719083976745606890e+01 1.320622825622558594e+02 3.837298583984375000e+01 1.216107711791992188e+02
8.199416923522950640e+01 1.267387008666992188e+02 3.708547973632812500e+01 1.260317382812500000e+02
8.085473823547364702e+01 1.156037445068359375e+02 3.860878753662109375e+01 1.361963958740234375e+02
8.673183059692384234e+01 1.118574142456054688e+02 3.513411331176757812e+01 1.367576599121093750e+02
8.954085540771485796e+01 1.080409622192382812e+02 3.280469894409179688e+01 1.409662780761718750e+02
8.899207687377931109e+01 1.089015960693359375e+02 3.446863174438476562e+01 1.365717315673828125e+02
9.042521858215333452e+01 1.134934997558593750e+02 3.401882171630859375e+01 1.293847503662109375e+02
9.380526351928712359e+01 1.205125579833984375e+02 3.679855728149412641e+01 1.236704864501953125e+02
9.405315399169921875e+01 1.180002517700195312e+02 3.739313888549804688e+01 1.311977233886718750e+02
9.840394210815429688e+01 1.144135742187500000e+02 3.703567886352539062e+01 1.369514617919921875e+02
8.933985519409179688e+01 1.266255493164062500e+02 4.849530410766601562e+01 1.266586151123046875e+02
8.958678436279296875e+01 1.289360542297363281e+02 5.073533248901367188e+01 1.248753128051757812e+02
9.117943191528320312e+01 1.308535270690917969e+02 4.818581008911132812e+01 1.231063461303710938e+02
9.157890129089355469e+01 1.349630317687988281e+02 4.557888793945312500e+01 1.202287979125976562e+02
9.638810729980468750e+01 1.361385841369628906e+02 4.090368270874023438e+01 1.177172622680664062e+02
1.002520179748535156e+02 1.349969711303710938e+02 3.637947463989257812e+01 1.191327209472656250e+02
1.024528427124023438e+02 1.346981468200683594e+02 3.472950363159179688e+01 1.196760177612304688e+02
1.030252437591552734e+02 1.341102638244628906e+02 3.436457824707031250e+01 1.201192703247070312e+02
1.037839164733886719e+02 1.342830123901367188e+02 3.840735244750976562e+01 1.196750183105468750e+02
1.043771476745605469e+02 1.347707176208496094e+02 4.050970840454101562e+01 1.198115768432617188e+02
1.041610317230224609e+02 1.360803642272949219e+02 4.100694274902343750e+01 1.183657455444335938e+02
1.050518188476562500e+02 1.363677902221679688e+02 4.108831405639648438e+01 1.172444152832031250e+02
1.059252281188964844e+02 1.389963569641113281e+02 3.996619033813476562e+01 1.140211563110351562e+02
1.036834583282470703e+02 1.384114074707031250e+02 4.301885223388671875e+01 1.127752532958984375e+02
9.802375793457031250e+01 1.381181526184082031e+02 5.002758407592773438e+01 1.146618423461914062e+02
9.121604919433593750e+01 1.368728256225585938e+02 5.328075790405273438e+01 1.161011962890625000e+02
9.930502128601074219e+01 1.350886459350585938e+02 4.844528198242187500e+01 1.193797302246093750e+02
9.807120704650878906e+01 1.344671134948730469e+02 5.070227813720703125e+01 1.200461349487304688e+02
9.789921379089355469e+01 1.327759208679199219e+02 5.161785888671875000e+01 1.215269393920898438e+02
