3.950000000000000000e+02 1.810000000000000000e+02 9.000000000000000000e+00 1.300000000000000000e+01
3.943759036064147949e+02 1.798032979965209961e+02 1.000000000000000000e+01 1.398681068420410156e+01
3.945999512672424316e+02 1.797462916374206543e+02 1.000000000000000000e+01 1.412743091583251953e+01
3.934196801185607910e+02 1.795628237724304199e+02 1.000000000000000000e+01 1.480100727081298828e+01
3.934437484741210938e+02 1.804657506942749023e+02 1.000000000000000000e+01 1.434988594055175781e+01
3.936524634361267090e+02 1.794092097282409668e+02 1.000000000000000000e+01 1.484385395050048828e+01
3.929489727020263672e+02 1.802586617469787598e+02 1.000000000000000000e+01 1.479151821136474609e+01
3.924158158302307129e+02 1.796341495513916016e+02 1.000000000000000000e+01 1.487010192871093750e+01
3.916209559440612793e+02 1.791760101318359375e+02 1.000000000000000000e+01 1.526377487182617188e+01
3.906351060867309570e+02 1.793397736549377441e+02 1.000000000000000000e+01 1.492782497406005859e+01
3.911379227638244629e+02 1.802096276283264160e+02 1.000000000000000000e+01 1.524642848968505859e+01
3.901104054450988770e+02 1.795093464851379395e+02 1.000000000000000000e+01 1.501395702362060547e+01
3.897813930511474609e+02 1.796529116630554199e+02 1.000000000000000000e+01 1.530741596221923828e+01
3.888066282272338867e+02 1.796174769401550293e+02 1.000000000000000000e+01 1.577821063995361328e+01
3.893706021308898926e+02 1.795937819480895996e+02 1.000000000000000000e+01 1.525942325592041016e+01
3.889657025337219238e+02 1.799213256835937500e+02 1.000000000000000000e+01 1.525291824340820312e+01
3.878072619438171387e+02 1.796747980117797852e+02 1.000000000000000000e+01 1.485114860534667969e+01
3.877909460067749023e+02 1.794314885139465332e+02 1.000000000000000000e+01 1.552073192596435547e+01
3.865584254264831543e+02 1.795408349037170410e+02 1.000000000000000000e+01 1.576877498626708984e+01
3.866860976219177246e+02 1.795993881225585938e+02 1.000000000000000000e+01 1.600388717651367188e+01
3.862149534225463867e+02 1.796338481903076172e+02 1.000000000000000000e+01 1.565068817138671875e+01
3.856109037399291992e+02 1.799729228019714355e+02 1.000000000000000000e+01 1.535785770416259766e+01
3.845101747512817383e+02 1.792884392738342285e+02 1.000000000000000000e+01 1.555073833465576172e+01
3.843056340217590332e+02 1.796356811523437500e+02 1.000000000000000000e+01 1.597927856445312500e+01
3.840852551460266113e+02 1.796833505630493164e+02 1.000000000000000000e+01 1.633761024475097656e+01
3.838761229515075684e+02 1.788969230651855469e+02 1.000000000000000000e+01 1.661980438232421875e+01
3.832581534385681152e+02 1.788707952499389648e+02 1.000000000000000000e+01 1.691122245788574219e+01
3.827655482292175293e+02 1.787740659713745117e+02 1.000000000000000000e+01 1.659138298034667969e+01
3.824305310249328613e+02 1.790146484375000000e+02 1.000000000000000000e+01 1.665983200073242188e+01
3.828093628883361816e+02 1.797664937973022461e+02 1.000000000000000000e+01 1.625338172912597656e+01
3.822941870689392090e+02 1.798381299972534180e+02 1.000000000000000000e+01 1.586475181579589844e+01
3.811573710441589355e+02 1.795200777053833008e+02 1.000000000000000000e+01 1.667768287658691406e+01
3.812439646720886230e+02 1.798519549369812012e+02 1.000000000000000000e+01 1.537255954742431641e+01
3.809569926261901855e+02 1.796971988677978516e+02 1.000000000000000000e+01 1.567835235595703125e+01
3.806994094848632812e+02 1.793112440109252930e+02 1.000000000000000000e+01 1.640767097473144531e+01
3.791829671859741211e+02 1.792148838043212891e+02 1.000000000000000000e+01 1.631002807617187500e+01
3.793638744354248047e+02 1.799137792587280273e+02 1.000000000000000000e+01 1.639893531799316406e+01
3.792220163345336914e+02 1.797150282859802246e+02 1.000000000000000000e+01 1.583865833282470703e+01
3.777953372001647949e+02 1.791671762466430664e+02 1.000000000000000000e+01 1.685037040710449219e+01
3.776333632469177246e+02 1.797545266151428223e+02 1.000000000000000000e+01 1.561379528045654297e+01
3.775749111175537109e+02 1.797620306015014648e+02 1.000000000000000000e+01 1.547653388977050781e+01
3.767247395515441895e+02 1.793683032989501953e+02 1.000000000000000000e+01 1.554715347290039062e+01
3.769893417358398438e+02 1.799861764907836914e+02 1.000000000000000000e+01 1.608498573303222656e+01
3.767562727928161621e+02 1.796078548431396484e+02 1.000000000000000000e+01 1.576976013183593750e+01
3.762521843910217285e+02 1.795456819534301758e+02 1.000000000000000000e+01 1.643627738952636719e+01
3.753586401939392090e+02 1.790540027618408203e+02 1.000000000000000000e+01 1.675704956054687500e+01
3.751704497337341309e+02 1.803261384963989258e+02 1.000000000000000000e+01 1.641887474060058594e+01
3.746433067321777344e+02 1.802116603851318359e+02 1.000000000000000000e+01 1.540916061401367188e+01
3.730789532661437988e+02 1.800031185150146484e+02 1.000000000000000000e+01 1.605332183837890625e+01
3.730459632873535156e+02 1.798252248764038086e+02 1.000000000000000000e+01 1.614418220520019531e+01
3.724089908599853516e+02 1.802838315963745117e+02 1.000000000000000000e+01 1.663269233703613281e+01
3.732154035568237305e+02 1.797725381851196289e+02 1.000000000000000000e+01 1.622926902770996094e+01
3.713599462509155273e+02 1.803460836410522461e+02 1.000000000000000000e+01 1.661641883850097656e+01
3.721349787712097168e+02 1.802451677322387695e+02 1.000000000000000000e+01 1.589253425598144531e+01
3.704182715415954590e+02 1.803821849822998047e+02 1.000000000000000000e+01 1.592064666748046875e+01
3.706646828651428223e+02 1.801775159835815430e+02 1.000000000000000000e+01 1.601955604553222656e+01
3.703464012145996094e+02 1.801016693115234375e+02 1.000000000000000000e+01 1.682859420776367188e+01
3.701212258338928223e+02 1.801800684928894043e+02 1.000000000000000000e+01 1.577716541290283203e+01
3.681398591995239258e+02 1.801291780471801758e+02 1.002164745330810547e+01 1.632022666931152344e+01
3.684621486663818359e+02 1.803397760391235352e+02 1.000000000000000000e+01 1.693841361999511719e+01
3.682907996177673340e+02 1.804130525588989258e+02 1.000000000000000000e+01 1.667355918884277344e+01
3.680677123069763184e+02 1.800672073364257812e+02 1.000000000000000000e+01 1.618082046508789062e+01
3.660610303878784180e+02 1.801929483413696289e+02 1.000000000000000000e+01 1.623347282409667969e+01
3.658811397552490234e+02 1.801555938720703125e+02 1.000000000000000000e+01 1.651104736328125000e+01
3.656088991165161133e+02 1.806141319274902344e+02 1.000000000000000000e+01 1.648722076416015625e+01
3.649326424598693848e+02 1.803710165023803711e+02 1.000000000000000000e+01 1.608283042907714844e+01
3.653262343406677246e+02 1.799049091339111328e+02 1.000000000000000000e+01 1.687538146972656250e+01
3.643387060165405273e+02 1.806269912719726562e+02 1.000000000000000000e+01 1.700965499877929688e+01
3.634554333686828613e+02 1.801235418319702148e+02 1.000000000000000000e+01 1.662953758239746094e+01
3.632363553047180176e+02 1.803049802780151367e+02 1.029639816284179688e+01 1.722421836853027344e+01
3.631994876861572266e+02 1.799965009689331055e+02 1.000000000000000000e+01 1.727110481262207031e+01
3.612580399513244629e+02 1.803605976104736328e+02 1.031441402435302734e+01 1.724308395385742188e+01
3.616148295402526855e+02 1.800579500198364258e+02 1.036136341094970703e+01 1.699415397644042969e+01
3.604734134674072266e+02 1.800877885818481445e+02 1.046977996826171875e+01 1.679286003112792969e+01
3.598154582977294922e+02 1.805140905380249023e+02 1.017060470581054688e+01 1.688699531555175781e+01
3.604998598098754883e+02 1.807041110992431641e+02 1.059623527526855469e+01 1.716800308227539062e+01
3.586565928459167480e+02 1.806270666122436523e+02 1.023929691314697266e+01 1.690414237976074219e+01
3.594789800643920898e+02 1.801852312088012695e+02 1.007042884826660156e+01 1.711504554748535156e+01
3.578120450973510742e+02 1.807625560760498047e+02 1.029787254333496094e+01 1.691349792480468750e+01
3.581222238540649414e+02 1.801507883071899414e+02 1.026113700866699219e+01 1.726023292541503906e+01
3.575358428955078125e+02 1.805856876373291016e+02 1.003784942626953125e+01 1.682484817504882812e+01
3.567495169639587402e+02 1.809709472656250000e+02 1.000000000000000000e+01 1.683582305908203125e+01
3.558833799362182617e+02 1.810490989685058594e+02 1.006458377838134766e+01 1.706805038452148438e+01
3.557971272468566895e+02 1.804761676788330078e+02 1.051887702941894531e+01 1.736605834960937500e+01
3.546126890182495117e+02 1.804381971359252930e+02 1.014210224151611328e+01 1.729760932922363281e+01
3.552265753746032715e+02 1.799127988815307617e+02 1.003635406494140625e+01 1.717098045349121094e+01
3.532095103263854980e+02 1.805664052963256836e+02 1.037825775146484375e+01 1.721883583068847656e+01
3.534918184280395508e+02 1.805458517074584961e+02 1.052418613433837891e+01 1.749755668640136719e+01
3.543663005828857422e+02 1.805326547622680664e+02 1.006212902069091797e+01 1.765425300598144531e+01
3.522727799415588379e+02 1.811274805068969727e+02 1.029791450500488281e+01 1.715693855285644531e+01
3.527434229850769043e+02 1.801053018569946289e+02 1.000000000000000000e+01 1.750606727600097656e+01
3.511122488975524902e+02 1.809657077789306641e+02 1.046168899536132812e+01 1.716772460937500000e+01
3.510084156990051270e+02 1.798903303146362305e+02 1.000000000000000000e+01 1.730704689025878906e+01
3.496520166397094727e+02 1.807966098785400391e+02 1.005240535736083984e+01 1.729779052734375000e+01
3.490557889938354492e+02 1.805466108322143555e+02 1.096603679656982422e+01 1.739222908020019531e+01
3.488912096023559570e+02 1.808882799148559570e+02 1.004351711273193359e+01 1.728987312316894531e+01
3.482028460502624512e+02 1.804233484268188477e+02 1.105057334899902344e+01 1.780910682678222656e+01
3.476879143714904785e+02 1.803799295425415039e+02 1.040318298339843750e+01 1.772175407409667969e+01
3.475295734405517578e+02 1.802740478515625000e+02 1.046146869659423828e+01 1.757433700561523438e+01
3.459819207191467285e+02 1.800515985488891602e+02 1.073334884643554688e+01 1.751678276062011719e+01
3.459743347167968750e+02 1.807214136123657227e+02 1.000000000000000000e+01 1.776946830749511719e+01
3.449080386161804199e+02 1.800990190505981445e+02 1.057980060577392578e+01 1.779327964782714844e+01
3.441340146064758301e+02 1.807476472854614258e+02 1.029525279998779297e+01 1.805935096740722656e+01
3.444880990982055664e+02 1.806272373199462891e+02 1.052615928649902344e+01 1.831044387817382812e+01
3.429211592674255371e+02 1.802366580963134766e+02 1.066666126251220703e+01 1.786528396606445312e+01
3.424544925689697266e+02 1.803210477828979492e+02 1.060214233398437500e+01 1.865994834899902344e+01
3.428598089218139648e+02 1.806196889877319336e+02 1.094423484802246094e+01 1.808677482604980469e+01
3.407619709968566895e+02 1.803561439514160156e+02 1.053285121917724609e+01 1.845052719116210938e+01
3.416301612854003906e+02 1.795250787734985352e+02 1.060033798217773438e+01 1.856017494201660156e+01
3.410170359611511230e+02 1.801008348464965820e+02 1.118229770660400391e+01 1.910309410095214844e+01
3.393672146797180176e+02 1.802258615493774414e+02 1.027567577362060547e+01 1.842057609558105469e+01
3.382910709381103516e+02 1.807620697021484375e+02 1.067096710205078125e+01 1.842220687866210938e+01
3.387187061309814453e+02 1.804609870910644531e+02 1.068092727661132812e+01 1.872828292846679688e+01
3.375236372947692871e+02 1.803570461273193359e+02 1.085633563995361328e+01 1.869986343383789062e+01
3.376246166229248047e+02 1.799864330291748047e+02 1.087274551391601562e+01 1.886773300170898438e+01
3.365285372734069824e+02 1.806641120910644531e+02 1.059065341949462891e+01 1.873931121826171875e+01
3.355946111679077148e+02 1.791785516738891602e+02 1.120664024353027344e+01 1.906072425842285156e+01
3.335879631042480469e+02 1.792719173431396484e+02 1.076572799682617188e+01 1.957653808593750000e+01
3.343214817047119141e+02 1.793248767852783203e+02 1.089111709594726562e+01 1.881253051757812500e+01
3.334494528770446777e+02 1.798024406433105469e+02 1.043218708038330078e+01 1.890002822875976562e+01
3.324308805465698242e+02 1.793727722167968750e+02 1.127142906188964844e+01 1.871462631225585938e+01
3.313313999176025391e+02 1.800257511138916016e+02 1.058852767944335938e+01 1.883322525024414062e+01
3.326102490425109863e+02 1.801133394241333008e+02 1.035649013519287109e+01 1.836420249938964844e+01
3.303388895988464355e+02 1.801488037109375000e+02 1.084126758575439453e+01 1.854142761230468750e+01
3.302035679817199707e+02 1.795690450668334961e+02 1.127025890350341797e+01 1.891494178771972656e+01
3.302410273551940918e+02 1.787056722640991211e+02 1.115213108062744141e+01 1.981521797180175781e+01
3.300229063034057617e+02 1.788008584976196289e+02 1.156264686584472656e+01 1.946356773376464844e+01
3.297910709381103516e+02 1.800020856857299805e+02 1.159119796752929688e+01 1.930391883850097656e+01
3.275568051338195801e+02 1.802055149078369141e+02 1.054568386077880859e+01 1.907451248168945312e+01
3.280110020637512207e+02 1.820152387619018555e+02 1.127078533172607422e+01 1.815566825866699219e+01
3.259894542694091797e+02 1.815421590805053711e+02 1.015960311889648438e+01 1.825045585632324219e+01
3.247059807777404785e+02 1.826894454956054688e+02 1.088432598114013672e+01 1.685822296142578125e+01
3.224768457412719727e+02 1.791660251617431641e+02 1.124588584899902344e+01 2.064654541015625000e+01
3.237223253250122070e+02 1.819813737869262695e+02 1.549484825134277344e+01 2.045593452453613281e+01
3.300901069641113281e+02 1.771677589416503906e+02 2.569132232666015625e+01 2.541086959838867188e+01
3.105398845672607422e+02 1.722421340942382812e+02 3.273492050170898438e+01 3.810966110229492188e+01
3.081726150512695312e+02 1.720702705383300781e+02 4.092957305908203125e+01 4.902971267700195312e+01
3.134130325317382812e+02 1.643139400482177734e+02 4.700655364990234375e+01 4.846469116210937500e+01
3.186860141754150391e+02 1.691465339660644531e+02 5.024631118774414062e+01 4.319455337524414062e+01
3.287146358489990234e+02 1.584845275878906250e+02 4.509775924682617188e+01 5.715737533569335938e+01
3.323900890350341797e+02 1.596054744720458984e+02 4.741395187377929688e+01 6.701445007324218750e+01
3.391062870025634766e+02 1.601128864288330078e+02 4.598894119262695312e+01 7.321631622314453125e+01
3.442628002166748047e+02 1.552774105072021484e+02 4.660184860229492188e+01 8.787149047851562500e+01
3.514335803985595703e+02 1.614062404632568359e+02 4.480759048461914062e+01 6.089074707031250000e+01
3.583619461059570312e+02 1.645990695953369141e+02 4.100617218017578125e+01 6.499445343017578125e+01
3.627813949584960938e+02 1.579559688568115234e+02 4.255556488037109375e+01 7.617018127441406250e+01
3.665902214050292969e+02 1.645491523742675781e+02 4.324647521972656250e+01 5.303458023071289062e+01
3.728674011230468750e+02 1.645726222991943359e+02 3.800363922119140625e+01 5.159602355957031250e+01
3.761660614013671875e+02 1.655992145538330078e+02 3.883469390869140625e+01 5.542603302001953125e+01
3.793957996368408203e+02 1.623366413116455078e+02 3.912820816040039062e+01 6.092034149169921875e+01
3.851245632171630859e+02 1.672269611358642578e+02 3.763648605346679688e+01 5.597553253173828125e+01
3.906993522644042969e+02 1.641533966064453125e+02 3.538591003417968750e+01 5.853910446166992188e+01
3.932415180206298828e+02 1.643321266174316406e+02 3.360086441040039062e+01 5.572385025024414062e+01
3.976870365142822266e+02 1.641335144042968750e+02 3.320367813110351562e+01 5.600393295288085938e+01
3.990797214508056641e+02 1.655382175445556641e+02 3.540877151489257812e+01 4.798732757568359375e+01
4.045766315460205078e+02 1.685026321411132812e+02 3.206039810180664062e+01 4.106725692749023438e+01
4.067450704574584961e+02 1.690923709869384766e+02 3.111945533752441406e+01 3.851444244384765625e+01
4.090891675949096680e+02 1.672766609191894531e+02 3.103354072570800781e+01 3.662379837036132812e+01
3.923579416275024414e+02 1.705501489639282227e+02 2.441383171081542969e+01 2.773476600646972656e+01
3.946003494262695312e+02 1.742293567657470703e+02 2.458851623535156250e+01 2.126767730712890625e+01
3.968592252731323242e+02 1.762519550323486328e+02 1.896459388732910156e+01 1.830256652832031250e+01
3.966887884140014648e+02 1.764390373229980469e+02 1.780607032775878906e+01 1.790616226196289062e+01
3.965813941955566406e+02 1.764717998504638672e+02 1.731044006347656250e+01 1.887673950195312500e+01
3.962449789047241211e+02 1.771795454025268555e+02 1.717779731750488281e+01 1.808571434020996094e+01
3.967966060638427734e+02 1.767390403747558594e+02 1.773648452758789062e+01 1.740911483764648438e+01
3.967897500991821289e+02 1.788904533386230469e+02 1.552347373962402344e+01 1.555825424194335938e+01
3.965257873535156250e+02 1.791901130676269531e+02 1.510183334350585938e+01 1.526306152343750000e+01
3.963824119567871094e+02 1.779095525741577148e+02 1.742206573486328125e+01 1.653890419006347656e+01
3.962376461029052734e+02 1.768328409194946289e+02 1.747063827514648438e+01 1.759129905700683594e+01
3.964822664260864258e+02 1.753164291381835938e+02 1.842671775817871094e+01 1.900019073486328125e+01
3.968961076736450195e+02 1.755158319473266602e+02 1.781318473815917969e+01 1.886064720153808594e+01
3.966195335388183594e+02 1.746492347717285156e+02 1.823723602294921875e+01 1.959109497070312500e+01
3.964402608871459961e+02 1.748868455886840820e+02 1.848279762268066406e+01 1.926184654235839844e+01
3.962020101547241211e+02 1.740435771942138672e+02 1.846730995178222656e+01 1.957420730590820312e+01
3.963741922378540039e+02 1.746466245651245117e+02 1.840299797058105469e+01 1.958923530578613281e+01
3.961361036300659180e+02 1.749838428497314453e+02 1.863251686096191406e+01 1.924322891235351562e+01
3.963690147399902344e+02 1.745930299758911133e+02 1.857181549072265625e+01 1.918375968933105469e+01
3.960787372589111328e+02 1.748951311111450195e+02 1.909505844116210938e+01 1.943197441101074219e+01
3.958929338455200195e+02 1.747074117660522461e+02 1.875163078308105469e+01 1.921934700012207031e+01
3.964789876937866211e+02 1.753319511413574219e+02 1.805871772766113281e+01 1.901826477050781250e+01
3.963040914535522461e+02 1.754559412002563477e+02 1.832367897033691406e+01 1.894725608825683594e+01
3.965818109512329102e+02 1.751957397460937500e+02 1.792585563659667969e+01 1.914888000488281250e+01
3.964231739044189453e+02 1.751866149902343750e+02 1.802729415893554688e+01 1.908946990966796875e+01
3.964526004791259766e+02 1.747151908874511719e+02 1.844265365600585938e+01 1.949045562744140625e+01
3.969039773941040039e+02 1.752915906906127930e+02 1.876864433288574219e+01 1.882274818420410156e+01
3.967582235336303711e+02 1.745873785018920898e+02 1.856129646301269531e+01 1.913630867004394531e+01
3.963875370025634766e+02 1.744619865417480469e+02 1.888068008422851562e+01 1.959543609619140625e+01
3.967370777130126953e+02 1.744341773986816406e+02 1.818098831176757812e+01 1.918592834472656250e+01
3.968023729324340820e+02 1.744447689056396484e+02 1.780337333679199219e+01 1.916484451293945312e+01
3.966485166549682617e+02 1.744335012435913086e+02 1.843798255920410156e+01 1.938038825988769531e+01
3.962704544067382812e+02 1.746532840728759766e+02 1.897535705566406250e+01 1.950069046020507812e+01
3.967235097885131836e+02 1.745476207733154297e+02 1.843657875061035156e+01 1.942226028442382812e+01
3.965424394607543945e+02 1.746524038314819336e+02 1.880637168884277344e+01 1.925827217102050781e+01
3.966647233963012695e+02 1.743953704833984375e+02 1.833869743347167969e+01 1.937386322021484375e+01
3.963412990570068359e+02 1.743056697845458984e+02 1.888348770141601562e+01 1.948899459838867188e+01
3.966197376251220703e+02 1.740080747604370117e+02 1.832809066772460938e+01 1.959051704406738281e+01
3.962223625183105469e+02 1.740623588562011719e+02 1.898561096191406250e+01 1.951844787597656250e+01
3.961150722503662109e+02 1.742908868789672852e+02 1.891811752319335938e+01 1.937775993347167969e+01
3.966062650680541992e+02 1.748273124694824219e+02 1.861967658996582031e+01 1.940364837646484375e+01
3.968543844223022461e+02 1.747685365676879883e+02 1.825198554992675781e+01 1.919454002380371094e+01
3.970069551467895508e+02 1.749295845031738281e+02 1.820074272155761719e+01 1.896780395507812500e+01
3.965210933685302734e+02 1.748775682449340820e+02 1.822296524047851562e+01 1.882185935974121094e+01
3.966556148529052734e+02 1.745060663223266602e+02 1.799953842163085938e+01 1.934304618835449219e+01
3.965568180084228516e+02 1.747686414718627930e+02 1.803603744506835938e+01 1.875345802307128906e+01
3.964918956756591797e+02 1.745322570800781250e+02 1.811267471313476562e+01 1.950307464599609375e+01
3.961059284210205078e+02 1.746389083862304688e+02 1.865449905395507812e+01 1.950278472900390625e+01
3.964605073928833008e+02 1.744262619018554688e+02 1.805338859558105469e+01 1.953347778320312500e+01
3.968093500137329102e+02 1.751282405853271484e+02 1.789556694030761719e+01 1.894192123413085938e+01
3.965455427169799805e+02 1.740813484191894531e+02 1.759521675109863281e+01 1.964616394042968750e+01
3.963908329010009766e+02 1.751375551223754883e+02 1.784516525268554688e+01 1.953402519226074219e+01
