2.050000000000000000e+02 1.000000000000000000e+00 5.300000000000000000e+01 1.560000000000000000e+02
2.011970024108886719e+02 5.819450378417968750e+00 5.796396636962890625e+01 1.453543548583984375e+02
2.017038307189941406e+02 5.417778015136718750e+00 5.815676116943359375e+01 1.462464447021484375e+02
2.015842647552490234e+02 6.945037841796875000e+00 5.695628738403320312e+01 1.427800598144531250e+02
2.007183609008789062e+02 3.772331237792968750e+00 5.705363464355468750e+01 1.467342681884765625e+02
2.005936336517333984e+02 3.959320068359375000e+00 5.791304397583007812e+01 1.459870605468750000e+02
2.000746917724609375e+02 3.630592346191406250e+00 5.628506469726562500e+01 1.474038543701171875e+02
1.993317260742187500e+02 4.298400878906250000e+00 5.775772094726562500e+01 1.458800354003906250e+02
1.999835052490234375e+02 5.440933227539062500e+00 5.709982299804687500e+01 1.453739013671875000e+02
1.999613800048828125e+02 5.766448974609375000e+00 5.691882324218750000e+01 1.439598693847656250e+02
2.002833805084228516e+02 6.315330505371093750e+00 5.596384811401367188e+01 1.440654754638671875e+02
2.006731643676757812e+02 7.084243774414062500e+00 5.563832092285156250e+01 1.429008483886718750e+02
2.003253860473632812e+02 7.057823181152343750e+00 5.493745422363281250e+01 1.441874847412109375e+02
2.006803035736083984e+02 7.839546203613281250e+00 5.427562332153320312e+01 1.418620147705078125e+02
2.011916294097900391e+02 7.980804443359375000e+00 5.336710739135742188e+01 1.415094604492187500e+02
2.004099273681640625e+02 7.799003601074218750e+00 5.425500488281250000e+01 1.390307159423828125e+02
1.996600265502929688e+02 7.567306518554687500e+00 5.474275207519531250e+01 1.387918395996093750e+02
1.994995288848876953e+02 7.525619506835937500e+00 5.483169174194335938e+01 1.394164733886718750e+02
1.994486980438232422e+02 8.483062744140625000e+00 5.482349014282226562e+01 1.370248718261718750e+02
1.999113845825195312e+02 8.428726196289062500e+00 5.380461120605468750e+01 1.383343505859375000e+02
1.979924697875976562e+02 9.008621215820312500e+00 5.343324279785156250e+01 1.361797485351562500e+02
1.967469024658203125e+02 1.032688903808593750e+01 5.554391479492187500e+01 1.349184570312500000e+02
1.965032939910888672e+02 1.010486602783203125e+01 5.502078628540039062e+01 1.348690643310546875e+02
1.953836650848388672e+02 1.184454345703125000e+01 5.522943496704101562e+01 1.315032653808593750e+02
1.967778644561767578e+02 1.279261016845703125e+01 5.531039047241210938e+01 1.306542510986328125e+02
1.961434097290039062e+02 1.337252807617187500e+01 5.330244445800781250e+01 1.287877807617187500e+02
1.962026538848876953e+02 1.370436859130859375e+01 5.295235824584960938e+01 1.281372833251953125e+02
1.957073364257812500e+02 1.392084884643554688e+01 5.204052734375000000e+01 1.277067337036132812e+02
1.957568721771240234e+02 1.392329406738281250e+01 5.112486648559570312e+01 1.287180480957031250e+02
1.947222156524658203e+02 1.364579772949218750e+01 4.966332626342773438e+01 1.290999145507812500e+02
1.956859474182128906e+02 1.379810333251953125e+01 4.958592987060546875e+01 1.290006256103515625e+02
1.959441394805908203e+02 1.448123168945312500e+01 5.084316635131835938e+01 1.280082397460937500e+02
1.959370727539062500e+02 1.378156280517578125e+01 4.986895751953125000e+01 1.295612030029296875e+02
1.964168033599853516e+02 1.347254943847656250e+01 4.935761642456054688e+01 1.290718688964843750e+02
1.971106567382812500e+02 1.510734558105468750e+01 4.967272949218750000e+01 1.279682922363281250e+02
1.981439743041992188e+02 1.672029876708984375e+01 4.799848937988281250e+01 1.252726898193359375e+02
1.984822406768798828e+02 1.652870178222656250e+01 4.658858871459960938e+01 1.256083679199218750e+02
1.990829200744628906e+02 1.807619857788085938e+01 4.577388763427734375e+01 1.255784072875976562e+02
2.003007030487060547e+02 1.894071578979492188e+01 4.554556655883789062e+01 1.250699844360351562e+02
1.994814491271972656e+02 1.951881027221679688e+01 4.630287933349609375e+01 1.242475662231445312e+02
1.991896190643310547e+02 1.870691299438476562e+01 4.659604263305664062e+01 1.230925521850585938e+02
1.994815673828125000e+02 1.926779937744140625e+01 4.736489868164062500e+01 1.202902984619140625e+02
2.002291507720947266e+02 1.898723220825195312e+01 4.664970016479492188e+01 1.206913681030273438e+02
1.998451156616210938e+02 1.842076873779296875e+01 4.672352600097656250e+01 1.204262237548828125e+02
1.996340980529785156e+02 1.796848678588867188e+01 4.602919769287109375e+01 1.210860061645507812e+02
2.004699649810791016e+02 1.796839904785156250e+01 4.576881027221679688e+01 1.214827575683593750e+02
1.998405933380126953e+02 1.922541809082031250e+01 4.539864730834960938e+01 1.200648803710937500e+02
1.989686927795410156e+02 1.960319137573242188e+01 4.736629486083984375e+01 1.194064712524414062e+02
2.000938568115234375e+02 2.074386596679687500e+01 4.832479858398437500e+01 1.171631469726562500e+02
1.997065238952636719e+02 2.077370834350585938e+01 4.769275665283203125e+01 1.169612503051757812e+02
2.000361804962158203e+02 2.163799667358398438e+01 4.899355697631835938e+01 1.160731582641601562e+02
2.002163772583007812e+02 2.099589920043945312e+01 4.758137512207031250e+01 1.168044967651367188e+02
2.003303833007812500e+02 2.183550643920898438e+01 4.827636718750000000e+01 1.157930984497070312e+02
2.012124328613281250e+02 2.261000823974609375e+01 4.881359863281250000e+01 1.102863311767578125e+02
1.994793853759765625e+02 2.154049301147460938e+01 5.017401123046875000e+01 1.137389297485351562e+02
2.011350498199462891e+02 2.157509994506835938e+01 4.843406295776367188e+01 1.133505325317382812e+02
2.010218906402587891e+02 2.213974380493164062e+01 4.789619064331054688e+01 1.131680221557617188e+02
2.026287021636962891e+02 2.292529678344726562e+01 4.620612716674804688e+01 1.118344955444335938e+02
2.030444126129150391e+02 2.227188110351562500e+01 4.468702316284179688e+01 1.135159606933593750e+02
2.039171104431152344e+02 2.243111419677734375e+01 4.367194366455078125e+01 1.127039642333984375e+02
2.043076477050781250e+02 2.389171218872070312e+01 4.425735473632812500e+01 1.114398422241210938e+02
2.041148853302001953e+02 2.336797332763671875e+01 4.375112533569335938e+01 1.122069854736328125e+02
2.049682254791259766e+02 2.506429290771484375e+01 4.378898239135742188e+01 1.103519439697265625e+02
2.060868091583251953e+02 2.613336563110351562e+01 4.215862655639648438e+01 1.095975570678710938e+02
2.066762046813964844e+02 2.446179962158203125e+01 4.182468414306640625e+01 1.112480010986328125e+02
2.080536479949951172e+02 2.529025650024414062e+01 4.068765640258789062e+01 1.093595809936523438e+02
2.072633686065673828e+02 2.694897079467773438e+01 4.052987289428710938e+01 1.069266738891601562e+02
2.084180011749267578e+02 2.663380050659179688e+01 4.028738021850585938e+01 1.064686660766601562e+02
2.080627231597900391e+02 2.452938842773437500e+01 3.996775436401367188e+01 1.072906188964843750e+02
2.079040699005126953e+02 2.662218093872070312e+01 4.069958114624023438e+01 1.063022689819335938e+02
2.090416507720947266e+02 2.471511077880859375e+01 3.986902999877929688e+01 1.068911285400390625e+02
2.073854503631591797e+02 2.427158737182617188e+01 4.029184341430664062e+01 1.082106399536132812e+02
2.066597347259521484e+02 2.632885360717773438e+01 4.125185012817382812e+01 1.066240005493164062e+02
2.063184261322021484e+02 2.647652435302734375e+01 4.220228958129882812e+01 1.065433197021484375e+02
2.051880779266357422e+02 2.882187271118164062e+01 4.311600112915039062e+01 1.041814193725585938e+02
2.055801544189453125e+02 3.003711700439453125e+01 4.311950683593750000e+01 1.033631134033203125e+02
2.050972347259521484e+02 2.994613265991210938e+01 4.325261306762695312e+01 1.023714065551757812e+02
2.053678779602050781e+02 3.027750396728515625e+01 4.229964447021484375e+01 1.025740814208984375e+02
2.041296844482421875e+02 2.947880172729492188e+01 4.290411376953125000e+01 1.027756118774414062e+02
2.045791053771972656e+02 3.060361862182617188e+01 4.142049407958984375e+01 1.013891677856445312e+02
2.048602600097656250e+02 3.129566574096679688e+01 4.096218872070312500e+01 1.002814712524414062e+02
2.045900382995605469e+02 3.009080886840820312e+01 4.043236541748046875e+01 9.991934967041015625e+01
2.050397987365722656e+02 2.862875366210937500e+01 4.013703155517578125e+01 1.017040710449218750e+02
2.057697448730468750e+02 3.042402267456054688e+01 3.927140808105468750e+01 1.009161758422851562e+02
2.057196063995361328e+02 2.732732391357421875e+01 4.007146835327148438e+01 1.034641723632812500e+02
2.046123714447021484e+02 2.979029846191406250e+01 4.034019851684570312e+01 1.020219879150390625e+02
2.051087627410888672e+02 3.086543655395507812e+01 4.106747817993164062e+01 9.996442413330078125e+01
2.047212181091308594e+02 3.160517501831054688e+01 4.181967926025390625e+01 1.002163925170898438e+02
2.050316753387451172e+02 3.261569976806640625e+01 4.122323989868164062e+01 9.654434204101562500e+01
2.050988693237304688e+02 3.209407806396482954e+01 4.138331604003906250e+01 9.914056396484376421e+01
2.058112735748291016e+02 3.283434295654296875e+01 4.068070602416992188e+01 9.591699218750000000e+01
2.049392299652099609e+02 3.197052764892578125e+01 4.173222732543945312e+01 9.794131469726562500e+01
2.053442306518554688e+02 3.246995925903320312e+01 4.140345764160156250e+01 9.691371917724609375e+01
2.059541797637939453e+02 3.263513946533203125e+01 4.125323104858398438e+01 9.429550170898437500e+01
2.044896945953369141e+02 3.258481216430664062e+01 4.083890914916992188e+01 9.286904144287109375e+01
2.074156856536865234e+02 3.145665740966796875e+01 3.864955520629882812e+01 9.406684875488281250e+01
2.053573837280273438e+02 3.238523483276367188e+01 3.961509704589843750e+01 9.667714691162109375e+01
2.054180812835693359e+02 3.058754730224609375e+01 3.945230484008789062e+01 9.718479919433593750e+01
2.058308982849121094e+02 3.174670791625976562e+01 3.905747222900390625e+01 9.778585052490234375e+01
2.047135105133056641e+02 3.105051040649414062e+01 3.935271835327148438e+01 9.665665435791015625e+01
2.047554512023925781e+02 3.236837768554687500e+01 3.996820831298828125e+01 9.482264709472656250e+01
2.053514156341552734e+02 3.277650070190429688e+01 3.958745193481445312e+01 9.572066497802734375e+01
2.048255329132080078e+02 3.310166549682617188e+01 3.936283493041992188e+01 9.456719207763671875e+01
2.050887413024902344e+02 3.265941238403321734e+01 3.864456939697265625e+01 9.394275665283203125e+01
2.052562522888183594e+02 3.245336914062501421e+01 3.867836761474609375e+01 9.427388000488281250e+01
2.039875602722167969e+02 3.262636184692384234e+01 3.958942413330078125e+01 9.403107452392578125e+01
2.051502208709716797e+02 3.264207077026370030e+01 3.757759475708007812e+01 9.369443511962890625e+01
2.045436096191406250e+02 3.296245956420901280e+01 3.761129760742187500e+01 9.446721649169921875e+01
2.036446819305419922e+02 3.274105834960938921e+01 3.775200271606445312e+01 9.193075561523437500e+01
2.045317840576171875e+02 3.224974441528321734e+01 3.602542114257812500e+01 9.287172698974609375e+01
2.045947475433349609e+02 3.183337402343751421e+01 3.585837173461914062e+01 9.381689453125000000e+01
2.058271656036376953e+02 3.280288314819337359e+01 3.475887680053710938e+01 9.312825775146484375e+01
2.062163658142089844e+02 3.230746459960938921e+01 3.546799468994140625e+01 9.381457519531250000e+01
2.064926986694335938e+02 3.180833053588868609e+01 3.638095092773437500e+01 9.408638763427734375e+01
2.059869594573974609e+02 3.324188995361329546e+01 3.684695816040039062e+01 9.427294921875000000e+01
2.075654621124267578e+02 3.320752334594727984e+01 3.616743087768554688e+01 9.344519805908203125e+01
2.068585605621337891e+02 3.444190597534181109e+01 3.664269638061523438e+01 9.294968414306640625e+01
2.082892284393310547e+02 3.455057144165041905e+01 3.527478408813476562e+01 9.068369293212890625e+01
2.094026699066162109e+02 3.543829727172855826e+01 3.381805801391601562e+01 9.081320953369140625e+01
2.103740520477294922e+02 3.639928436279301138e+01 3.212622451782226562e+01 8.843780517578125000e+01
2.103317356109619141e+02 3.588939285278323155e+01 3.251317977905273438e+01 8.868093109130859375e+01
2.093574981689453125e+02 3.631681060791018467e+01 3.346432495117187500e+01 8.788002014160156250e+01
2.091378383636474609e+02 3.639896011352541905e+01 3.294472122192382812e+01 8.814862823486328125e+01
2.093111991882324219e+02 3.621216583251955967e+01 3.260979461669921875e+01 8.908659362792968750e+01
2.087380237579345703e+02 3.588908386230471592e+01 3.295463180541992188e+01 8.848434448242187500e+01
2.086756725311279297e+02 3.593875885009768467e+01 3.357071304321289062e+01 8.946560668945312500e+01
2.087999706268310547e+02 3.581087875366213780e+01 3.325613784790039062e+01 8.654117584228515625e+01
2.076654891967773438e+02 3.684091186523440342e+01 3.432394409179687500e+01 8.857814025878906250e+01
2.080632019042968750e+02 3.712694549560551138e+01 3.295462036132812500e+01 8.487136840820312500e+01
2.072330379486083984e+02 3.766547012329105826e+01 3.350322341918945312e+01 8.724419403076171875e+01
2.079952812194824219e+02 3.718893432617191763e+01 3.236855316162109375e+01 8.526049804687500000e+01
2.076038322448730469e+02 3.819794845581060372e+01 3.281507110595703125e+01 8.569446563720703125e+01
2.070219192504882812e+02 3.729576492309575997e+01 3.186865234375000000e+01 8.217331695556640625e+01
2.078131809234619141e+02 3.638275146484380684e+01 3.221760177612304688e+01 8.771473693847656250e+01
2.071585330963134766e+02 3.597816085815435372e+01 3.261286544799804688e+01 8.510227203369140625e+01
2.067932243347167969e+02 3.596866989135749293e+01 3.284832000732421875e+01 9.126578521728515625e+01
2.072688674926757812e+02 3.618671798706061793e+01 3.205101013183593750e+01 8.434395599365234375e+01
2.072102050781250000e+02 3.719638061523444605e+01 3.267211914062500000e+01 8.879312133789062500e+01
2.060253028869628906e+02 3.727171325683600855e+01 3.256105804443359375e+01 8.329911804199218750e+01
2.058964157104492188e+02 3.801807785034186793e+01 3.319563293457031250e+01 8.800209808349609375e+01
2.071513462066650391e+02 3.797313690185553980e+01 3.261223983764648438e+01 8.074890136718750000e+01
2.059030132293701172e+02 3.896283340454107247e+01 3.405411148071289062e+01 8.499173736572265625e+01
2.068901729583740234e+02 3.868663406372075997e+01 3.267985916137695312e+01 8.207621002197265625e+01
2.074440002441406250e+02 3.739912033081060372e+01 3.216850280761718750e+01 8.768016815185546875e+01
2.081179714202880859e+02 3.782524108886724434e+01 3.099708938598632812e+01 8.115385437011718750e+01
2.067895278930664062e+02 3.894581222534185372e+01 3.270680236816406250e+01 8.389975738525390625e+01
2.079316635131835938e+02 3.750390243530280543e+01 3.075218200683593750e+01 8.033184051513671875e+01
2.070755081176757812e+02 3.897908020019538355e+01 3.126292419433593750e+01 8.114764404296875000e+01
2.068555660247802734e+02 3.546449279785163355e+01 3.147699356079101562e+01 9.111557006835937500e+01
2.075111570358276367e+02 3.754002380371100855e+01 3.061152076721191406e+01 8.046766662597656250e+01
2.073841085433959961e+02 3.867621994018561793e+01 3.099711799621582031e+01 8.124691009521484375e+01
2.067996912002563477e+02 3.711864852905280543e+01 3.101373100280761719e+01 8.387032318115234375e+01
2.057989416122436523e+02 3.683588409423835230e+01 3.175528144836425781e+01 8.913325500488281250e+01
2.062246227264404297e+02 4.050333404541022730e+01 3.116193008422851562e+01 7.948559570312500000e+01
2.051015615463256836e+02 4.150180816650397730e+01 3.158712959289550781e+01 7.844427490234375000e+01
2.054898300170898438e+02 4.158969879150397730e+01 3.220832824707031250e+01 7.626362609863281250e+01
2.052069244384765625e+02 4.155263137817389918e+01 3.146284484863281250e+01 8.005101776123046875e+01
2.059598636627197266e+02 4.236747741699225855e+01 3.079131698608398438e+01 7.567524719238281250e+01
2.048870706558227539e+02 4.288405609130866480e+01 3.181016349792480469e+01 7.655253601074218750e+01
2.035308752059936523e+02 4.313892745971688214e+01 3.181424140930175781e+01 7.393080902099609375e+01
2.050310840606689453e+02 4.153016281127938214e+01 3.077355575561523438e+01 7.662136077880859375e+01
2.032167320251464844e+02 4.299800872802742902e+01 3.200885772705078125e+01 7.383139038085937500e+01
2.028213672637939453e+02 4.165876007080086652e+01 3.235268783569335938e+01 7.651429748535156250e+01
2.028985271453857422e+02 3.998028182983406964e+01 3.284843826293945312e+01 7.781809234619140625e+01
2.020571498870849609e+02 4.135411071777352277e+01 3.459772109985351562e+01 7.603343200683593750e+01
2.018107872009277344e+02 4.189868164062507105e+01 3.542359161376953125e+01 7.410884094238281250e+01
2.013364162445068359e+02 3.998068237304694605e+01 3.691492080688476562e+01 7.628749084472656250e+01
2.018194084167480469e+02 3.907910537719733668e+01 3.607061004638671875e+01 7.569727325439453125e+01
2.022091655731201172e+02 3.485940170288094464e+01 3.681123733520507812e+01 8.131005096435546875e+01
2.025204048156738281e+02 4.094267272949227277e+01 3.332048797607421875e+01 7.632276916503906250e+01
2.022888135910034180e+02 4.233279800415047589e+01 3.193515968322753906e+01 7.458329010009765625e+01
2.033896389007568359e+02 4.256238174438483668e+01 3.058195877075195312e+01 7.222035980224609375e+01
2.034097423553466797e+02 4.230501174926764918e+01 2.861493301391601562e+01 7.389739227294921875e+01
2.032427349090576172e+02 4.322149658203132105e+01 2.922635269165039062e+01 7.383551025390625000e+01
2.034130496978759766e+02 4.348279571533211652e+01 2.888134384155273438e+01 7.313127136230468750e+01
2.032606229782104492e+02 4.376617813110360089e+01 2.852916908264160156e+01 7.298703765869140625e+01
2.028270568847656250e+02 4.362996673583992902e+01 2.936892700195312500e+01 7.349772644042968750e+01
2.019311075210571289e+02 4.380281448364267760e+01 3.018551445007324219e+01 7.433919525146484375e+01
2.023960361480712891e+02 4.370886611938486510e+01 3.105854415893554688e+01 7.134117889404296875e+01
2.025123414993286133e+02 4.286324310302744323e+01 3.068190574645996094e+01 7.511679077148437500e+01
2.026681795120239258e+02 4.333526992797861510e+01 3.013652610778808594e+01 7.279784393310546875e+01
2.017107706069946289e+02 4.415229415893564635e+01 3.093806266784667969e+01 7.404537200927734375e+01
2.031023635864257812e+02 4.451677703857431823e+01 3.023724365234375000e+01 7.217752075195312500e+01
2.025127687454223633e+02 4.545407485961924010e+01 2.923164939880371094e+01 7.185759735107421875e+01
2.026531467437744141e+02 4.540977096557627135e+01 3.076476669311523438e+01 7.064282989501953125e+01
2.022281284332275391e+02 4.602191543579111510e+01 2.917893600463867188e+01 7.051235198974609375e+01
2.021021595001220703e+02 4.549167633056650573e+01 2.948127365112304688e+01 6.939031982421875000e+01
2.020635871887207031e+02 4.466629028320322448e+01 2.892180633544921875e+01 6.932061767578125000e+01
2.013112668991088867e+02 4.419605636596689635e+01 2.868618202209472656e+01 7.181096649169921875e+01
2.023341512680053711e+02 4.485951614379892760e+01 2.821357917785644531e+01 7.165602874755859375e+01
2.030554704666137695e+02 4.476298904418955260e+01 2.931064414978027344e+01 6.994907379150390625e+01
2.009954938888549805e+02 4.419282150268564635e+01 3.010083961486816406e+01 7.073133087158203125e+01
2.015554504394531250e+02 4.439141845703134948e+01 3.015057373046875000e+01 7.100004577636718750e+01
2.013785200119018555e+02 4.450101852417003556e+01 3.091594886779785156e+01 7.022443389892578125e+01
2.026505813598632812e+02 4.543242263793956681e+01 3.031561279296875000e+01 6.958719635009765625e+01
2.020576581954956055e+02 4.491541671752941056e+01 3.066394996643066406e+01 7.036627960205078125e+01
2.031865444183349609e+02 4.576937866210950290e+01 3.012678909301757812e+01 6.903224182128906250e+01
2.038593492507934570e+02 4.576604461669934665e+01 2.842775535583496094e+01 6.816461181640625000e+01
2.043964271545410156e+02 4.596017456054700290e+01 2.761074066162109375e+01 6.887722778320312500e+01
2.054537954330444336e+02 4.616426467895520602e+01 2.682705879211425781e+01 6.777533721923828125e+01
2.059565086364746094e+02 4.605964279174817477e+01 2.666522979736328125e+01 6.776738739013671875e+01
2.050833196640014648e+02 4.664511489868176852e+01 2.767701911926269531e+01 6.865792083740234375e+01
2.063173789978027344e+02 4.662324905395520602e+01 2.889899444580078125e+01 6.839067840576171875e+01
2.045820350646972656e+02 4.647651672363294040e+01 3.308470916748046875e+01 6.676362609863281250e+01
2.044718647003173828e+02 4.510991668701184665e+01 3.443784713745117188e+01 6.845115661621093750e+01
2.042963180541992188e+02 4.337474060058606540e+01 3.476698303222656250e+01 7.081304931640625000e+01
2.038245944976806641e+02 3.383879470825208102e+01 3.599770736694335938e+01 8.150598907470703125e+01
2.027532539367675781e+02 3.172970581054700290e+01 3.987886810302734375e+01 8.189495849609375000e+01
2.031760406494140625e+02 3.242486953735364352e+01 4.067231750488281250e+01 8.166362762451171875e+01
2.037834415435791016e+02 3.797014617919934665e+01 3.981382369995117188e+01 7.624493408203125000e+01
2.033915061950683594e+02 2.958915710449232961e+01 3.700336456298828125e+01 8.607435607910156250e+01
2.031813831329345703e+02 3.996922683715834523e+01 3.762208175659179688e+01 7.452509307861328125e+01
2.037493934631347656e+02 4.571313476562514211e+01 3.163828277587890625e+01 6.895747375488281250e+01
2.049671287536621094e+02 4.698065948486342336e+01 2.977059173583984375e+01 6.548365783691406250e+01
2.047719898223876953e+02 4.741993713378920461e+01 2.941186141967773438e+01 6.531922912597656250e+01
2.049146318435668945e+02 4.766294097900404836e+01 2.855283164978027344e+01 6.545912170410156250e+01
2.050006008148193359e+02 4.740245437622084523e+01 3.038454055786132812e+01 6.397432708740234375e+01
2.059413223266601562e+02 4.676901245117201711e+01 3.095985412597656250e+01 6.490260314941406250e+01
2.067903604507446289e+02 4.686120986938490773e+01 3.153372001647949219e+01 6.583516693115234375e+01
2.078867568969726562e+02 4.704985427856459523e+01 2.949810791015625000e+01 6.643112945556640625e+01
2.062713718414306641e+02 4.862464523315443898e+01 3.203994369506835938e+01 6.484294891357421875e+01
2.094024505615234375e+02 4.309954452514662648e+01 3.231088256835937500e+01 6.817963409423828125e+01
2.058391704559326172e+02 5.197507667541518117e+01 3.270764541625976562e+01 5.943880844116210938e+01
2.112175254821777344e+02 5.093594741821303273e+01 2.639029693603515625e+01 6.120475006103515625e+01
2.100324468612670898e+02 5.076751327514662648e+01 2.640568733215332031e+01 5.990505218505859375e+01
2.097927560806274414e+02 4.930877494812025930e+01 2.740043449401855469e+01 6.100525283813476562e+01
2.116902036666870117e+02 5.011704635620131398e+01 2.709359169006347656e+01 6.025070953369140625e+01
2.107356290817260742e+02 5.027119445800795461e+01 2.596384620666503906e+01 6.207597351074218750e+01
2.114199953079223633e+02 4.969887161254897023e+01 2.670763206481933594e+01 6.267253875732421875e+01
2.092313537597656250e+02 4.926698684692397023e+01 3.457507324218750000e+01 6.090685272216796875e+01
2.094544811248779297e+02 4.858800315856947805e+01 3.493925857543945312e+01 5.890596389770507812e+01
2.080442504882812500e+02 5.092641067504897023e+01 3.467317199707031250e+01 5.798593902587890625e+01
2.105059604644775391e+02 4.901618003845229055e+01 3.578806686401367188e+01 6.163327407836914062e+01
2.112511291503906250e+02 4.972817993164076711e+01 3.357284545898437500e+01 6.140086364746093750e+01
2.111827268600463867e+02 5.222326087951674367e+01 2.748197364807128906e+01 5.987635421752929688e+01
2.118845643997192383e+02 4.994967460632338430e+01 3.169443321228027344e+01 6.091217422485351562e+01
2.102754602432250977e+02 5.217578315734877492e+01 2.575147819519042969e+01 5.948456954956054688e+01
2.103565540313720703e+02 5.112326622009291555e+01 3.058468246459960938e+01 5.838463211059570312e+01
2.091924800872802734e+02 5.086921501159682180e+01 2.962617874145507812e+01 5.944989395141601562e+01
2.120478029251098633e+02 5.093426322937025930e+01 2.893089866638183594e+01 5.893738174438476562e+01
2.107297906875610352e+02 5.259662246704115773e+01 2.853582572937011719e+01 5.744365692138671875e+01
2.109403114318847656e+02 5.055337333679213430e+01 2.967145538330078125e+01 5.969105911254882812e+01
2.089348373413085938e+02 4.756136131286635305e+01 3.452113342285156250e+01 6.163490676879882812e+01
2.068112297058105469e+02 5.157873153686537648e+01 3.660974884033203125e+01 5.588195037841796875e+01
2.103635253906250000e+02 4.861098861694350148e+01 3.466343688964843750e+01 5.879340362548828125e+01
2.082170143127441406e+02 4.882391738891615773e+01 4.129636383056640625e+01 5.755866241455078125e+01
2.106960887908935547e+02 4.663759422302258884e+01 4.247121047973632812e+01 6.142923355102539062e+01
2.095673522949218750e+02 2.521645355224622165e+01 3.844935607910156250e+01 8.357629394531250000e+01
2.089613380432128906e+02 2.302886962890639211e+01 3.484635162353515625e+01 8.634803771972656250e+01
2.122794628143310547e+02 2.868534851074232961e+01 3.422960281372070312e+01 8.101625061035156250e+01
2.099451866149902344e+02 3.378758239746109382e+01 3.562265777587890625e+01 7.533096313476562500e+01
2.140390071868896484e+02 4.154013061523453132e+01 3.942827224731445312e+01 6.931817626953125000e+01
2.069680728912353516e+02 2.906741333007829553e+01 3.612820053100585938e+01 8.293652343750000000e+01
2.110210323333740234e+02 3.409449386596696741e+01 3.869414138793945312e+01 7.657949066162109375e+01
2.130097179412841797e+02 3.761543655395524866e+01 3.793121719360351562e+01 7.280278778076171875e+01
2.127264232635498047e+02 2.864164352417010662e+01 3.868165969848632812e+01 8.081220245361328125e+01
2.104399795532226562e+02 2.619314193725604412e+01 3.764537048339843750e+01 8.255518341064453125e+01
2.080131587982177734e+02 2.308477020263690349e+01 3.670528030395507812e+01 8.457020568847656250e+01
2.110662345886230469e+02 3.284221649169940349e+01 4.048348236083984375e+01 7.652636718750000000e+01
2.100632534027099609e+02 3.477114105224627849e+01 4.600529861450195312e+01 7.399749755859375000e+01
2.084199581146240234e+02 2.615827941894551145e+01 4.146744155883789062e+01 8.391969299316406250e+01
2.098477821350097656e+02 1.997036743164082395e+01 3.881784820556640625e+01 8.955525207519531250e+01
2.084381027221679688e+02 2.267969131469746458e+01 4.320631408691406250e+01 8.407085418701171875e+01
2.102834720611572266e+02 2.785366439819355833e+01 4.437583541870117188e+01 8.008910369873046875e+01
2.102827758789062500e+02 2.071675109863299724e+01 3.568270874023437500e+01 8.788220214843750000e+01
2.090966758728027344e+02 2.553511428833026287e+01 4.857384490966796875e+01 8.365923309326171875e+01
2.079175777435302734e+02 2.841715240478534099e+01 4.954785537719726562e+01 8.142552185058593750e+01
2.104281234741210938e+02 1.951311874389666912e+01 4.649267578125000000e+01 8.972835540771484375e+01
2.105471515655517578e+02 3.132614517211932537e+01 5.046799850463867188e+01 7.958347320556640625e+01
2.130447978973388672e+02 2.288810729980487224e+01 4.604056167602539062e+01 9.175941467285156250e+01
2.118379383087158203e+02 2.346305084228534099e+01 4.857201766967773438e+01 8.830529785156250000e+01
2.138808670043945312e+02 3.016974639892596599e+01 5.029212951660156250e+01 8.138851928710937500e+01
2.122407741546630859e+02 2.843412017822284099e+01 5.150639724731445312e+01 8.394892883300781250e+01
2.118876552581787109e+02 3.177492523193377849e+01 5.476350784301757812e+01 8.004411315917968750e+01
2.101652297973632812e+02 2.934409713745135662e+01 5.338218688964843750e+01 8.417090606689453125e+01
2.099567775726318359e+02 2.294605636596698162e+01 4.794636917114257812e+01 8.977008819580078125e+01
2.105101203918457031e+02 2.295219039917010662e+01 4.688872528076171875e+01 8.822904205322265625e+01
2.094263477325439453e+02 2.225922393798846599e+01 4.545858383178710938e+01 8.756224060058593750e+01
2.093746376037597656e+02 2.908939743042009241e+01 4.822493743896484375e+01 8.022714996337890625e+01
2.134064960479736328e+02 1.871901702880875007e+01 3.569193649291992188e+01 9.226683044433593750e+01
2.116394958496093750e+02 2.504608917236343757e+01 4.130743408203125000e+01 8.293707275390625000e+01
2.085925159454345703e+02 2.071397781372085944e+01 3.892852401733398438e+01 8.692504119873046875e+01
2.092026748657226562e+02 2.216760635375992194e+01 3.963934326171875000e+01 8.441031646728515625e+01
2.091170940399169922e+02 2.171683502197281257e+01 4.040758132934570312e+01 8.551789855957031250e+01
2.092660217285156250e+02 2.260326004028335944e+01 3.942131042480468750e+01 8.468022918701171875e+01
2.091657218933105469e+02 2.072956466674820319e+01 4.000691986083984375e+01 8.553127288818359375e+01
2.094335632324218750e+02 3.010425567626970178e+01 3.964721679687500000e+01 8.013313293457031250e+01
2.108889675140380859e+02 2.301438903808610803e+01 3.908743667602539062e+01 8.670877075195312500e+01
2.095690383911132812e+02 1.917390823364274866e+01 3.877784729003906250e+01 8.887091827392578125e+01
2.101834163665771484e+02 2.703681182861345178e+01 4.257567214965820312e+01 8.198541259765625000e+01
2.106562004089355469e+02 2.067186737060562507e+01 3.629610443115234375e+01 8.853175354003906250e+01
2.087873535156250000e+02 2.227137756347673303e+01 4.356158447265625000e+01 8.656938171386718750e+01
2.085595893859863281e+02 2.122710418701190349e+01 4.084358978271484375e+01 8.686178588867187500e+01
2.076705970764160156e+02 2.232350158691423303e+01 4.305588531494140625e+01 8.539993286132812500e+01
2.078265590667724609e+02 2.606998825073260662e+01 4.417416763305664062e+01 8.184889984130859375e+01
2.071583442687988281e+02 2.318761444091815349e+01 4.306842803955078125e+01 8.599497985839843750e+01
2.068033237457275391e+02 2.136928939819354412e+01 4.376255416870117188e+01 8.759159088134765625e+01
2.082241706848144531e+02 2.942178344726580974e+01 4.713498687744140625e+01 8.120828247070312500e+01
2.109042682647705078e+02 1.977232360839862224e+01 3.798130416870117188e+01 9.261801147460937500e+01
2.077581577301025391e+02 2.269946289062518474e+01 4.276359176635742188e+01 8.606037902832031250e+01
2.079130573272705078e+02 2.507939529418965208e+01 4.386826705932617188e+01 8.373430633544921875e+01
2.093739185333251953e+02 2.509187698364279129e+01 4.359965133666992188e+01 8.449953460693359375e+01
2.101894454956054688e+02 2.310743331909202425e+01 3.852789306640625000e+01 8.655942535400390625e+01
2.101196327209472656e+02 2.002690124511741487e+01 4.022937774658203125e+01 8.849969482421875000e+01
2.080572681427001953e+02 2.815528106689474441e+01 4.564370346069335938e+01 8.058587646484375000e+01
2.106557636260986328e+02 1.902868270874046175e+01 4.383033370971679688e+01 9.142116546630859375e+01
2.095075531005859375e+02 3.217530441284202425e+01 4.926673889160156250e+01 7.774416351318359375e+01
2.140974807739257812e+02 2.244488143920921175e+01 4.274201965332031250e+01 9.007109832763671875e+01
2.119230003356933594e+02 2.830173110961935379e+01 4.618428802490234375e+01 8.362531280517578125e+01
2.116462707519531250e+02 2.189827728271504270e+01 4.489071655273437500e+01 9.145523071289062500e+01
2.070419654846191406e+02 3.183945465087910520e+01 5.057706451416015625e+01 8.114645385742187500e+01
2.083576221466064453e+02 2.576658248901387083e+01 4.948991012573242188e+01 8.807837677001953125e+01
2.065298480987548828e+02 3.223193359375019895e+01 5.040781784057617188e+01 7.996701049804687500e+01
2.072453498840332031e+02 2.892332839965840208e+01 5.131735992431640625e+01 8.506958770751953125e+01
2.113625507354736328e+02 2.516320037841816770e+01 4.576285934448242188e+01 8.740679931640625000e+01
2.086471557617187500e+02 3.117065429687518474e+01 5.026982116699218750e+01 8.111729431152343750e+01
2.116366844177246094e+02 2.276751708984393474e+01 4.465050506591796875e+01 8.517932128906250000e+01
2.081243553161621094e+02 3.229872894287127849e+01 4.889397430419921875e+01 7.863905334472656250e+01
2.099586620330810547e+02 2.855328750610368616e+01 4.734169387817382812e+01 8.094568634033203125e+01
2.089922046661376953e+02 2.263607025146501428e+01 4.498603439331054688e+01 8.867257690429687500e+01
2.034356861114501953e+02 3.393539047241226569e+01 5.261835861206054688e+01 7.674800872802734375e+01
2.073366260528564453e+02 2.935898971557632819e+01 5.292222213745117188e+01 8.430496978759765625e+01
2.104703063964843750e+02 2.849568939209000007e+01 4.825181579589843750e+01 8.320503234863281250e+01
2.130575580596923828e+02 3.049692916870132819e+01 4.657621383666992188e+01 8.052312469482421875e+01
2.146075725555419922e+02 3.400887680053727991e+01 4.036314773559570312e+01 9.265596771240234375e+01
2.138370437622070312e+02 3.355767440795916912e+01 4.532926940917968750e+01 7.934001922607421875e+01
2.213996372222900391e+02 3.107051467895526287e+01 3.701321029663085938e+01 8.960407257080078125e+01
2.230560817718505859e+02 3.429782867431659099e+01 3.652402114868164062e+01 7.902236938476562500e+01
2.192301826477050781e+02 3.428620147705096599e+01 3.807111358642578125e+01 8.002423095703125000e+01
2.209980678558349609e+02 3.241233444213887083e+01 3.587382888793945312e+01 7.935904693603515625e+01
2.193472156524658203e+02 3.285926437377948162e+01 3.964725875854492188e+01 7.850350189208984375e+01
2.190880775451660156e+02 3.260959243774432537e+01 4.122757720947265625e+01 7.711739349365234375e+01
2.165276584625244141e+02 3.226467132568377849e+01 4.591827011108398438e+01 7.964581298828125000e+01
2.182896518707275391e+02 3.098944091796893474e+01 4.120476913452148438e+01 8.050425720214843750e+01
2.174509487152099609e+02 2.958226013183612224e+01 4.319368362426757812e+01 8.096839904785156250e+01
2.159456520080566406e+02 3.001835632324235803e+01 4.284116363525390625e+01 7.988447570800781250e+01
2.179480552673339844e+02 3.028121948242204553e+01 4.073473358154296875e+01 8.132180786132812500e+01
2.153081378936767578e+02 3.005300521850602991e+01 4.395029830932617188e+01 8.126528167724609375e+01
2.177799415588378906e+02 2.962007141113298303e+01 4.210112762451171875e+01 9.678901672363281250e+01
2.177264022827148438e+02 3.670089721679704553e+01 3.911468505859375000e+01 7.560595703125000000e+01
2.179978713989257812e+02 3.185010528564470178e+01 3.781199645996093750e+01 8.096670532226562500e+01
2.173315887451171875e+02 3.193349075317399866e+01 3.694610595703125000e+01 7.829227447509765625e+01
2.181179504394531250e+02 3.692439651489274866e+01 3.525028991699218750e+01 7.371083831787109375e+01
2.171683139801025391e+02 3.540807723999040491e+01 3.549256515502929688e+01 7.402838897705078125e+01
2.180639934539794922e+02 3.469435501098648444e+01 3.347693252563476562e+01 7.581417083740234375e+01
2.198074550628662109e+02 3.530255508422867194e+01 3.195036697387695312e+01 7.376731109619140625e+01
2.152980041503906250e+02 3.274154281616226569e+01 3.573535156250000000e+01 7.620619964599609375e+01
2.148602848052978516e+02 3.449540710449234382e+01 3.415641403198242188e+01 7.515031433105468750e+01
2.180714683532714844e+02 3.721927261352554694e+01 3.447658538818359375e+01 7.189853668212890625e+01
2.180021343231201172e+02 3.458604431152359382e+01 3.335838699340820312e+01 7.519306945800781250e+01
2.188931388854980469e+02 3.320661544799820319e+01 3.330101776123046875e+01 7.604357147216796875e+01
2.146835041046142578e+02 3.324224090576187507e+01 3.470550155639648438e+01 7.736845397949218750e+01
2.166165409088134766e+02 3.374727249145523444e+01 3.502653121948242188e+01 7.569860076904296875e+01
2.185708866119384766e+02 3.278437423706068898e+01 3.269401168823242188e+01 7.661197662353515625e+01
2.209752063751220703e+02 3.333119201660170461e+01 3.008105087280273438e+01 7.619830322265625000e+01
2.156945648193359375e+02 3.451128387451186086e+01 3.442376708984375000e+01 8.612458801269531250e+01
2.152741413116455078e+02 3.291374969482436086e+01 3.633971786499023438e+01 8.312820434570312500e+01
2.177334079742431641e+02 3.336573410034193898e+01 3.377248764038085938e+01 7.934049224853515625e+01
2.190244941711425781e+02 3.446273803710951711e+01 3.062982940673828125e+01 7.572853088378906250e+01
2.173835954666137695e+02 3.466459274292006398e+01 3.174988365173339844e+01 7.586554718017578125e+01
2.173600387573242188e+02 3.472085189819348727e+01 3.257772827148437500e+01 7.457935333251953125e+01
2.169402532577514648e+02 3.320982742309584523e+01 3.168069648742675781e+01 7.612926483154296875e+01
2.172330245971679688e+02 3.363639450073254977e+01 3.317343139648437500e+01 7.429770660400390625e+01
2.173134994506835938e+02 3.506287002563489352e+01 3.296878051757812500e+01 7.424694061279296875e+01
2.158694534301757812e+02 3.333177947998061086e+01 3.255651855468750000e+01 7.553120422363281250e+01
2.160260429382324219e+02 3.299143600463881398e+01 3.324611663818359375e+01 7.441812896728515625e+01
2.158128700256347656e+02 3.426271057128920461e+01 3.422789764404296875e+01 7.396241760253906250e+01
2.153206863403320312e+02 3.546494293212904836e+01 3.394667053222656250e+01 7.292393493652343750e+01
2.163788471221923828e+02 3.321239852905287648e+01 3.399189376831054688e+01 7.499298858642578125e+01
2.158610324859619141e+02 3.512467956542982961e+01 3.413523483276367188e+01 7.304273986816406250e+01
2.159044113159179688e+02 3.351531600952162648e+01 3.422106933593750000e+01 7.380780792236328125e+01
2.149926605224609375e+02 3.618398284912123586e+01 3.509542846679687500e+01 7.236285400390625000e+01
2.161614437103271484e+02 3.392068099975600148e+01 3.343437576293945312e+01 7.487363433837890625e+01
2.169347343444824219e+02 3.381694030761732961e+01 3.407021331787109375e+01 7.422523498535156250e+01
2.173789987564086914e+02 3.494814300537123586e+01 3.047642326354980469e+01 7.426037597656250000e+01
2.163125076293945312e+02 3.484471893310561086e+01 3.353309631347656250e+01 7.286103820800781250e+01
2.177444915771484375e+02 3.447506332397476569e+01 3.216131591796875000e+01 7.377872467041015625e+01
2.184292964935302734e+02 3.408037567138687507e+01 3.159144973754882812e+01 7.365412902832031250e+01
2.183058385848999023e+02 3.614204025268570319e+01 3.032417488098144531e+01 7.348734283447265625e+01
2.177702808380126953e+02 3.689641189575210944e+01 3.348666000366210938e+01 7.169121551513671875e+01
2.148436317443847656e+02 3.510292434692397023e+01 3.354047393798828125e+01 7.240160369873046875e+01
2.153769302368164062e+02 3.289948654174820319e+01 3.661911010742187500e+01 7.307186126708984375e+01
2.158041744232177734e+02 3.557645797729507819e+01 3.470943069458007812e+01 7.359792327880859375e+01
2.165037994384765625e+02 3.390947723388687507e+01 3.433146667480468750e+01 7.348442077636718750e+01
2.170415573120117188e+02 3.535231781005875007e+01 3.495901489257812500e+01 7.216021728515625000e+01
2.168316879272460938e+02 3.491329956054703132e+01 3.302871704101562500e+01 7.334866333007812500e+01
2.171332721710205078e+02 3.440828323364272023e+01 3.305210494995117188e+01 7.320610809326171875e+01
2.165286045074462891e+02 3.356258773803723727e+01 3.402267074584960938e+01 7.306357574462890625e+01
2.143512935638427734e+02 3.518331527709973727e+01 3.589358901977539062e+01 7.324207305908203125e+01
2.140747566223144531e+02 3.418123626708995744e+01 3.885746002197265625e+01 7.330934143066406250e+01
2.141758327484130859e+02 3.480635833740244323e+01 3.567459487915039062e+01 7.404478454589843750e+01
2.129636726379394531e+02 3.419778823852547589e+01 4.011127471923828125e+01 7.369188690185546875e+01
2.133646984100341797e+02 3.434300231933602277e+01 3.735011672973632812e+01 7.519290161132812500e+01
2.155001411437988281e+02 3.398092269897469464e+01 3.837184906005859375e+01 7.424718475341796875e+01
2.141831378936767578e+02 3.477689743041999293e+01 3.635648727416992188e+01 7.418396759033203125e+01
2.148414840698242188e+02 3.442557144165046168e+01 3.896702575683593750e+01 7.379151153564453125e+01
