2.140000000000000000e+02 6.100000000000000000e+01 1.900000000000000000e+01 2.100000000000000000e+01
2.126197147369384766e+02 6.043599128723144531e+01 2.079594039916992188e+01 1.974222183227539062e+01
2.132336654663085938e+02 6.043173503875732422e+01 2.045146942138671875e+01 2.037118721008300781e+01
2.138305120468139648e+02 6.001155471801757812e+01 2.159787940979003906e+01 2.033982086181640625e+01
2.138177938461303711e+02 6.033466625213623047e+01 2.029764747619628906e+01 2.029944038391113281e+01
2.141248683929443359e+02 6.059804630279541016e+01 2.011517715454101562e+01 1.989878654479980469e+01
2.137589731216430664e+02 6.021965217590332031e+01 1.984227561950683594e+01 2.012541580200195312e+01
2.135522670745849609e+02 6.047409152984619141e+01 2.059463119506835938e+01 1.981291770935058594e+01
2.141665449142456055e+02 5.990594577789306641e+01 2.049331092834472656e+01 2.029382896423339844e+01
2.144156780242919922e+02 6.049774456024169922e+01 2.070991897583007812e+01 1.968867683410644531e+01
2.143006744384765625e+02 6.016561222076416016e+01 2.063993072509765625e+01 1.990131187438964844e+01
2.136983757019042969e+02 6.037017059326171875e+01 2.072270965576171875e+01 2.014607238769531250e+01
2.139628725051879883e+02 6.068688011169433594e+01 2.047599601745605469e+01 1.996633529663085938e+01
2.130767793655395508e+02 6.006879138946533203e+01 2.106255149841308594e+01 2.074138450622558594e+01
2.130948066711425781e+02 6.023670196533203125e+01 2.046576690673828125e+01 2.026858520507812500e+01
2.130566883087158203e+02 6.033311367034912109e+01 2.083105850219726562e+01 2.043506050109863281e+01
2.121815719604492188e+02 6.010877799987792969e+01 2.105665588378906250e+01 2.021374893188476562e+01
2.112805452346801758e+02 5.937650108337402344e+01 2.178070640563964844e+01 2.071633529663085938e+01
2.101584444046020508e+02 6.020129776000976562e+01 2.102796745300292969e+01 2.041043853759765625e+01
2.081801662445068359e+02 5.975405979156494141e+01 2.120590591430664062e+01 2.087084770202636719e+01
2.074505710601806641e+02 5.956859588623046875e+01 2.068066787719726562e+01 2.092660522460937500e+01
2.055827627182006836e+02 6.028321361541748047e+01 2.040834236145019531e+01 2.075879096984863281e+01
2.050371103286743164e+02 6.058170604705810547e+01 1.879672050476074219e+01 2.079180335998535156e+01
2.034526281356811523e+02 6.038235664367675781e+01 1.912507057189941406e+01 2.083208084106445312e+01
2.011775426864624023e+02 6.039589309692382812e+01 2.030300331115722656e+01 2.099157714843750000e+01
1.987570123672485352e+02 6.089340019226074219e+01 2.156857109069824219e+01 2.156412124633789062e+01
1.954256820678710938e+02 6.110044288635253906e+01 2.092292022705078125e+01 2.109504318237304688e+01
1.944567222595214844e+02 6.168133258819580078e+01 2.098161315917968750e+01 2.094327354431152344e+01
1.927339620590209961e+02 6.170980739593505859e+01 2.129272651672363281e+01 2.083692359924316406e+01
1.920964365005493164e+02 6.197166728973388672e+01 2.036951255798339844e+01 2.009115028381347656e+01
1.907291221618652344e+02 6.154779148101806641e+01 2.047694396972656250e+01 2.016522026062011719e+01
1.902965908050537109e+02 6.191799736022949219e+01 2.072968673706054688e+01 2.061053848266601562e+01
1.869319190979003906e+02 6.119681739807128906e+01 2.115085601806640625e+01 2.158075332641601562e+01
1.828870439529418945e+02 6.137851905822753906e+01 2.125938224792480469e+01 2.149072647094726562e+01
1.816081485748291016e+02 6.146036720275878906e+01 2.081965255737304688e+01 2.108623886108398438e+01
1.790688657760620117e+02 6.147152137756347656e+01 2.033226203918457031e+01 2.151378250122070312e+01
1.762761783599853516e+02 6.287709045410156250e+01 2.123485946655273438e+01 2.064405059814453125e+01
1.746563253402709961e+02 6.375009250640869141e+01 2.112421607971191406e+01 2.071352958679199219e+01
1.743272848129272461e+02 6.374090766906738281e+01 2.090648078918457031e+01 2.112414932250976562e+01
1.740034885406494141e+02 6.381200218200683594e+01 2.029304122924804688e+01 2.143081283569335938e+01
1.742763900756835938e+02 6.465009212493896484e+01 2.091451263427734375e+01 2.205105781555175781e+01
1.740809803009033203e+02 6.521600532531738281e+01 2.086876296997070312e+01 2.182528305053710938e+01
1.745800895690917969e+02 6.660451889038085938e+01 2.046698760986328125e+01 2.112264251708984375e+01
1.731573743820190430e+02 6.691675281524658203e+01 1.979311561584472656e+01 1.946903038024902344e+01
1.707172117233276367e+02 6.703569698333740234e+01 1.986754798889160156e+01 2.028485298156738281e+01
1.674481601715087891e+02 6.552240943908691406e+01 1.952728652954101562e+01 2.102417373657226562e+01
1.636592607498168945e+02 6.597115325927734375e+01 2.052268791198730469e+01 2.149417114257812500e+01
1.604039230346679688e+02 6.619945812225341797e+01 2.075171661376953125e+01 2.153014564514160156e+01
1.590530338287353516e+02 6.617573928833007812e+01 2.023640060424804688e+01 2.116260528564453125e+01
1.562908744812011719e+02 6.585914230346679688e+01 2.043381500244140625e+01 2.120098114013671875e+01
1.535155572891235352e+02 6.589649772644042969e+01 2.098573112487792969e+01 2.170555496215820312e+01
1.513797855377197266e+02 6.492895793914794922e+01 2.149541854858398438e+01 2.137858009338378906e+01
1.494653224945068359e+02 6.524817848205566406e+01 2.152173233032226562e+01 2.150928878784179688e+01
1.465777015686035156e+02 6.540247154235839844e+01 2.204931640625000000e+01 2.194108963012695312e+01
1.449189329147338867e+02 6.653884124755859375e+01 2.178973579406738281e+01 2.201784515380859375e+01
1.428719425201416016e+02 6.643854904174804688e+01 2.210152053833007812e+01 2.199666595458984375e+01
1.410952548980712891e+02 6.701991844177246094e+01 2.238299179077148438e+01 2.223645401000976562e+01
1.399982366561889648e+02 6.772266864776611328e+01 2.218724250793457031e+01 2.233088493347167969e+01
1.388568897247314453e+02 6.801764106750488281e+01 2.237646865844726562e+01 2.261332321166992188e+01
1.387722120285034180e+02 6.871009063720703125e+01 2.084221839904785156e+01 2.227157592773437500e+01
1.381021461486816406e+02 6.917650985717773438e+01 2.002992248535156250e+01 2.166313171386718750e+01
1.382548427581787109e+02 6.901361942291259766e+01 2.055648422241210938e+01 2.123788261413574219e+01
1.384265708923339844e+02 6.864201736450195312e+01 2.039667510986328125e+01 2.119161987304687500e+01
1.387771959304809570e+02 6.945900249481201172e+01 1.931033134460449219e+01 2.066964912414550781e+01
1.397877254486083984e+02 6.894869041442871094e+01 1.908008193969726562e+01 2.031908798217773438e+01
1.395113763809204102e+02 6.872211837768554688e+01 1.982680320739746094e+01 2.052480316162109375e+01
1.394972515106201172e+02 6.941014575958251953e+01 1.923955917358398438e+01 2.014225578308105469e+01
1.392233390808105469e+02 6.887009143829345703e+01 1.947274017333984375e+01 2.018727684020996094e+01
1.392488756179809570e+02 6.845811271667480469e+01 1.939237022399902344e+01 2.004632949829101562e+01
1.396290683746337891e+02 6.883775520324707031e+01 2.014445877075195312e+01 2.016026687622070312e+01
1.399986181259155273e+02 6.939093208312988281e+01 2.011316108703613281e+01 2.004304122924804688e+01
1.399885883331298828e+02 6.868757438659667969e+01 1.968183517456054688e+01 2.057455825805664062e+01
1.417374458312988281e+02 6.945238494873046875e+01 2.003525543212890625e+01 2.002890014648437500e+01
1.426823530197143555e+02 6.872187232971191406e+01 2.030777931213378906e+01 2.046023178100585938e+01
1.430849380493164062e+02 6.851613521575927734e+01 2.061891174316406250e+01 1.967578315734863281e+01
1.441026668548583984e+02 6.870892047882080078e+01 2.123431015014648438e+01 2.036761283874511719e+01
1.466715917587280273e+02 6.899330425262451172e+01 2.168860816955566406e+01 2.144549751281738281e+01
1.505605773925781250e+02 6.930395889282226562e+01 2.268561553955078125e+01 2.113678741455078125e+01
1.553668346405029297e+02 6.768280506134033203e+01 2.102285385131835938e+01 2.211961936950683594e+01
1.599280014038085938e+02 6.755033493041992188e+01 2.181536102294921875e+01 2.262723541259765625e+01
1.631091899871826172e+02 6.727163887023925781e+01 2.158947372436523438e+01 2.206180191040039062e+01
1.669485654830932617e+02 6.717965888977050781e+01 2.030330085754394531e+01 2.156229019165039062e+01
1.703935537338256836e+02 6.585746383666992188e+01 1.973027992248535156e+01 2.216265106201171875e+01
1.741642236709594727e+02 6.600456047058105469e+01 2.058801841735839844e+01 2.070356369018554688e+01
1.770118608474731445e+02 6.544415283203125000e+01 2.206735801696777344e+01 2.037093353271484375e+01
1.802839851379394531e+02 6.533205413818359375e+01 2.226756286621093750e+01 2.181243133544921875e+01
1.840972023010253906e+02 6.465521144866943359e+01 2.251908111572265625e+01 2.097884559631347656e+01
1.869874219894409180e+02 6.430952358245849609e+01 2.233313179016113281e+01 2.151837348937988281e+01
1.903557090759277344e+02 6.443644428253173828e+01 2.264508819580078125e+01 2.135718345642089844e+01
1.930896520614624023e+02 6.378606891632080078e+01 2.166947364807128906e+01 2.145727348327636719e+01
1.968758935928344727e+02 6.307873153686523438e+01 2.181733512878417969e+01 2.140980529785156250e+01
1.995916442871093750e+02 6.332862567901611328e+01 2.133651733398437500e+01 2.210555839538574219e+01
2.013987903594970703e+02 6.274677276611328125e+01 2.099123764038085938e+01 2.138208007812500000e+01
2.042949247360229492e+02 6.270979404449462891e+01 2.065330696105957031e+01 2.150544548034667969e+01
2.063722753524780273e+02 6.250499439239501953e+01 2.043198585510253906e+01 2.096636009216308594e+01
2.086094560623168945e+02 6.281901550292968750e+01 2.066099357604980469e+01 2.095411682128906250e+01
2.105073699951171875e+02 6.233176326751708984e+01 2.124976348876953125e+01 2.118991279602050781e+01
2.122218637466430664e+02 6.251438999176025391e+01 2.196963310241699219e+01 2.117443656921386719e+01
2.143379468917846680e+02 6.122139644622802734e+01 2.186528205871582031e+01 2.136744117736816406e+01
2.166938104629516602e+02 6.216475868225097656e+01 2.094174003601074219e+01 2.134731674194335938e+01
2.189207220077514648e+02 6.200381278991699219e+01 2.062880134582519531e+01 2.146566390991210938e+01
2.207835254669189453e+02 6.169388008117675781e+01 2.058904647827148438e+01 2.190723800659179688e+01
2.225926389694213867e+02 6.175343227386474609e+01 2.028396797180175781e+01 2.189035224914550781e+01
2.242584362030029297e+02 6.186415767669677734e+01 2.087399673461914062e+01 2.200124549865722656e+01
2.254425048828125000e+02 6.135737895965576172e+01 2.125218200683593750e+01 2.177719306945800781e+01
2.258054809570312500e+02 6.130988025665283203e+01 2.197850036621093750e+01 2.185320091247558594e+01
2.273709545135498047e+02 6.170218753814697266e+01 2.162849044799804688e+01 2.197196006774902344e+01
2.287851734161376953e+02 6.056074714660644531e+01 2.158644485473632812e+01 2.264157485961914062e+01
2.294377546310424805e+02 6.143118476867675781e+01 2.212905311584472656e+01 2.231967544555664062e+01
2.302350273132324219e+02 6.124581813812255859e+01 2.199934387207031250e+01 2.179012489318847656e+01
2.313467922210693359e+02 6.109344577789306641e+01 2.188237380981445312e+01 2.234033775329589844e+01
2.314425201416015625e+02 6.089626979827880859e+01 2.161327362060546875e+01 2.240084266662597656e+01
2.323760700225830078e+02 6.059849834442138672e+01 2.149445724487304688e+01 2.233886146545410156e+01
2.332778491973876953e+02 6.104463195800781250e+01 2.134022140502929688e+01 2.213258361816406250e+01
2.347339782714843750e+02 6.134164714813232422e+01 2.082669067382812500e+01 2.173262214660644531e+01
2.346498031616210938e+02 6.217703819274902344e+01 2.108129119873046875e+01 2.154511642456054688e+01
2.352554721832275391e+02 6.169135093688964844e+01 2.116469955444335938e+01 2.163769149780273438e+01
2.353572931289672852e+02 6.122718334197998047e+01 2.085468864440917969e+01 2.212729072570800781e+01
2.358045578002929688e+02 6.242952537536621094e+01 1.985945892333984375e+01 2.177997970581054688e+01
2.358266353607177734e+02 6.296400260925292969e+01 2.056647872924804688e+01 2.152978897094726562e+01
2.357903089523315430e+02 6.290262699127197266e+01 2.086761665344238281e+01 2.112607383728027344e+01
2.369341154098510742e+02 6.330754661560058594e+01 1.942572212219238281e+01 2.112940597534179688e+01
2.367245273590087891e+02 6.301927280426025391e+01 2.064056015014648438e+01 2.088654899597167969e+01
2.371331892013549805e+02 6.317976379394531250e+01 2.057682228088378906e+01 2.142237091064453125e+01
2.377060031890869141e+02 6.260475540161132812e+01 2.102201461791992188e+01 2.102367401123046875e+01
2.371633834838867188e+02 6.210233402252197266e+01 2.027249145507812500e+01 2.120222282409667969e+01
2.372760620117187500e+02 6.252904510498046875e+01 2.072964477539062500e+01 2.137606048583984375e+01
2.372291660308837891e+02 6.156804561614990234e+01 2.047361373901367188e+01 2.120092964172363281e+01
2.377277412414550781e+02 6.267578411102294922e+01 2.109318542480468750e+01 2.088444709777832031e+01
2.375814971923828125e+02 6.289561557769775391e+01 2.070401763916015625e+01 2.041270256042480469e+01
2.381369867324829102e+02 6.251401424407958984e+01 2.024453544616699219e+01 1.998036384582519531e+01
2.377404422760009766e+02 6.271812152862548828e+01 2.080311965942382812e+01 2.043842124938964844e+01
2.380061855316162109e+02 6.255712413787841797e+01 2.037569046020507812e+01 2.059842109680175781e+01
2.402399349212646484e+02 6.173950290679931641e+01 1.983598709106445312e+01 2.054325675964355469e+01
2.406063804626464844e+02 6.102364349365234375e+01 2.119335937500000000e+01 2.056540679931640625e+01
2.424445533752441406e+02 6.119480323791503906e+01 2.073668670654296875e+01 2.101367568969726562e+01
2.427148857116699219e+02 6.027995777130126953e+01 2.083148193359375000e+01 2.085146903991699219e+01
2.443117170333862305e+02 5.929576206207275391e+01 2.069535255432128906e+01 2.165585136413574219e+01
2.445758428573608398e+02 5.905415725708007812e+01 2.117721748352050781e+01 2.155535888671875000e+01
2.455173940658569336e+02 5.875811195373535156e+01 2.164975929260253906e+01 2.156678390502929688e+01
2.457889280319213867e+02 5.842047977447509766e+01 2.153956794738769531e+01 2.125116539001464844e+01
2.458284540176391602e+02 5.846208763122558594e+01 2.164250755310058594e+01 2.141422653198242188e+01
2.472453489303588867e+02 5.718416404724121094e+01 2.185798835754394531e+01 2.153618240356445312e+01
2.466815690994262695e+02 5.797363376617431641e+01 2.207445335388183594e+01 2.153075981140136719e+01
2.469747343063354492e+02 5.685913085937500000e+01 2.150721168518066406e+01 2.132153320312500000e+01
2.474486713409423828e+02 5.637637996673583984e+01 2.140639877319335938e+01 2.160793495178222656e+01
2.479091644287109375e+02 5.651126766204833984e+01 2.001384735107421875e+01 2.121785163879394531e+01
2.486606216430664062e+02 5.740112113952636719e+01 1.993862152099609375e+01 2.033549118041992188e+01
2.487147865295410156e+02 5.884768486022949219e+01 1.978118133544921875e+01 1.941382217407226562e+01
2.485104398727416992e+02 5.971470069885253906e+01 1.906866645812988281e+01 1.827362442016601562e+01
2.480202236175537109e+02 5.854877090454101562e+01 1.969289779663085938e+01 1.943710327148437500e+01
2.482341976165771484e+02 5.606832885742187500e+01 1.991224288940429688e+01 2.041130828857421875e+01
2.471877918243408203e+02 5.556908607482910156e+01 2.059159469604492188e+01 2.039488601684570312e+01
2.466772317886352539e+02 5.420592594146728516e+01 2.092033195495605469e+01 2.081733512878417969e+01
2.462126054763793945e+02 5.301236534118652344e+01 2.051000785827636719e+01 2.089896011352539062e+01
2.454126234054565430e+02 5.270756626129150391e+01 2.039818763732910156e+01 2.061405754089355469e+01
2.448618021011352539e+02 5.139637279510498047e+01 2.044250297546386719e+01 2.088181495666503906e+01
2.435904397964477539e+02 5.213798141479492188e+01 2.009784507751464844e+01 2.029092407226562500e+01
2.436114540100097656e+02 5.105671977996826172e+01 2.075481414794921875e+01 2.048883247375488281e+01
2.438864154815673828e+02 5.118517684936523438e+01 2.093701553344726562e+01 2.020748138427734375e+01
2.432733497619628906e+02 5.140348529815673828e+01 2.114683532714843750e+01 2.044360923767089844e+01
2.432839822769165039e+02 5.085598278045654297e+01 2.024863243103027344e+01 2.010052680969238281e+01
2.435145864486694336e+02 5.148875904083251953e+01 2.080248451232910156e+01 2.065544700622558594e+01
2.445479345321655273e+02 5.166327953338623047e+01 2.076036262512207031e+01 2.068062019348144531e+01
2.450222482681274414e+02 5.156197834014892578e+01 2.097633934020996094e+01 2.073140525817871094e+01
2.446084527969360352e+02 5.318518161773681641e+01 2.100070762634277344e+01 2.078396415710449219e+01
2.449487199783325195e+02 5.564614486694335938e+01 2.125629997253417969e+01 2.107685852050781250e+01
2.435489549636840820e+02 5.992621994018554688e+01 2.098289299011230469e+01 1.957231140136718750e+01
2.415950384140014648e+02 6.173641204833984375e+01 2.209913825988769531e+01 2.071197509765625000e+01
2.399716682434082031e+02 6.395470619201660156e+01 2.289846801757812500e+01 2.074573898315429688e+01
2.390032968521118164e+02 6.507751941680908203e+01 2.039878654479980469e+01 2.121817588806152344e+01
2.366951341629028320e+02 6.620280265808105469e+01 2.111755180358886719e+01 2.199946975708007812e+01
2.344082765579223633e+02 6.779626083374023438e+01 2.204908561706542969e+01 2.317399597167968750e+01
2.328030920028686523e+02 7.112127113342285156e+01 2.004574012756347656e+01 2.262195205688476562e+01
2.303641090393066406e+02 7.404346942901611328e+01 2.171358489990234375e+01 2.223370933532714844e+01
2.284232397079467773e+02 7.656065177917480469e+01 2.172591590881347656e+01 2.098110580444335938e+01
2.260988597869873047e+02 7.842341136932373047e+01 2.254538345336914062e+01 2.249131965637207031e+01
2.230208377838134766e+02 8.093400478363037109e+01 2.301934432983398438e+01 2.352909278869628906e+01
2.207361116409301758e+02 8.381181430816650391e+01 2.247468376159667969e+01 2.303931999206542969e+01
2.189069890975952148e+02 8.721331024169921875e+01 2.313058662414550781e+01 2.241295623779296875e+01
2.169862823486328125e+02 8.879379940032958984e+01 2.472369384765625000e+01 2.392815589904785156e+01
2.148401050567626953e+02 9.136275768280029297e+01 2.346528244018554688e+01 2.352477455139160156e+01
2.113565769195556641e+02 9.361813068389892578e+01 2.458372879028320312e+01 2.437157249450683594e+01
2.097137813568115234e+02 9.595288562774658203e+01 2.273546218872070312e+01 2.340878105163574219e+01
2.063415451049804688e+02 9.849104976654052734e+01 2.312537384033203125e+01 2.371615791320800781e+01
2.043026828765869141e+02 1.005793962478637695e+02 2.352257919311523438e+01 2.407611656188964844e+01
2.015328664779663086e+02 1.023481388092041016e+02 2.343078041076660156e+01 2.379206466674804688e+01
1.986129798889160156e+02 1.046671171188354492e+02 2.246475982666015625e+01 2.357414436340332031e+01
1.964862146377563477e+02 1.070421342849731445e+02 2.301203727722167969e+01 2.293566703796386719e+01
1.926790695190429688e+02 1.088923091888427734e+02 2.363888549804687500e+01 2.405807876586914062e+01
1.904160747528076172e+02 1.113803348541259766e+02 2.423178482055664062e+01 2.453065109252929688e+01
1.865426511764526367e+02 1.133072900772094727e+02 2.391333961486816406e+01 2.473476219177246094e+01
1.847500972747802734e+02 1.152907009124755859e+02 2.487904739379882812e+01 2.511055374145507812e+01
1.808562211990356445e+02 1.181981706619262695e+02 2.587055778503417969e+01 2.549045372009277344e+01
1.789448375701904297e+02 1.209404592514038086e+02 2.622402572631835938e+01 2.472759437561035156e+01
1.750996379852294922e+02 1.227022428512573242e+02 2.570743942260742188e+01 2.590149879455566406e+01
1.727279195785522461e+02 1.243714876174926758e+02 2.601355171203613281e+01 2.548727226257324219e+01
1.700175876617431641e+02 1.264471063613891602e+02 2.586436843872070312e+01 2.670321464538574219e+01
1.674720153808593750e+02 1.284700145721435547e+02 2.562503051757812500e+01 2.570872116088867188e+01
1.642784566879272461e+02 1.296853771209716797e+02 2.551047706604003906e+01 2.623798751831054688e+01
1.615896415710449219e+02 1.312204818725585938e+02 2.551192474365234375e+01 2.553814697265625000e+01
1.593157997131347656e+02 1.337858266830444336e+02 2.377944183349609375e+01 2.463199043273925781e+01
1.564727735519409180e+02 1.347120923995971680e+02 2.258658790588378906e+01 2.534465980529785156e+01
1.540397529602050781e+02 1.364632825851440430e+02 2.272994232177734375e+01 2.463923835754394531e+01
1.506696043014526367e+02 1.387223758697509766e+02 2.315184211730957031e+01 2.367710494995117188e+01
1.494778251647949219e+02 1.414738912582397461e+02 2.296425628662109375e+01 2.244255256652832031e+01
1.464681968688964844e+02 1.453439044952392578e+02 2.109575653076171875e+01 2.139721298217773438e+01
1.450861120223999023e+02 1.434953536987304688e+02 2.296599769592285156e+01 2.210009002685546875e+01
1.457205238342285156e+02 1.453523797988891602e+02 2.208539581298828125e+01 2.098417472839355469e+01
1.464875469207763672e+02 1.419345474243164062e+02 2.250516891479492188e+01 2.291913604736328125e+01
1.491893835067749023e+02 1.375793476104736328e+02 2.141427803039550781e+01 2.376447677612304688e+01
1.511018323898315430e+02 1.330103292465209961e+02 2.180911445617675781e+01 2.466752815246582031e+01
1.521623239517211914e+02 1.271237840652465820e+02 2.297419548034667969e+01 2.503812217712402344e+01
1.537545938491821289e+02 1.225971364974975586e+02 2.314402580261230469e+01 2.527823066711425781e+01
1.548634729385375977e+02 1.175615234375000000e+02 2.452815818786621094e+01 2.519876861572265625e+01
1.573147706985473633e+02 1.118367166519165039e+02 2.281746482849121094e+01 2.521910667419433594e+01
1.576022377014160156e+02 1.064649276733398438e+02 2.312273406982421875e+01 2.530215454101562500e+01
1.584528341293334961e+02 1.008854808807373047e+02 2.314181709289550781e+01 2.503450393676757812e+01
1.602876329421997070e+02 9.644858169555664062e+01 2.230373954772949219e+01 2.445055389404296875e+01
1.628119487762451172e+02 9.190875816345214844e+01 2.301739883422851562e+01 2.505491256713867188e+01
1.637794933319091797e+02 8.878620719909667969e+01 2.217974472045898438e+01 2.368388748168945312e+01
1.646878890991210938e+02 8.456365871429443359e+01 2.178550720214843750e+01 2.396788978576660156e+01
1.656167488098144531e+02 8.029295635223388672e+01 2.085924530029296875e+01 2.288175392150878906e+01
1.669448890686035156e+02 7.590034198760986328e+01 2.022222137451171875e+01 2.247948265075683594e+01
1.676079053878784180e+02 7.168174552917480469e+01 2.150416755676269531e+01 2.314019393920898438e+01
1.686113491058349609e+02 6.790335178375244141e+01 2.139627456665039062e+01 2.282931327819824219e+01
1.693654832839965820e+02 6.522985553741455078e+01 1.898515129089355469e+01 2.050809288024902344e+01
1.720341777801513672e+02 6.401634311676025391e+01 1.887240982055664062e+01 1.912698936462402344e+01
1.724461946487426758e+02 6.237326526641845703e+01 1.928612327575683594e+01 1.916811180114746094e+01
1.729806175231933594e+02 6.195844745635986328e+01 2.027653503417968750e+01 2.013015556335449219e+01
1.749235277175903320e+02 6.023328971862792969e+01 2.102625083923339844e+01 2.037189865112304688e+01
1.769973306655883789e+02 6.063256263732910156e+01 2.037589073181152344e+01 1.985398483276367188e+01
1.762271537780761719e+02 6.090656757354736328e+01 2.003185272216796875e+01 1.960775566101074219e+01
1.761004829406738281e+02 6.088790225982666016e+01 2.045590972900390625e+01 1.922426414489746094e+01
1.760734519958496094e+02 6.031864929199218750e+01 2.046489715576171875e+01 1.953395080566406250e+01
1.763243713378906250e+02 6.059354782104492188e+01 2.120742797851562500e+01 1.980538177490234375e+01
1.761152143478393555e+02 6.127561759948730469e+01 2.025856208801269531e+01 1.992405319213867188e+01
1.753957128524780273e+02 6.031197261810302734e+01 2.090911293029785156e+01 2.024372291564941406e+01
1.761685132980346680e+02 6.069834423065185547e+01 2.078781318664550781e+01 2.018058204650878906e+01
1.754554443359375000e+02 6.103969669342041016e+01 2.009028625488281250e+01 1.950424766540527344e+01
1.753912620544433594e+02 6.128355216979980469e+01 2.060324859619140625e+01 1.934312057495117188e+01
1.763918495178222656e+02 6.151226425170898438e+01 2.017124176025390625e+01 1.912112426757812500e+01
1.770509262084960938e+02 6.107171630859375000e+01 1.951083374023437500e+01 1.882088470458984375e+01
1.782076911926269531e+02 6.113867950439453125e+01 1.929239654541015625e+01 1.865665435791015625e+01
1.792441005706787109e+02 6.096510410308837891e+01 1.939691543579101562e+01 1.913188743591308594e+01
1.812208108901977539e+02 5.979240226745605469e+01 1.980187034606933594e+01 1.955237197875976562e+01
1.829386949539184570e+02 5.959794998168945312e+01 2.072284507751464844e+01 2.011277770996093750e+01
1.862544431686401367e+02 5.860519886016845703e+01 2.154847908020019531e+01 2.061946678161621094e+01
1.883650112152099609e+02 5.787853145599365234e+01 2.325859451293945312e+01 2.232229042053222656e+01
1.913707637786865234e+02 5.734387779235839844e+01 2.187834548950195312e+01 2.197536849975585938e+01
1.944459657669067383e+02 5.665383815765380859e+01 2.155247306823730469e+01 2.180550575256347656e+01
1.971895675659179688e+02 5.555199527740478516e+01 2.131209564208984375e+01 2.155345726013183594e+01
1.998320798873901367e+02 5.514176368713378906e+01 2.160974311828613281e+01 2.192360305786132812e+01
2.025459718704223633e+02 5.407776165008544922e+01 2.177864646911621094e+01 2.195560646057128906e+01
2.053887500762939453e+02 5.362817287445068359e+01 2.240754318237304688e+01 2.155642127990722656e+01
2.081424121856689453e+02 5.376799201965332031e+01 2.132117843627929688e+01 2.121933364868164062e+01
2.101359767913818359e+02 5.324451160430908203e+01 2.190964126586914062e+01 2.135336875915527344e+01
2.131028709411621094e+02 5.261029434204101562e+01 2.143106842041015625e+01 2.141117095947265625e+01
2.157493696212768555e+02 5.221695041656494141e+01 2.098883247375488281e+01 2.121208000183105469e+01
2.178819942474365234e+02 5.181354045867919922e+01 2.063251113891601562e+01 2.062500953674316406e+01
2.202327957153320312e+02 5.177223587036132812e+01 2.067846679687500000e+01 1.993424224853515625e+01
2.218931789398193359e+02 5.128799152374267578e+01 2.098118972778320312e+01 2.031593894958496094e+01
2.243943738937377930e+02 5.144877338409423828e+01 2.070579719543457031e+01 2.012824821472167969e+01
2.259660949707031250e+02 4.959740924835205078e+01 2.106192779541015625e+01 2.126662254333496094e+01
2.280494165420532227e+02 4.954649639129638672e+01 2.063026237487792969e+01 2.090788459777832031e+01
2.302321290969848633e+02 4.911000442504882812e+01 2.054224967956542969e+01 2.072148895263671875e+01
2.315244569778442383e+02 4.887839508056640625e+01 2.080687522888183594e+01 2.078059387207031250e+01
2.329811544418334961e+02 4.874699592590332031e+01 2.085891151428222656e+01 2.089720535278320312e+01
2.347428998947143555e+02 4.798033809661865234e+01 2.097459602355957031e+01 2.077096748352050781e+01
2.355492563247680664e+02 4.740789222717285156e+01 2.140189933776855469e+01 2.127715682983398438e+01
2.371703853607177734e+02 4.724282836914062500e+01 2.119137191772460938e+01 2.078714752197265625e+01
2.379412794113159180e+02 4.617827701568603516e+01 2.121711158752441406e+01 2.132188987731933594e+01
2.390905523300170898e+02 4.616019153594970703e+01 2.079243659973144531e+01 2.146014976501464844e+01
2.411228179931640625e+02 4.631482219696044922e+01 2.015821838378906250e+01 2.094728279113769531e+01
2.415169153213500977e+02 4.573380661010742188e+01 2.042181205749511719e+01 2.100128936767578125e+01
2.426748619079589844e+02 4.506332111358642578e+01 2.096662902832031250e+01 2.110510826110839844e+01
2.426913032531738281e+02 4.481646251678466797e+01 2.103633117675781250e+01 2.125793647766113281e+01
2.432925777435302734e+02 4.467463207244873047e+01 2.114119338989257812e+01 2.063545417785644531e+01
2.441837511062622070e+02 4.408290100097656250e+01 2.105721092224121094e+01 2.078710174560546875e+01
2.445521812438964844e+02 4.406975841522216797e+01 2.082035827636718750e+01 2.106362342834472656e+01
2.450193166732788086e+02 4.322005367279052734e+01 2.124165534973144531e+01 2.062446022033691406e+01
2.448612251281738281e+02 4.247620105743408203e+01 2.113729858398437500e+01 2.079755973815917969e+01
2.455011701583862305e+02 4.238001728057861328e+01 2.113002204895019531e+01 2.135644340515136719e+01
2.450274124145507812e+02 4.215892982482910156e+01 2.152320861816406250e+01 2.080200576782226562e+01
2.456572456359863281e+02 4.303493022918701172e+01 2.129421234130859375e+01 2.061939430236816406e+01
2.458667354583740234e+02 4.289571666717529297e+01 2.075419998168945312e+01 2.034646797180175781e+01
2.453691749572753906e+02 4.203600406646728516e+01 2.039678955078125000e+01 2.030709648132324219e+01
2.456952571868896484e+02 4.238643264770507812e+01 2.024974441528320312e+01 2.070832824707031250e+01
2.461106777191162109e+02 4.179409217834472656e+01 2.044608688354492188e+01 2.040370559692382812e+01
2.448318605422973633e+02 4.533688545227050781e+01 2.042107200622558594e+01 2.146390914916992188e+01
2.435179061889648438e+02 4.634006690979003906e+01 2.075821685791015625e+01 2.182504653930664062e+01
2.427827024459838867e+02 4.835534477233886719e+01 2.101941108703613281e+01 2.169704055786132812e+01
2.421627216339111328e+02 4.973743724822998047e+01 2.118820571899414062e+01 2.200469398498535156e+01
2.413817853927612305e+02 5.155617237091064453e+01 2.103248023986816406e+01 2.145713615417480469e+01
2.405924644470214844e+02 5.250630569458007812e+01 2.075671386718750000e+01 2.125962066650390625e+01
2.397180042266845703e+02 5.372545433044433594e+01 2.124991989135742188e+01 2.161413955688476562e+01
2.384117164611816406e+02 5.522078037261962891e+01 2.124187469482421875e+01 2.148662376403808594e+01
2.374852342605590820e+02 5.702349185943603516e+01 2.069708824157714844e+01 2.144157981872558594e+01
2.369718112945556641e+02 5.889329624176025391e+01 1.961915206909179688e+01 2.091685295104980469e+01
2.355868654251098633e+02 6.045909023284912109e+01 1.976076316833496094e+01 2.121809577941894531e+01
2.355366172790527344e+02 6.148787021636962891e+01 1.953015899658203125e+01 2.141777610778808594e+01
2.345110635757446289e+02 6.265717792510986328e+01 2.122517967224121094e+01 2.214047050476074219e+01
2.332912654876708984e+02 6.420944213867187500e+01 2.185178756713867188e+01 2.176318359375000000e+01
2.330287809371948242e+02 6.536104679107666016e+01 2.202979469299316406e+01 2.176803398132324219e+01
2.323220396041870117e+02 6.661126041412353516e+01 2.248321723937988281e+01 2.254710960388183594e+01
2.313040647506713867e+02 6.834911537170410156e+01 2.280340766906738281e+01 2.286584854125976562e+01
2.299552392959594727e+02 6.938452816009521484e+01 2.271696281433105469e+01 2.269031715393066406e+01
2.289535074234008789e+02 7.101983833312988281e+01 2.291660881042480469e+01 2.266794967651367188e+01
2.285065670013427734e+02 7.264817905426025391e+01 2.225748062133789062e+01 2.200051689147949219e+01
2.275651750564575195e+02 7.349515724182128906e+01 2.241614341735839844e+01 2.319040298461914062e+01
2.263740606307983398e+02 7.483017158508300781e+01 2.214735603332519531e+01 2.330859756469726562e+01
2.255701217651367188e+02 7.604324913024902344e+01 2.228133392333984375e+01 2.309393692016601562e+01
2.244937334060668945e+02 7.723900222778320312e+01 2.218596458435058594e+01 2.272195434570312500e+01
2.227834577560424805e+02 7.815681934356689453e+01 2.225202369689941406e+01 2.239561271667480469e+01
2.212234430313110352e+02 7.971316242218017578e+01 2.287267112731933594e+01 2.325700187683105469e+01
2.203758306503295898e+02 8.054713058471679688e+01 2.292653083801269531e+01 2.332307434082031250e+01
2.194755573272705078e+02 8.176531696319580078e+01 2.308818435668945312e+01 2.327654075622558594e+01
2.171832323074340820e+02 8.311232757568359375e+01 2.349261283874511719e+01 2.339653015136718750e+01
2.170157527923583984e+02 8.397746086120605469e+01 2.239062881469726562e+01 2.305970382690429688e+01
2.153857879638671875e+02 8.522577190399169922e+01 2.342381286621093750e+01 2.374157142639160156e+01
2.139327793121337891e+02 8.629627323150634766e+01 2.365738296508789062e+01 2.330946159362792969e+01
2.126422882080078125e+02 8.741450500488281250e+01 2.330524444580078125e+01 2.336468505859375000e+01
2.118444318771362305e+02 8.868963241577148438e+01 2.292684364318847656e+01 2.323047637939453125e+01
2.096815509796142578e+02 8.979114723205566406e+01 2.362135696411132812e+01 2.301391983032226562e+01
2.091010923385620117e+02 9.127097606658935547e+01 2.023829078674316406e+01 2.241922950744628906e+01
2.072830181121826172e+02 9.234462356567382812e+01 2.274322128295898438e+01 2.333719635009765625e+01
2.060807056427001953e+02 9.280179405212402344e+01 2.118397903442382812e+01 2.313763046264648438e+01
2.052146692276000977e+02 9.387954902648925781e+01 2.196033287048339844e+01 2.309402847290039062e+01
2.031707248687744141e+02 9.604462909698486328e+01 2.110000228881835938e+01 2.182575035095214844e+01
2.019990634918212891e+02 9.627445888519287109e+01 2.338196182250976562e+01 2.302578926086425781e+01
2.012482481002807617e+02 9.683808422088623047e+01 2.267479133605957031e+01 2.333245277404785156e+01
2.003684463500976562e+02 9.620222568511962891e+01 2.326689910888671875e+01 2.263979911804199219e+01
2.018916320800781250e+02 9.464174175262451172e+01 2.187308502197265625e+01 2.256331062316894531e+01
2.021166830062866211e+02 9.431152915954589844e+01 2.017964363098144531e+01 2.261036300659179688e+01
2.005723066329956055e+02 9.021532440185546875e+01 2.084440803527832031e+01 2.232500457763671875e+01
2.007843532562255859e+02 8.722975349426269531e+01 2.247499465942382812e+01 2.328690719604492188e+01
1.999605970382690430e+02 8.567169094085693359e+01 2.311931800842285156e+01 2.288683509826660156e+01
1.998405179977416992e+02 8.353160190582275391e+01 2.325638008117675781e+01 2.278414726257324219e+01
1.991710777282714844e+02 8.260315799713134766e+01 2.329177856445312500e+01 2.301364707946777344e+01
1.988572549819946289e+02 7.926245498657226562e+01 2.348048210144042969e+01 2.357160949707031250e+01
1.980896158218383789e+02 7.761202621459960938e+01 2.346396446228027344e+01 2.279721069335937500e+01
1.976374244689941406e+02 7.576169300079345703e+01 2.291960906982421875e+01 2.253552818298339844e+01
1.967033138275146484e+02 7.390748596191406250e+01 2.250725173950195312e+01 2.201428222656250000e+01
1.960132493972778320e+02 7.258580112457275391e+01 2.257214927673339844e+01 2.207718467712402344e+01
1.951953582763671875e+02 7.067866611480712891e+01 2.258729553222656250e+01 2.207136344909667969e+01
1.938469400405883789e+02 6.890826988220214844e+01 2.231345939636230469e+01 2.207621383666992188e+01
1.913679151535034180e+02 6.817596721649169922e+01 2.262165260314941406e+01 2.227583503723144531e+01
1.906259536743164062e+02 6.692186546325683594e+01 2.241272735595703125e+01 2.235003280639648438e+01
1.895490550994873047e+02 6.535604286193847656e+01 2.228587722778320312e+01 2.218074417114257812e+01
1.887588272094726562e+02 6.354253101348876953e+01 2.241264343261718750e+01 2.244124412536621094e+01
1.870404348373413086e+02 6.203212451934814453e+01 2.217653083801269531e+01 2.241744041442871094e+01
1.861115140914916992e+02 6.146397972106933594e+01 2.180105018615722656e+01 2.215115737915039062e+01
1.846163768768310547e+02 5.946011829376220703e+01 2.153895187377929688e+01 2.190608787536621094e+01
1.832681655883789062e+02 5.855512809753417969e+01 2.130361175537109375e+01 2.146787643432617188e+01
1.819273290634155273e+02 5.785172176361083984e+01 2.147428321838378906e+01 2.134601020812988281e+01
1.800263538360595703e+02 5.554284286499023438e+01 2.208353805541992188e+01 2.189730072021484375e+01
1.789604520797729492e+02 5.591069126129150391e+01 2.180274391174316406e+01 2.141598320007324219e+01
1.769046230316162109e+02 5.457736206054687500e+01 2.187167739868164062e+01 2.143361663818359375e+01
1.753220319747924805e+02 5.339329814910888672e+01 2.179640388488769531e+01 2.171602058410644531e+01
1.733415079116821289e+02 5.312224960327148438e+01 2.199571800231933594e+01 2.155783843994140625e+01
1.717182950973510742e+02 5.169640922546386719e+01 2.189463996887207031e+01 2.181239700317382812e+01
1.692930841445922852e+02 5.100132465362548828e+01 2.198857688903808594e+01 2.183116722106933594e+01
1.683163919448852539e+02 5.120911884307861328e+01 2.162041282653808594e+01 2.117934226989746094e+01
1.663684654235839844e+02 5.037887668609619141e+01 2.117067718505859375e+01 2.153002738952636719e+01
1.648051080703735352e+02 5.075111579895019531e+01 2.070280265808105469e+01 2.106515884399414062e+01
1.633190431594848633e+02 5.079896259307861328e+01 1.976040458679199219e+01 2.057397270202636719e+01
1.610245599746704102e+02 5.133468627929687500e+01 1.951482200622558594e+01 1.874029541015625000e+01
1.604125671386718750e+02 5.269084453582763672e+01 1.987088775634765625e+01 1.807545661926269531e+01
1.596204223632812500e+02 5.310923004150390625e+01 1.972249603271484375e+01 1.674745178222656250e+01
1.594719562530517578e+02 5.500951480865478516e+01 1.919719314575195312e+01 1.603297996520996094e+01
1.601901588439941406e+02 5.435384178161621094e+01 1.852645111083984375e+01 1.631174850463867188e+01
1.641033458709716797e+02 5.409674930572509766e+01 1.927205276489257812e+01 1.642496299743652344e+01
1.690819311141967773e+02 5.208301162719726562e+01 1.945421791076660156e+01 1.909979248046875000e+01
1.737390432357788086e+02 5.104211616516113281e+01 2.065242958068847656e+01 2.042189407348632812e+01
1.788645877838134766e+02 5.105249309539794922e+01 2.175030136108398438e+01 2.113902473449707031e+01
1.836400279998779297e+02 5.173811340332031250e+01 2.275171279907226562e+01 2.152301025390625000e+01
1.894319057464599609e+02 5.303445148468017578e+01 2.242859268188476562e+01 2.147903251647949219e+01
1.945100660324096680e+02 5.404768753051757812e+01 2.192579841613769531e+01 2.114756774902343750e+01
2.000032567977905273e+02 5.515386867523193359e+01 2.208858680725097656e+01 2.075312995910644531e+01
2.044196748733520508e+02 5.511884784698486328e+01 2.197009086608886719e+01 2.147318077087402344e+01
2.088113479614257812e+02 5.670765018463134766e+01 2.355227661132812500e+01 2.156954765319824219e+01
2.132417631149291992e+02 5.767547798156738281e+01 2.169736671447753906e+01 2.103699874877929688e+01
2.185763330459594727e+02 5.783617210388183594e+01 2.252229881286621094e+01 2.142255020141601562e+01
2.232323417663574219e+02 5.858020973205566406e+01 2.022014617919921875e+01 2.091069412231445312e+01
2.270568504333496094e+02 5.877511215209960938e+01 2.324805450439453125e+01 2.168292999267578125e+01
2.312421960830688477e+02 5.951500129699707031e+01 2.130499839782714844e+01 2.184952163696289062e+01
2.363335266113281250e+02 6.101039123535156250e+01 2.035442352294921875e+01 2.087806701660156250e+01
2.396725282669067383e+02 6.160898208618164062e+01 1.943240165710449219e+01 2.069645690917968750e+01
2.429194974899291992e+02 6.294565963745117188e+01 1.864814186096191406e+01 2.108094787597656250e+01
2.423074560165405273e+02 6.420747947692871094e+01 1.949725532531738281e+01 2.099077987670898438e+01
2.401612062454223633e+02 6.559710025787353516e+01 1.839606285095214844e+01 2.023517417907714844e+01
2.379765071868896484e+02 6.664973354339599609e+01 2.009469985961914062e+01 2.000042152404785156e+01
2.332641763687133789e+02 6.661300945281982422e+01 2.217046928405761719e+01 2.155441474914550781e+01
2.306394987106323242e+02 6.695161533355712891e+01 2.242840003967285156e+01 2.238121604919433594e+01
2.258707580566406250e+02 6.733868312835693359e+01 2.205471038818359375e+01 2.192984962463378906e+01
2.229189395904541016e+02 6.804922103881835938e+01 2.039626693725585938e+01 2.091659545898437500e+01
2.185146093368530273e+02 6.859100723266601562e+01 2.083390235900878906e+01 2.234865570068359375e+01
2.152095470428466797e+02 6.973880386352539062e+01 2.210899734497070312e+01 2.228100585937500000e+01
2.120355653762817383e+02 7.053271961212158203e+01 2.022410392761230469e+01 2.249957084655761719e+01
2.090833206176757812e+02 7.110001468658447266e+01 2.012535095214843750e+01 2.239542198181152344e+01
2.054531440734863281e+02 7.218781089782714844e+01 2.100702667236328125e+01 2.196805953979492188e+01
2.010403213500976562e+02 7.302065181732177734e+01 2.182336425781250000e+01 2.193166542053222656e+01
1.969780149459838867e+02 7.340920925140380859e+01 2.212201118469238281e+01 2.211573219299316406e+01
1.929565343856811523e+02 7.396407794952392578e+01 2.165034675598144531e+01 2.197335624694824219e+01
1.896940479278564453e+02 7.451061534881591797e+01 2.157449722290039062e+01 2.224215888977050781e+01
1.867551994323730469e+02 7.516497325897216797e+01 2.154299163818359375e+01 2.160865974426269531e+01
1.823924474716186523e+02 7.595130825042724609e+01 2.137575721740722656e+01 2.208186531066894531e+01
1.793109264373779297e+02 7.656175708770751953e+01 2.157436752319335938e+01 2.230001640319824219e+01
1.760291872024536133e+02 7.685282897949218750e+01 2.332238578796386719e+01 2.272013854980468750e+01
1.725597476959228516e+02 7.695523834228515625e+01 2.324958419799804688e+01 2.321008300781250000e+01
1.681846475601196289e+02 7.767856788635253906e+01 2.364071464538574219e+01 2.298340988159179688e+01
1.652242288589477539e+02 7.823461818695068359e+01 2.310106468200683594e+01 2.357468605041503906e+01
1.617705898284912109e+02 7.884356880187988281e+01 2.261640548706054688e+01 2.254612350463867188e+01
1.569047050476074219e+02 7.878803253173828125e+01 2.277883148193359375e+01 2.235425567626953125e+01
1.552567129135131836e+02 8.026116275787353516e+01 2.034366035461425781e+01 2.263450431823730469e+01
1.527219715118408203e+02 8.029194736480712891e+01 1.915980148315429688e+01 2.177699851989746094e+01
1.489677858352661133e+02 8.102674102783203125e+01 1.985180473327636719e+01 2.151879882812500000e+01
1.473377599716186523e+02 8.196154785156250000e+01 1.979045295715332031e+01 2.149060821533203125e+01
1.469588508605957031e+02 8.234269046783447266e+01 2.034809112548828125e+01 2.171391868591308594e+01
1.493468637466430664e+02 8.104663372039794922e+01 1.965334892272949219e+01 2.213922309875488281e+01
1.544136037826538086e+02 8.109633922576904297e+01 1.872476387023925781e+01 2.130031776428222656e+01
1.570197000503540039e+02 7.964792919158935547e+01 2.000430870056152344e+01 2.175957679748535156e+01
1.617528057098388672e+02 7.938331890106201172e+01 1.988479232788085938e+01 2.200055885314941406e+01
1.635849218368530273e+02 7.954492950439453125e+01 2.021154975891113281e+01 2.149890136718750000e+01
1.682675342559814453e+02 7.805790424346923828e+01 1.867392349243164062e+01 2.227630424499511719e+01
1.717249002456665039e+02 7.756639194488525391e+01 1.868276023864746094e+01 2.171537590026855469e+01
1.753416910171508789e+02 7.661758041381835938e+01 1.865073204040527344e+01 2.193638610839843750e+01
1.784405546188354492e+02 7.621455764770507812e+01 1.736736488342285156e+01 2.215357971191406250e+01
1.802401208877563477e+02 7.568068408966064453e+01 1.622669792175292969e+01 2.155196189880371094e+01
1.802803421020507812e+02 7.596916007995605469e+01 1.759329223632812500e+01 2.066392898559570312e+01
1.830974225997924805e+02 7.620315361022949219e+01 1.540429878234863281e+01 1.920585250854492188e+01
1.817249631881713867e+02 7.553233814239501953e+01 1.736815071105957031e+01 2.023373222351074219e+01
1.810371608734130859e+02 7.657408046722412109e+01 1.960719680786132812e+01 1.950511360168457031e+01
1.819182662963867188e+02 7.772403526306152344e+01 1.921025848388671875e+01 1.760590744018554688e+01
1.837513904571533203e+02 7.268677425384521484e+01 1.809923171997070312e+01 2.088215827941894531e+01
1.881520690917968750e+02 6.955757427215576172e+01 1.652849578857421875e+01 2.092794227600097656e+01
1.890192565917968750e+02 6.358724784851074219e+01 1.884210968017578125e+01 2.200635147094726562e+01
1.945260124206542969e+02 5.836732673645019531e+01 1.656755065917968750e+01 2.129291915893554688e+01
1.956415510177612305e+02 5.126912784576416016e+01 1.676147651672363281e+01 2.120967292785644531e+01
1.999215936660766602e+02 4.435607433319091797e+01 1.528774833679199219e+01 2.035352134704589844e+01
2.006941604614257812e+02 3.638730716705322266e+01 1.740252685546875000e+01 2.094485664367675781e+01
2.014081077575683594e+02 2.979010391235351562e+01 1.764131164550781250e+01 2.102961730957031250e+01
2.057525529861450195e+02 2.372448539733886719e+01 1.729141807556152344e+01 2.073745346069335938e+01
2.081614608764648438e+02 2.000025177001953125e+01 1.659193420410156250e+01 2.188996887207031250e+01
2.092128505706787109e+02 1.738689517974853516e+01 1.917444992065429688e+01 2.195422935485839844e+01
2.109305858612060547e+02 1.581481742858886719e+01 1.903435134887695312e+01 2.221180343627929688e+01
2.109924736022949219e+02 1.762231349945068359e+01 1.962490081787109375e+01 2.153858375549316406e+01
2.124158124923706055e+02 1.879196262359619141e+01 1.807135963439941406e+01 2.295480918884277344e+01
2.127254791259765625e+02 2.133182334899902344e+01 1.860348510742187500e+01 2.226020431518554688e+01
2.136040630340576172e+02 2.376327037811279297e+01 1.854802322387695312e+01 2.181033515930175781e+01
2.141874380111694336e+02 2.574460124969482422e+01 1.833693885803222656e+01 2.163057899475097656e+01
2.150626354217529297e+02 2.765233039855957031e+01 1.816273880004882812e+01 2.147278976440429688e+01
2.147115821838378906e+02 2.999287796020507812e+01 1.806367492675781250e+01 2.117010498046875000e+01
2.155076742172241211e+02 3.199268341064453125e+01 1.732316780090332031e+01 2.113857269287109375e+01
2.158040246963500977e+02 3.407554340362548828e+01 1.776390647888183594e+01 2.035117912292480469e+01
2.171103868484497070e+02 3.542255687713623047e+01 1.680937004089355469e+01 2.064332771301269531e+01
2.170709171295166016e+02 3.771403884887695312e+01 1.748084640502929688e+01 2.074033355712890625e+01
2.181206340789794922e+02 3.851103210449218750e+01 1.629906845092773438e+01 1.992920684814453125e+01
2.181751761436462402e+02 3.957756519317626953e+01 1.557085895538330078e+01 2.011684989929199219e+01
2.190785346031188965e+02 4.044496726989746094e+01 1.592308521270751953e+01 1.975966262817382812e+01
2.186911764144897461e+02 3.978521251678466797e+01 1.611525154113769531e+01 2.009069252014160156e+01
2.197046051025390625e+02 4.068438529968261719e+01 1.490672302246093750e+01 2.006916427612304688e+01
2.206645221710205078e+02 4.112701320648193359e+01 1.584393692016601562e+01 1.951437568664550781e+01
2.213672914505004883e+02 4.294136810302734375e+01 1.623450279235839844e+01 2.007260131835937500e+01
2.214227852821350098e+02 4.373969364166259766e+01 1.513408946990966797e+01 2.007382774353027344e+01
2.222167229652404785e+02 4.376287746429443359e+01 1.524092388153076172e+01 1.975132942199707031e+01
2.225328769683837891e+02 4.391696548461914062e+01 1.504777908325195312e+01 1.985042572021484375e+01
2.232253861427307129e+02 4.463381958007812500e+01 1.527114391326904297e+01 2.013396453857421875e+01
2.235820531845092773e+02 4.521260356903076172e+01 1.516534614562988281e+01 2.040921211242675781e+01
2.234760227203369141e+02 4.487191295623779297e+01 1.427806472778320312e+01 1.967227363586425781e+01
2.238671741485595703e+02 4.423857402801513672e+01 1.472318649291992188e+01 1.963719367980957031e+01
2.240618014335632324e+02 4.229583930969238281e+01 1.427046298980712891e+01 2.049094772338867188e+01
2.244033660888671875e+02 4.067837333679199219e+01 1.671525573730468750e+01 2.033131790161132812e+01
2.247384762763977051e+02 3.809061241149902344e+01 1.538104915618896484e+01 2.017755508422851562e+01
2.247673454284667969e+02 3.530531883239746094e+01 1.509684753417968750e+01 2.061749649047851562e+01
2.245965309143066406e+02 3.369874477386474609e+01 1.683131408691406250e+01 2.065339088439941406e+01
2.246267242431640625e+02 3.309274291992187500e+01 1.647695159912109375e+01 2.100764465332031250e+01
2.242757778167724609e+02 3.619893264770507812e+01 1.873024368286132812e+01 2.259696960449218750e+01
2.225002479553222656e+02 4.499260330200195312e+01 1.935300445556640625e+01 2.392884063720703125e+01
2.213098068237304688e+02 5.218529510498046875e+01 2.088362121582031250e+01 2.386737060546875000e+01
2.212017850875854492e+02 4.259627437591552734e+01 2.049363136291503906e+01 2.376395606994628906e+01
2.205799264907836914e+02 3.984530162811279297e+01 2.091396141052246094e+01 2.188001441955566406e+01
2.205688943862915039e+02 4.024820804595947266e+01 1.888925743103027344e+01 2.194137382507324219e+01
2.195493364334106445e+02 4.561763763427734375e+01 2.004501914978027344e+01 2.283446502685546875e+01
2.172484788894653320e+02 5.639204788208007812e+01 2.014528465270996094e+01 2.252512359619140625e+01
2.177741680145263672e+02 5.049871921539306641e+01 2.068990707397460938e+01 2.278601646423339844e+01
2.164645605087280273e+02 4.669538402557373047e+01 2.027227973937988281e+01 2.135599708557128906e+01
2.160445442199707031e+02 4.708966350555419922e+01 1.972438812255859375e+01 2.161741065979003906e+01
2.161728677749633789e+02 5.195116519927978516e+01 2.110410881042480469e+01 2.340968132019042969e+01
2.154488925933837891e+02 5.769131278991699219e+01 2.132910537719726562e+01 2.281304550170898438e+01
2.139197797775268555e+02 5.112528705596923828e+01 2.090245246887207031e+01 2.220265007019042969e+01
2.133738574981689453e+02 5.064770984649658203e+01 2.161867904663085938e+01 2.148921775817871094e+01
2.124824819564819336e+02 5.260037136077880859e+01 2.030846595764160156e+01 2.259488868713378906e+01
2.118841342926025391e+02 5.918612575531005859e+01 1.970506668090820312e+01 2.225050544738769531e+01
2.109662742614746094e+02 5.620020103454589844e+01 1.959981536865234375e+01 2.060561752319335938e+01
2.110173292160034180e+02 5.505676746368408203e+01 2.148583412170410156e+01 2.144935417175292969e+01
2.096166687011718750e+02 5.829372024536132812e+01 2.160428619384765625e+01 2.166247558593750000e+01
2.092416162490844727e+02 6.073123931884765625e+01 2.132645225524902344e+01 2.155385589599609375e+01
2.074880809783935547e+02 5.802452087402343750e+01 2.153864669799804688e+01 2.130310821533203125e+01
2.077052059173583984e+02 6.003352928161621094e+01 2.015180587768554688e+01 2.139989852905273438e+01
2.063588581085205078e+02 6.364764308929443359e+01 2.142995071411132812e+01 2.229201698303222656e+01
2.057794990539550781e+02 6.136929798126220703e+01 2.109418487548828125e+01 2.178659629821777344e+01
2.057317409515380859e+02 6.321429443359375000e+01 2.093912124633789062e+01 2.249567413330078125e+01
2.040228738784790039e+02 6.465277004241943359e+01 2.132260704040527344e+01 2.206527137756347656e+01
2.039633827209472656e+02 6.421536540985107422e+01 2.148814392089843750e+01 2.185061836242675781e+01
2.032092723846435547e+02 6.574185371398925781e+01 2.208178329467773438e+01 2.237397384643554688e+01
2.018283081054687500e+02 6.576291561126708984e+01 2.183939361572265625e+01 2.194156837463378906e+01
2.008107175827026367e+02 6.670540809631347656e+01 2.161930274963378906e+01 2.217428207397460938e+01
1.999366455078125000e+02 6.685646533966064453e+01 2.171273803710937500e+01 2.191814994812011719e+01
1.996466236114501953e+02 6.761820125579833984e+01 2.184501266479492188e+01 2.237492561340332031e+01
1.990168886184692383e+02 6.818790817260742188e+01 2.108289146423339844e+01 2.281408691406250000e+01
1.970896739959716797e+02 6.892695808410644531e+01 2.203995895385742188e+01 2.225766372680664062e+01
1.957445869445800781e+02 6.971530055999755859e+01 2.168414306640625000e+01 2.271467781066894531e+01
1.945026826858520508e+02 7.067277622222900391e+01 2.189842796325683594e+01 2.254102134704589844e+01
1.930410356521606445e+02 7.184921073913574219e+01 2.226491355895996094e+01 2.239973831176757812e+01
1.913674983978271484e+02 7.216253757476806641e+01 2.245327377319335938e+01 2.220969200134277344e+01
1.897707395553588867e+02 7.317066192626953125e+01 2.138630867004394531e+01 2.195323944091796875e+01
1.889935789108276367e+02 7.275989532470703125e+01 2.204309272766113281e+01 2.164558410644531250e+01
1.875558061599731445e+02 7.311587715148925781e+01 2.207378196716308594e+01 2.208179855346679688e+01
1.862574081420898438e+02 7.321920108795166016e+01 2.195677185058593750e+01 2.214032554626464844e+01
1.848290109634399414e+02 7.364628601074218750e+01 2.231416893005371094e+01 2.209371948242187500e+01
1.845164632797241211e+02 7.470102691650390625e+01 2.167628669738769531e+01 2.134201812744140625e+01
1.830158033370971680e+02 7.455687618255615234e+01 2.112176704406738281e+01 2.169499397277832031e+01
1.820007114410400391e+02 7.518119525909423828e+01 2.083538436889648438e+01 2.115988731384277344e+01
1.819120855331420898e+02 7.467368793487548828e+01 2.041401863098144531e+01 2.115810966491699219e+01
1.808146982192993164e+02 7.569784927368164062e+01 2.028720664978027344e+01 2.066255950927734375e+01
1.798169898986816406e+02 7.580538177490234375e+01 1.977452850341796875e+01 2.050243377685546875e+01
1.796858053207397461e+02 7.480710601806640625e+01 1.923728370666503906e+01 2.063242340087890625e+01
1.790729742050170898e+02 7.555631065368652344e+01 2.143322181701660156e+01 2.099454879760742188e+01
1.793812456130981445e+02 7.547728919982910156e+01 1.660259819030761719e+01 2.082174301147460938e+01
1.792856578826904297e+02 7.567504882812500000e+01 1.835306167602539062e+01 2.135897827148437500e+01
1.796922454833984375e+02 7.618018245697021484e+01 1.597460937500000000e+01 2.032879829406738281e+01
1.792704477310180664e+02 7.506877803802490234e+01 1.807813835144042969e+01 2.120238685607910156e+01
1.793197298049926758e+02 7.522256088256835938e+01 1.842399406433105469e+01 2.098884582519531250e+01
1.793297939300537109e+02 7.468274593353271484e+01 1.788959121704101562e+01 2.146640968322753906e+01
1.791380395889282227e+02 7.400852966308593750e+01 1.945641136169433594e+01 2.149536132812500000e+01
1.799995307922363281e+02 7.288862991333007812e+01 1.994475555419921875e+01 2.147536468505859375e+01
1.822354717254638672e+02 7.067347717285156250e+01 1.865264511108398438e+01 2.188214111328125000e+01
1.829526433944702148e+02 6.755251216888427734e+01 1.964014625549316406e+01 2.208604621887207031e+01
1.828439674377441406e+02 6.357388877868652344e+01 1.973860931396484375e+01 2.158211898803710938e+01
1.847643642425537109e+02 6.058415317535400391e+01 1.913763046264648438e+01 2.194121360778808594e+01
1.866475496292114258e+02 5.639986324310302734e+01 1.855470085144042969e+01 2.109970283508300781e+01
1.885131740570068359e+02 5.157828330993652344e+01 1.999007797241210938e+01 2.178136825561523438e+01
1.913614072799682617e+02 4.973088455200195312e+01 1.908289527893066406e+01 2.176437377929687500e+01
1.946088657379150391e+02 4.711230278015136719e+01 1.787319564819335938e+01 2.094128036499023438e+01
1.958564891815185547e+02 4.771216773986816406e+01 1.943610763549804688e+01 2.267518234252929688e+01
1.996350402832031250e+02 5.586639308929443359e+01 1.913774871826171875e+01 2.192126655578613281e+01
2.026385259628295898e+02 6.190806388854980469e+01 1.933323097229003906e+01 2.211198806762695312e+01
2.028890695571899414e+02 5.351523113250732422e+01 1.964295005798339844e+01 2.214187049865722656e+01
2.039566268920898438e+02 4.933600234985351562e+01 2.013355255126953125e+01 2.095568084716796875e+01
2.052688817977905273e+02 5.040438365936279297e+01 1.991342353820800781e+01 2.114026832580566406e+01
2.073183469772338867e+02 5.474841499328613281e+01 1.980379676818847656e+01 2.216454696655273438e+01
2.093712568283081055e+02 6.096375942230224609e+01 1.987349891662597656e+01 2.099718666076660156e+01
2.096385545730590820e+02 5.516246128082275391e+01 2.085810661315917969e+01 2.188366508483886719e+01
2.106128845214843750e+02 5.266948890686035156e+01 2.069224548339843750e+01 2.099899673461914062e+01
2.117855062484741211e+02 5.360099411010742188e+01 2.079282569885253906e+01 2.225100708007812500e+01
2.128452749252319336e+02 5.897587871551513672e+01 2.101204872131347656e+01 2.175046730041503906e+01
2.144402503967285156e+02 5.783361244201660156e+01 2.131843566894531250e+01 2.166595077514648438e+01
2.151673803329467773e+02 5.433812808990478516e+01 2.072960090637207031e+01 2.126678276062011719e+01
2.149046039581298828e+02 5.493052768707275391e+01 2.162913894653320312e+01 2.182105064392089844e+01
2.172896289825439453e+02 5.964077758789062500e+01 1.991437149047851562e+01 2.247364044189453125e+01
2.172727479934692383e+02 5.823582744598388672e+01 2.075990867614746094e+01 2.263224220275878906e+01
2.183728370666503906e+02 5.592190456390380859e+01 2.040212249755859375e+01 2.223013496398925781e+01
2.190352277755737305e+02 5.728088474273681641e+01 2.012785530090332031e+01 2.296577262878417969e+01
2.209414682388305664e+02 6.103798580169677734e+01 2.016719627380371094e+01 2.259868812561035156e+01
2.179058055877685547e+02 6.003658866882324219e+01 1.884963607788085938e+01 1.968368911743164062e+01
2.189500322341918945e+02 5.807295227050781250e+01 1.933571434020996094e+01 2.170020294189453125e+01
2.042955360412597656e+02 5.286682701110839844e+01 3.412893676757812500e+01 2.490152359008789062e+01
1.989399471282958984e+02 3.908362770080567117e+01 4.091536331176757812e+01 4.209164810180663352e+01
1.983129959106445312e+02 3.225305747985839844e+01 4.643362426757812500e+01 4.953733444213867188e+01
1.972208480834960938e+02 2.928314590454101562e+01 4.781933593750000000e+01 5.158610534667968750e+01
1.971691932678222656e+02 2.954677772521972656e+01 4.770175933837890625e+01 4.948013687133789062e+01
1.974101047515869141e+02 3.056825447082519531e+01 4.752662277221679688e+01 5.032307815551757812e+01
1.988625068664550781e+02 2.900902748107908735e+01 4.543117523193359375e+01 4.917871475219726562e+01
1.989295406341552734e+02 3.116548919677732954e+01 4.421760940551757812e+01 5.033855438232421875e+01
1.981803150177001953e+02 2.694574356079100141e+01 4.352524948120117188e+01 5.184109497070312500e+01
1.977090492248535156e+02 2.809924125671385298e+01 4.417417144775390625e+01 4.704587936401367188e+01
1.986426067352294922e+02 2.759924888610838423e+01 4.159976577758789062e+01 4.666093063354492188e+01
1.972724514007568359e+02 2.658165359497068891e+01 4.167206192016601562e+01 4.587812805175781250e+01
1.957787017822265625e+02 2.525517272949217329e+01 4.117840576171875000e+01 4.485289764404296875e+01
1.950554943084716797e+02 2.284579277038572798e+01 4.267879104614257812e+01 4.666451644897460938e+01
1.938381233215332031e+02 1.923641777038572798e+01 4.321646881103515625e+01 4.712046432495117188e+01
1.931366596221923828e+02 2.064655113220213423e+01 4.467144393920898438e+01 4.518496322631835938e+01
1.937167758941650391e+02 1.740356826782225141e+01 4.429555892944335938e+01 4.639329528808593750e+01
1.934830188751220703e+02 1.570606422424314985e+01 4.478297042846679688e+01 4.559167861938476562e+01
1.965576896667480469e+02 1.622224807739256391e+01 4.543827056884765625e+01 4.514524841308593750e+01
1.978008079528808594e+02 1.591571617126463423e+01 4.589844512939453125e+01 4.429012680053710938e+01
1.990362968444824219e+02 1.764844131469725141e+01 4.582752227783203125e+01 4.334654235839843750e+01
2.007693805694580078e+02 2.037796974182127485e+01 4.629343795776367188e+01 4.347111892700195312e+01
2.010561828613281250e+02 2.420659828186033735e+01 4.596817016601562500e+01 4.188447952270507812e+01
2.013959617614746094e+02 2.630177497863768110e+01 4.577677154541015625e+01 4.284523391723632812e+01
2.018387699127197266e+02 2.735109519958494673e+01 4.720017623901367188e+01 4.532806015014648438e+01
2.022364883422851562e+02 2.956591987609863281e+01 4.601275634765625000e+01 4.469102859497070312e+01
1.984369487762451172e+02 2.925553703308105469e+01 4.919888687133789062e+01 4.384606552124023438e+01
1.966821079254150391e+02 3.067059516906739702e+01 4.787273788452148438e+01 4.452135086059570312e+01
1.928211460113525391e+02 3.177523612976075640e+01 5.156791305541992188e+01 4.247411727905273438e+01
1.894068679809570312e+02 3.315630149841310015e+01 5.026533508300781250e+01 3.867101669311523438e+01
1.889866027832031250e+02 3.377005004882813921e+01 4.418130493164062500e+01 3.905220794677734375e+01
1.841403293609619141e+02 3.096386528015138140e+01 4.308294296264648438e+01 3.721747970581054688e+01
2.123181848526000977e+02 5.511731433868409624e+01 2.396087455749511719e+01 2.309480094909667969e+01
2.117555246353149414e+02 5.634337425231935015e+01 1.873190116882324219e+01 1.934611129760742188e+01
2.093425664901733398e+02 5.635474395751954546e+01 1.791510963439941406e+01 1.923634338378906250e+01
2.069064178466796875e+02 5.761879730224610796e+01 1.755759429931640625e+01 1.956968688964843750e+01
2.053739376068115234e+02 5.779555988311768999e+01 1.854271316528320312e+01 1.970347404479980469e+01
2.035753622055053711e+02 5.820266723632813921e+01 1.688418006896972656e+01 2.018761444091796875e+01
2.020089654922485352e+02 5.911050033569337359e+01 1.761550712585449219e+01 2.006300354003906250e+01
2.002751502990722656e+02 5.884359931945802202e+01 1.819465637207031250e+01 2.074941635131835938e+01
1.992610721588134766e+02 5.956663417816163530e+01 1.889129257202148438e+01 2.052827644348144531e+01
1.974748983383178711e+02 5.948564052581788530e+01 1.885850715637207031e+01 2.099657630920410156e+01
1.955611457824707031e+02 5.929925823211671343e+01 2.009280395507812500e+01 2.112893104553222656e+01
1.944127645492553711e+02 5.974757480621339312e+01 1.996899604797363281e+01 2.147835350036621094e+01
1.924129142761230469e+02 5.902483558654786577e+01 2.092477416992187500e+01 2.174905014038085938e+01
1.915581932067871094e+02 5.929971122741700640e+01 2.022424316406250000e+01 2.099731826782226562e+01
1.919163942337036133e+02 5.995271873474122515e+01 1.918192863464355469e+01 2.181539535522460938e+01
1.928869543075561523e+02 6.013440322875977984e+01 2.024550056457519531e+01 2.132553863525390625e+01
1.956706972122192383e+02 5.988089179992677202e+01 1.937195396423339844e+01 2.167670822143554688e+01
1.981159658432006836e+02 6.003633403778077593e+01 1.975012397766113281e+01 2.101206398010253906e+01
2.004820871353149414e+02 6.039013099670411577e+01 1.967972373962402344e+01 2.069530105590820312e+01
2.033369045257568359e+02 6.118843269348145952e+01 1.843413925170898438e+01 2.042370986938476562e+01
2.056966428756713867e+02 6.009853363037110796e+01 1.723743629455566406e+01 2.055490875244140625e+01
2.092138566970825195e+02 5.867526435852052202e+01 1.938845634460449219e+01 2.089103317260742188e+01
2.120378217697143555e+02 5.723542404174806109e+01 1.977820014953613281e+01 2.071784210205078125e+01
2.156916723251342773e+02 5.791061305999757280e+01 2.109437751770019531e+01 2.100622749328613281e+01
2.181284971237182617e+02 5.680259132385255327e+01 1.956067848205566406e+01 1.994528579711914062e+01
2.209444923400878906e+02 5.596130752563477984e+01 1.998839569091796875e+01 1.998638153076171875e+01
