1.440000000000000000e+02 2.800000000000000000e+01 2.400000000000000000e+01 2.900000000000000000e+01
1.449063434600830078e+02 2.730915832519531250e+01 2.364384841918945312e+01 2.944126129150390625e+01
1.448833675384521484e+02 2.838675117492675781e+01 2.333629226684570312e+01 2.953803634643554688e+01
1.447743568420410156e+02 2.898449039459228516e+01 2.386229705810546875e+01 2.973580741882324219e+01
1.454803771972656250e+02 2.946935844421386008e+01 2.400160217285156250e+01 2.975413131713867188e+01
1.455165939331054688e+02 2.928292465209959516e+01 2.390663909912109375e+01 2.958289337158203125e+01
1.457770023345947266e+02 2.916284751892087712e+01 2.397125625610351562e+01 2.971375656127929688e+01
1.462298107147216797e+02 2.919167995452878017e+01 2.399678421020507812e+01 2.984176063537597656e+01
1.459310407638549805e+02 2.986923980712887783e+01 2.386333656311035156e+01 2.979275512695312500e+01
1.457018051147460938e+02 2.991088390350338244e+01 2.385906982421875000e+01 2.973678779602050781e+01
1.448575496673583984e+02 3.000230789184566049e+01 2.385301589965820312e+01 2.928405761718750000e+01
1.438452806472778320e+02 2.840265846252437143e+01 2.367432212829589844e+01 2.952215194702148438e+01
1.424697246551513672e+02 2.873501205444331674e+01 2.340295028686523438e+01 2.929476928710937500e+01
1.410712537765502930e+02 2.757330608367916369e+01 2.397781562805175781e+01 2.951169013977050781e+01
1.397937078475952148e+02 2.720359230041499643e+01 2.431138038635253906e+01 2.918692398071289062e+01
1.396650276184082031e+02 2.683687305450434479e+01 2.426683044433593750e+01 2.954995536804199219e+01
1.385592050552368164e+02 2.559255409240717682e+01 2.430837059020996094e+01 2.936086654663085938e+01
1.385041217803955078e+02 2.547466182708734550e+01 2.421728897094726562e+01 2.964679145812988281e+01
1.375057725906372070e+02 2.572519493103021659e+01 2.419778251647949219e+01 2.951477432250976562e+01
1.381579370498657227e+02 2.514769554138177199e+01 2.376838493347167969e+01 2.969160842895507812e+01
1.370469732284545898e+02 2.520859241485588598e+01 2.407254981994628906e+01 2.966843986511230469e+01
1.367969026565551758e+02 2.377866840362541012e+01 2.411778831481933594e+01 2.965684318542480469e+01
1.369821357727050781e+02 2.419512557983389911e+01 2.452803039550781250e+01 2.983361053466796875e+01
1.364681148529052734e+02 2.394016361236563739e+01 2.482381820678710938e+01 2.946377372741699219e+01
1.370254764556884766e+02 2.436472797393790302e+01 2.497049331665039062e+01 2.997565269470214844e+01
1.368410406112670898e+02 2.498211860656729755e+01 2.474946784973144531e+01 3.012224960327148438e+01
1.381800832748413086e+02 2.468813991546622333e+01 2.457367134094238281e+01 3.058609962463378906e+01
1.396815013885498047e+02 2.546372222900382098e+01 2.408916091918945312e+01 3.023228454589843750e+01
1.400990657806396484e+02 2.538108539581290302e+01 2.372861862182617188e+01 3.036695671081542969e+01
1.412526159286499023e+02 2.614046859741202411e+01 2.361396217346191406e+01 3.005922698974609375e+01
1.418572778701782227e+02 2.625224018096914591e+01 2.361894798278808594e+01 3.050943565368652344e+01
1.427734079360961914e+02 2.679226398468008341e+01 2.355109977722167969e+01 3.000714683532714844e+01
1.442020158767700195e+02 2.783217811584462709e+01 2.318356132507324219e+01 3.001993179321289062e+01
1.446851043701171875e+02 2.721798896789540834e+01 2.327558898925781250e+01 3.085493087768554688e+01
1.458541040420532227e+02 2.776170825958242006e+01 2.364103507995605469e+01 3.022243309020996094e+01
1.468173732757568359e+02 2.867693328857411217e+01 2.336717605590820312e+01 2.985652160644531250e+01
1.469003400802612305e+02 2.808904266357411217e+01 2.341316413879394531e+01 3.016059875488281250e+01
1.483492860794067383e+02 2.814216041564930038e+01 2.332752037048339844e+01 3.035020065307617188e+01
1.487562618255615234e+02 2.855694675445544561e+01 2.317987442016601562e+01 3.015133476257324219e+01
1.503549299240112305e+02 2.835886764526355108e+01 2.315300941467285156e+01 3.013140869140625000e+01
1.508351488113403320e+02 2.935528182983386358e+01 2.314123344421386719e+01 3.000677490234375000e+01
1.519814405441284180e+02 2.914612865447985968e+01 2.321048164367675781e+01 3.033600807189941406e+01
1.526961946487426758e+02 2.878851985931383695e+01 2.323293113708496094e+01 3.002744483947753906e+01
1.538317394256591797e+02 2.865856838226305570e+01 2.296389389038085938e+01 3.029474067687988281e+01
1.548641710281372070e+02 2.880246734619127835e+01 2.289393424987792969e+01 3.012788391113281250e+01
1.559837303161621094e+02 2.895630264282213773e+01 2.286091613769531250e+01 3.020527648925781250e+01
1.570903606414794922e+02 2.918280506134020413e+01 2.320560836791992188e+01 3.011150932312011719e+01
1.575442647933959961e+02 2.950491809844957913e+01 2.311882209777832031e+01 3.025263786315917969e+01
1.593956451416015625e+02 2.918845939636217679e+01 2.283641052246093750e+01 3.030844497680664062e+01
1.604435443878173828e+02 3.022718811035143460e+01 2.292666244506835938e+01 3.005609130859375000e+01
1.617057914733886719e+02 3.042511749267565335e+01 2.296539306640625000e+01 3.012510681152343750e+01
1.631514701843261719e+02 3.101374053955065335e+01 2.307373809814453125e+01 2.990037536621093750e+01
1.638911209106445312e+02 3.044734096527086820e+01 2.319508361816406250e+01 2.982007789611816406e+01
1.658922500610351562e+02 3.118305301666246976e+01 2.290514373779296875e+01 2.980177879333496094e+01
1.662996740341186523e+02 3.043171215057360968e+01 2.320862770080566406e+01 2.994689369201660156e+01
1.673745927810668945e+02 3.127032852172839483e+01 2.321011161804199219e+01 3.002382659912109375e+01
1.682610702514648438e+02 3.098185729980456671e+01 2.375522613525390625e+01 3.059544372558593750e+01
1.693818769454956055e+02 3.134529399871814093e+01 2.373900032043457031e+01 3.046317481994628906e+01
1.703658580780029297e+02 3.090189361572253546e+01 2.393655014038085938e+01 3.055434417724609375e+01
1.704299440383911133e+02 3.162928581237780890e+01 2.424513053894042969e+01 3.041968917846679688e+01
1.711906194686889648e+02 3.248514175415026983e+01 2.442691230773925781e+01 3.048469543457031250e+01
1.713699340820312500e+02 3.228744697570788702e+01 2.494119262695312500e+01 3.038570785522460938e+01
1.712408056259155273e+02 3.258103084564196905e+01 2.449537086486816406e+01 3.067976570129394531e+01
1.703699607849121094e+02 3.276814842224109015e+01 2.487172698974609375e+01 3.014024734497070312e+01
1.690320682525634766e+02 3.264071273803698858e+01 2.487691116333007812e+01 3.001380157470703125e+01
1.687719192504882812e+02 3.225144100189196905e+01 2.453719329833984375e+01 3.022353553771972656e+01
1.663876571655273438e+02 3.202705192565905890e+01 2.497339630126953125e+01 3.044201278686523438e+01
1.658920345306396484e+02 3.205534553527819952e+01 2.457944107055664062e+01 2.973682022094726562e+01
1.633309259414672852e+02 3.183054256439196905e+01 2.424353599548339844e+01 3.053522682189941406e+01
1.621601047515869141e+02 3.071114253997790655e+01 2.384513473510742188e+01 3.003009986877441406e+01
1.601599111557006836e+02 4.380030155181872686e+01 2.350741004943847656e+01 1.706577110290527344e+01
1.584179201126098633e+02 2.923146724700915655e+01 2.300950431823730469e+01 3.101196479797363281e+01
1.565993976593017578e+02 2.988971519470202054e+01 2.356626510620117188e+01 3.019410324096679688e+01
1.546191129684448242e+02 2.984424495697007984e+01 2.370764350891113281e+01 2.999347114562988281e+01
1.532856607437133789e+02 2.919699382781968211e+01 2.377644157409667969e+01 3.001603126525878906e+01
1.520700330734252930e+02 2.798474693298324922e+01 2.380418586730957031e+01 3.006155776977539062e+01
1.513972902297973633e+02 2.764467906951889375e+01 2.366728782653808594e+01 3.045070838928222656e+01
1.514395341873168945e+02 2.674278640747055391e+01 2.377106285095214844e+01 3.089985656738281250e+01
1.508650121688842773e+02 2.630141735076889375e+01 2.406941413879394531e+01 3.083577156066894531e+01
1.512622146606445312e+02 2.640854454040512422e+01 2.401055908203125000e+01 3.094178390502929688e+01
1.514470767974853516e+02 2.537635898590072969e+01 2.412611007690429688e+01 3.164320945739746094e+01
1.518123331069946289e+02 2.502570629119858125e+01 2.418231010437011719e+01 3.176598548889160156e+01
1.528045854568481445e+02 2.556900978088363985e+01 2.419251060485839844e+01 3.166266250610351562e+01
1.537511548995971680e+02 2.508385086059555391e+01 2.408886146545410156e+01 3.170469665527343750e+01
1.544825143814086914e+02 2.578536128997787813e+01 2.421446037292480469e+01 3.084086036682128906e+01
1.547557048797607422e+02 2.551864433288559297e+01 2.423465347290039062e+01 3.138089370727539062e+01
1.565276546478271484e+02 2.557833766937240938e+01 2.457817459106445312e+01 3.107168769836425781e+01
1.575117216110229492e+02 2.607932090759262422e+01 2.471097755432128906e+01 3.101849746704101562e+01
1.587510795593261719e+02 2.711634445190414766e+01 2.477627563476562500e+01 3.087313079833984375e+01
1.584845781326293945e+02 2.765225791931137422e+01 2.474715995788574219e+01 3.039529800415039062e+01
1.591771507263183594e+02 2.743226814270004610e+01 2.472309112548828125e+01 3.052839279174804688e+01
1.591918554306030273e+02 2.703765487670883516e+01 2.414830207824707031e+01 3.072125244140625000e+01
1.594886436462402344e+02 2.710646629333481172e+01 2.388555908203125000e+01 3.123105239868164062e+01
1.607307138442993164e+02 2.704926776885971407e+01 2.362378501892089844e+01 3.099122428894042969e+01
1.603731679916381836e+02 2.750504875183090547e+01 2.320763587951660156e+01 3.076511764526367188e+01
1.606678886413574219e+02 2.776290988922103509e+01 2.294418334960937500e+01 3.063750267028808594e+01
1.597573080062866211e+02 2.707253265380843033e+01 2.307032966613769531e+01 3.052431488037109375e+01
1.593053798675537109e+02 2.652105045318586463e+01 2.347704696655273438e+01 3.113779258728027344e+01
1.588695468902587891e+02 2.582833194732648963e+01 2.367730331420898438e+01 3.135246086120605469e+01
1.591486778259277344e+02 2.593839550018293494e+01 2.361280059814453125e+01 3.079559516906738281e+01
1.589629135131835938e+02 2.536322784423811072e+01 2.346772003173828125e+01 3.139062500000000000e+01
1.586550979614257812e+02 2.434181880950910681e+01 2.342697143554687500e+01 3.075576210021972656e+01
1.585716991424560547e+02 2.450420188903791541e+01 2.391399002075195312e+01 3.060785293579101562e+01
1.583235826492309570e+02 2.505098152160627478e+01 2.361694908142089844e+01 3.082423019409179688e+01
1.589127950668334961e+02 2.568649959564191931e+01 2.410894203186035156e+01 3.061192512512207031e+01
1.597343921661376953e+02 2.612370014190656775e+01 2.384910202026367188e+01 3.079939842224121094e+01
1.594916095733642578e+02 2.556648826599104041e+01 2.388607406616210938e+01 3.125167465209960938e+01
1.599846162796020508e+02 2.608461093902570838e+01 2.410101890563964844e+01 3.085972404479980469e+01
1.601456098556518555e+02 2.532946205139143103e+01 2.400988960266113281e+01 3.104340744018554688e+01
1.603897686004638672e+02 2.605064105987531775e+01 2.411255264282226562e+01 3.088538932800292969e+01
1.608763732910156250e+02 2.682488727569563025e+01 2.425444793701171875e+01 3.068250083923339844e+01
1.608370294570922852e+02 2.624948787689191931e+01 2.347200584411621094e+01 3.097670173645019531e+01
1.604137010574340820e+02 2.578024864196760291e+01 2.334099388122558594e+01 3.101306533813476562e+01
1.608061313629150391e+02 2.630441093444807166e+01 2.385144424438476562e+01 3.094315719604492188e+01
1.603897676467895508e+02 2.627626228332502478e+01 2.386163902282714844e+01 3.093925094604492188e+01
1.602750978469848633e+02 2.623002052307111853e+01 2.358505821228027344e+01 3.103078842163085938e+01
1.600900840759277344e+02 2.658308506011945838e+01 2.352098083496093750e+01 3.048919486999511719e+01
1.601233358383178711e+02 2.634973335266096228e+01 2.371631050109863281e+01 3.032770156860351562e+01
1.603569574356079102e+02 2.605164241790754431e+01 2.352874565124511719e+01 3.031450843811035156e+01
1.600389041900634766e+02 2.638924789428693174e+01 2.342005538940429688e+01 3.036060333251953125e+01
1.605916986465454102e+02 2.678488922119122151e+01 2.379495811462402344e+01 3.037167358398437500e+01
1.611537847518920898e+02 2.671813869476299885e+01 2.365703010559082031e+01 3.100030708312988281e+01
1.615685024261474609e+02 2.712696361541729573e+01 2.366644668579101562e+01 3.087010383605957031e+01
1.612348728179931641e+02 2.768341445922833088e+01 2.368979263305664062e+01 3.103834533691406250e+01
1.607613878250122070e+02 2.728514289855938557e+01 2.409203910827636719e+01 3.136756515502929688e+01
1.611067714691162109e+02 2.801913166046124104e+01 2.402554702758789062e+01 3.051350975036621094e+01
1.605514888763427734e+02 2.752610874176006917e+01 2.435673141479492188e+01 3.084943199157714844e+01
1.609247817993164062e+02 2.793187427520733479e+01 2.425144958496093750e+01 3.056032371520996094e+01
1.603459062576293945e+02 2.728804683685284260e+01 2.436335563659667969e+01 3.091945075988769531e+01
1.604703865051269531e+02 2.754082870483379963e+01 2.377210235595703125e+01 3.050199127197265625e+01
1.614027709960937500e+02 2.726261234283428792e+01 2.333432769775390625e+01 3.086643028259277344e+01
1.609732103347778320e+02 2.709158992767315510e+01 2.348917198181152344e+01 3.087443733215332031e+01
1.606641588211059570e+02 2.692688179016094807e+01 2.313872337341308594e+01 3.093271255493164062e+01
1.610451993942260742e+02 2.768556308746319417e+01 2.272368049621582031e+01 3.080933189392089844e+01
1.611826496124267578e+02 2.702654361724835042e+01 2.276856613159179688e+01 3.146732139587402344e+01
1.604269866943359375e+02 2.692814445495586995e+01 2.303827667236328125e+01 3.121526718139648438e+01
1.603141889572143555e+02 2.690160846710186604e+01 2.361098670959472656e+01 3.103124809265136719e+01
1.597031393051147461e+02 2.741807174682598713e+01 2.366963386535644531e+01 3.093657684326171875e+01
1.604068069458007812e+02 2.840326309204083088e+01 2.367850494384765625e+01 3.056424713134765625e+01
1.604251804351806641e+02 2.783111572265606526e+01 2.456116104125976562e+01 3.065803527832031250e+01
1.601415939331054688e+02 2.879451656341534260e+01 2.392291259765625000e+01 3.072138404846191406e+01
1.596468858718872070e+02 2.790239810943585042e+01 2.444270896911621094e+01 3.093507957458496094e+01
1.605784254074096680e+02 2.904905319213848713e+01 2.264683723449707031e+01 3.082734680175781250e+01
1.613431062698364258e+02 2.903963851928692463e+01 2.287389183044433594e+01 3.078722381591796875e+01
1.611290454864501953e+02 2.818832206726055034e+01 2.450547409057617188e+01 3.089419174194335938e+01
1.608643350601196289e+02 2.807460308074931987e+01 2.427089500427246094e+01 3.148363685607910156e+01
1.612358951568603516e+02 2.825749492645244487e+01 2.448586654663085938e+01 3.118737220764160156e+01
1.610421972274780273e+02 2.815510940551738628e+01 2.414894294738769531e+01 3.074294281005859375e+01
1.602928380966186523e+02 2.783790111541728862e+01 2.456731605529785156e+01 3.057099342346191406e+01
1.603784713745117188e+02 2.769822597503642925e+01 2.435080718994140625e+01 3.084230232238769531e+01
1.604122791290283203e+02 2.730266857147197612e+01 2.415322494506835938e+01 3.102040290832519531e+01
1.612646331787109375e+02 2.697010040283183940e+01 2.433191680908203125e+01 3.077137756347656250e+01
1.614232921600341797e+02 2.683862590789775737e+01 2.378107070922851562e+01 3.147998237609863281e+01
1.611850452423095703e+02 2.640750217437724956e+01 2.354448318481445312e+01 3.026695823669433594e+01
1.610100517272949219e+02 2.635348510742167605e+01 2.349761962890625000e+01 3.082793426513671875e+01
1.603823299407958984e+02 2.664355754852275027e+01 2.338248825073242188e+01 2.976851844787597656e+01
1.604122734069824219e+02 2.545898342132548464e+01 2.332433319091796875e+01 3.064649391174316406e+01
1.596616058349609375e+02 2.717903709411600488e+01 2.347525024414062500e+01 2.957001113891601562e+01
1.603109579086303711e+02 2.630312252044657129e+01 2.344738960266113281e+01 3.016851234436035156e+01
1.595830564498901367e+02 2.659627437591531418e+01 2.341073036193847656e+01 3.000202369689941406e+01
1.596848630905151367e+02 2.606614208221413520e+01 2.359776496887207031e+01 3.061752510070800781e+01
1.602586698532104492e+02 2.627750587463356879e+01 2.360748481750488281e+01 3.081257247924804688e+01
1.598883171081542969e+02 2.538847160339333442e+01 2.372474670410156250e+01 3.074900436401367188e+01
1.599173364639282227e+02 2.655321216583229926e+01 2.364502525329589844e+01 3.042931938171386719e+01
1.597911930084228516e+02 2.550842761993386176e+01 2.361610794067382812e+01 3.085392570495605469e+01
1.596863737106323242e+02 2.577901744842507270e+01 2.329632759094238281e+01 3.115420722961425781e+01
1.601648416519165039e+02 2.655115032196022895e+01 2.338568687438964844e+01 3.068641090393066406e+01
1.599534978866577148e+02 2.632306575775124458e+01 2.335295295715332031e+01 3.049214363098144531e+01
1.599138641357421875e+02 2.631869506835914763e+01 2.349662017822265625e+01 3.105397033691406250e+01
1.600853538513183594e+02 2.661776542663551481e+01 2.365418243408203125e+01 3.100477218627929688e+01
1.602111530303955078e+02 2.623439025878883513e+01 2.363502883911132812e+01 3.047843170166015625e+01
1.600483665466308594e+02 2.675071620941139372e+01 2.339558410644531250e+01 3.086749458312988281e+01
1.594908733367919922e+02 2.678063201904274138e+01 2.373750686645507812e+01 3.080727386474609375e+01
1.596321830749511719e+02 2.649375152587867888e+01 2.372856903076171875e+01 3.053645324707031250e+01
1.604283342361450195e+02 2.677586174011207731e+01 2.364919090270996094e+01 3.068555068969726562e+01
1.602775449752807617e+02 2.688402271270729216e+01 2.332344245910644531e+01 3.090180015563964844e+01
1.598195819854736328e+02 2.723075294494606169e+01 2.319943618774414062e+01 3.062896347045898438e+01
1.596221351623535156e+02 2.698018169403052724e+01 2.306150054931640625e+01 3.049756050109863281e+01
1.591288900375366211e+02 2.666737079620337170e+01 2.297758674621582031e+01 3.048471641540527344e+01
1.592774410247802734e+02 2.714418506622290295e+01 2.256886672973632812e+01 3.051981925964355469e+01
1.598114767074584961e+02 2.672371673583960927e+01 2.337523078918457031e+01 3.081236267089843750e+01
1.600233879089355469e+02 2.730320644378638661e+01 2.259629058837890625e+01 3.051909828186035156e+01
1.599375314712524414e+02 2.616531181335425771e+01 2.295738029479980469e+01 3.087453079223632812e+01
1.592445087432861328e+02 2.714379787445044201e+01 2.310345840454101562e+01 3.070852851867675781e+01
1.595526056289672852e+02 2.666777324676488803e+01 2.294509696960449219e+01 3.088324165344238281e+01
1.588145503997802734e+02 2.638585567474339655e+01 2.276272964477539062e+01 3.056334877014160156e+01
1.593972873687744141e+02 2.625437450408909967e+01 2.251077651977539062e+01 3.051730537414550781e+01
1.594058895111083984e+02 2.642484855651830600e+01 2.229800796508789062e+01 3.046784591674804688e+01
1.595097990036010742e+02 2.674320888519262951e+01 2.216968727111816406e+01 3.042393684387207031e+01
1.592517938613891602e+02 2.651395225524878185e+01 2.239120292663574219e+01 3.069820785522460938e+01
1.597259864807128906e+02 2.709108734130835927e+01 2.281546783447265625e+01 3.051052856445312500e+01
1.600139408111572266e+02 2.717484760284400380e+01 2.245448684692382812e+01 3.064056205749511719e+01
1.597836561203002930e+02 2.683235359191871794e+01 2.292631721496582031e+01 3.076727676391601562e+01
1.597651815414428711e+02 2.700249385833716786e+01 2.315763282775878906e+01 3.027578926086425781e+01
1.605826625823974609e+02 2.742839145660376943e+01 2.296128463745117188e+01 3.039810752868652344e+01
1.605878524780273438e+02 2.710566329956031240e+01 2.302054595947265625e+01 3.089167785644531250e+01
1.602551689147949219e+02 2.811330318450903576e+01 2.285168457031250000e+01 3.053375434875488281e+01
1.605267763137817383e+02 2.853286075592016857e+01 2.278717613220214844e+01 3.036497306823730469e+01
1.610228729248046875e+02 2.738288211822485607e+01 2.295793914794921875e+01 3.132445335388183594e+01
1.606379194259643555e+02 2.840148639678930920e+01 2.287004280090332031e+01 3.068601799011230469e+01
1.612374086380004883e+02 2.740244197845434826e+01 2.308312034606933594e+01 3.149291419982910156e+01
1.610136213302612305e+02 2.796472358703589123e+01 2.337796974182128906e+01 3.110646438598632812e+01
1.608047285079956055e+02 2.685319423675512951e+01 2.334760475158691406e+01 3.152417182922363281e+01
1.609107666015625000e+02 2.782649898529028576e+01 2.338764190673828125e+01 3.082791328430175781e+01
1.603686618804931641e+02 2.746501159667944592e+01 2.331059646606445312e+01 3.142153167724609375e+01
1.600798263549804688e+02 2.697755813598608654e+01 2.351874542236328125e+01 3.132086944580078125e+01
1.609013128280639648e+02 2.773364734649634045e+01 2.278576087951660156e+01 3.070453453063964844e+01
1.607556133270263672e+02 2.736079025268530529e+01 2.284150314331054688e+01 3.105970764160156250e+01
1.601987724304199219e+02 2.801180362701391147e+01 2.271342468261718750e+01 3.065490531921386719e+01
1.599907264709472656e+02 2.762290287017797397e+01 2.295419311523437500e+01 3.118427848815917969e+01
1.609473485946655273e+02 2.742864418029760287e+01 2.305150794982910156e+01 3.153970718383789062e+01
1.606026296615600586e+02 2.772677421569799350e+01 2.382316017150878906e+01 3.115591812133789062e+01
1.600947227478027344e+02 2.701894187927221225e+01 2.407463073730468750e+01 3.149390792846679688e+01
1.596001310348510742e+02 2.781888484954809115e+01 2.403078651428222656e+01 3.104375648498535156e+01
1.599458847045898438e+02 2.804824256896947787e+01 2.355426788330078125e+01 3.088052749633789062e+01
1.600606403350830078e+02 2.808586692810033725e+01 2.359537124633789062e+01 3.116683578491210938e+01
1.609671497344970703e+02 2.744006443023656772e+01 2.378027725219726562e+01 3.151254844665527344e+01
1.604388303756713867e+02 2.769362354278539584e+01 2.380343055725097656e+01 3.108402824401855469e+01
1.603813600540161133e+02 2.706914997100805209e+01 2.379626274108886719e+01 3.128232383728027344e+01
1.612080640792846680e+02 2.718293666839574740e+01 2.303032112121582031e+01 3.058854866027832031e+01
1.610457191467285156e+02 2.675669288635228327e+01 2.320337677001953125e+01 3.123688125610351562e+01
1.604067392349243164e+02 2.701769542694066217e+01 2.332898521423339844e+01 3.112993049621582031e+01
1.608447475433349609e+02 2.592707347869847467e+01 2.327551651000976562e+01 3.099179267883300781e+01
1.608012371063232422e+02 2.622011756896947077e+01 2.343388748168945312e+01 3.125393295288085938e+01
1.606455249786376953e+02 2.558465766906712702e+01 2.340266036987304688e+01 3.081798934936523438e+01
1.607821083068847656e+02 2.377746009826634577e+01 2.334896850585937500e+01 3.140861892700195312e+01
1.602997140884399414e+02 2.256835651397679499e+01 2.305213737487792969e+01 3.094558525085449219e+01
1.601614780426025391e+02 2.009902286529514726e+01 2.287441635131835938e+01 3.121244621276855469e+01
1.594322357177734375e+02 1.895206356048556984e+01 2.321363067626953125e+01 3.126016426086425781e+01
1.594996442794799805e+02 1.618651676177951515e+01 2.326255989074707031e+01 3.146700859069824219e+01
1.585460252761840820e+02 1.542448234558078468e+01 2.392187309265136719e+01 3.091343307495117188e+01
1.587020978927612305e+02 1.217177009582492531e+01 2.382724952697753906e+01 3.234667587280273438e+01
1.581329593658447266e+02 1.105623435974094093e+01 2.437568283081054688e+01 3.121031570434570312e+01
1.580328617095947266e+02 7.999298095702854994e+00 2.439008712768554688e+01 3.228452301025390625e+01
1.575608787536621094e+02 5.487386703490940931e+00 2.490914916992187500e+01 3.239035415649414062e+01
1.571980142593383789e+02 4.537667274474827650e+00 2.540989494323730469e+01 3.186849784851074219e+01
1.569588384628295898e+02 3.659147262572972181e+00 2.567345619201660156e+01 3.273805618286132812e+01
1.567329549789428711e+02 3.025602340697972181e+00 2.580651283264160156e+01 3.269135665893554688e+01
1.572643747329711914e+02 2.919357299804424599e+00 2.595298576354980469e+01 3.256562042236328125e+01
1.571482095718383789e+02 3.767679214477283267e+00 2.603464317321777344e+01 3.266106796264648438e+01
1.574274520874023438e+02 5.114748001098384123e+00 2.573147583007812500e+01 3.239077377319335938e+01
1.587229642868041992e+02 7.572814941406001310e+00 2.496486091613769531e+01 3.191267395019531250e+01
1.586467494964599609e+02 9.956444740295161466e+00 2.487595748901367188e+01 3.165909385681152344e+01
1.590779438018798828e+02 1.210844230651830600e+01 2.431812667846679688e+01 3.221683120727539062e+01
1.593765258789062500e+02 1.505377101898168490e+01 2.458921051025390625e+01 3.145842170715332031e+01
1.588359413146972656e+02 1.664945030212377475e+01 2.442932891845703125e+01 3.160332870483398438e+01
1.593629283905029297e+02 1.940328884124730990e+01 2.426562118530273438e+01 3.094340705871582031e+01
1.596453933715820312e+02 2.019927406311010287e+01 2.444503784179687500e+01 3.103184127807617188e+01
1.599788484573364258e+02 2.169560337066625522e+01 2.373725700378417969e+01 3.111198234558105469e+01
1.597801961898803711e+02 2.225561332702611850e+01 2.385862922668457031e+01 3.096352005004882812e+01
1.596234674453735352e+02 2.350173377990697787e+01 2.388187217712402344e+01 3.101086044311523438e+01
1.592880125045776367e+02 2.307283306121801303e+01 2.423630714416503906e+01 3.118425178527832031e+01
1.595307579040527344e+02 2.343309974670385287e+01 2.484242248535156250e+01 3.111665725708007812e+01
1.591281366348266602e+02 2.342772865295385287e+01 2.431628990173339844e+01 3.115493392944335938e+01
1.590729904174804688e+02 2.234282302856420444e+01 2.402708435058593750e+01 3.103041839599609375e+01
1.592050819396972656e+02 2.212913322448705600e+01 2.400580596923828125e+01 3.128316879272460938e+01
1.593516435623168945e+02 2.153520202636693881e+01 2.389034843444824219e+01 3.080436706542968750e+01
1.586968641281127930e+02 2.175465202331518100e+01 2.378367805480957031e+01 3.119085311889648438e+01
1.588290596008300781e+02 2.096083927154516147e+01 2.334870147705078125e+01 3.081517601013183594e+01
1.580048551559448242e+02 2.161842536926244662e+01 2.360543251037597656e+01 3.075645828247070312e+01
1.580157241821289062e+02 2.092794609069799350e+01 2.380313110351562500e+01 3.104494857788085938e+01
1.586258287429809570e+02 2.093756771087621615e+01 2.412104606628417969e+01 3.120589637756347656e+01
1.580787906646728516e+02 2.054243469238256381e+01 2.394699478149414062e+01 3.129298400878906250e+01
1.580017910003662109e+02 2.086795520782445834e+01 2.396866226196289062e+01 3.123106193542480469e+01
1.580407199859619141e+02 2.145362663269018100e+01 2.365160751342773438e+01 3.089800643920898438e+01
1.582871236801147461e+02 2.142022514343236850e+01 2.369504737854003906e+01 3.096842575073242188e+01
1.580189495086669922e+02 2.209859657287572787e+01 2.331906509399414062e+01 3.038083267211914062e+01
1.591323328018188477e+02 2.187613773345921686e+01 2.257666587829589844e+01 3.039462089538574219e+01
1.597475433349609375e+02 2.199575710296605990e+01 2.132708740234375000e+01 3.036698341369628906e+01
1.609111013412475586e+02 2.309591102600072787e+01 2.046978187561035156e+01 2.999660873413085938e+01
1.614527416229248047e+02 2.292759132385229037e+01 1.951281356811523438e+01 3.035868453979492188e+01
1.621628198623657227e+02 2.423954391479466608e+01 1.881049919128417969e+01 2.906789398193359375e+01
1.619975891113281250e+02 2.366275024414036920e+01 1.801401519775390625e+01 2.956256866455078125e+01
1.624569034576416016e+02 2.359582614898656772e+01 1.738387680053710938e+01 2.999163627624511719e+01
1.643450279235839844e+02 2.316278076171850131e+01 1.614012145996093750e+01 2.990339660644531250e+01
1.658784360885620117e+02 2.409707641601537631e+01 1.475692176818847656e+01 2.969109344482421875e+01
1.658795146942138672e+02 2.553629684448217319e+01 1.490228652954101562e+01 2.829635620117187500e+01
1.658861675262451172e+02 2.596849632263158725e+01 1.434341049194335938e+01 2.740835189819335938e+01
1.673987970352172852e+02 2.618835735321020053e+01 1.300978660583496094e+01 2.678749275207519531e+01
1.684648809432983398e+02 2.598176956176732944e+01 1.229885292053222656e+01 2.759024047851562500e+01
1.675676407814025879e+02 2.493561744689916537e+01 1.267055797576904297e+01 2.885049819946289062e+01
1.689669761657714844e+02 2.670324897766088412e+01 1.188748168945312500e+01 2.656744766235351562e+01
1.678949818611145020e+02 2.512635993957494662e+01 1.252392482757568359e+01 2.850648880004882812e+01
1.678056678771972656e+02 2.684531974792455600e+01 1.252793884277343750e+01 2.711947250366210938e+01
1.670608448982238770e+02 2.509479808807348178e+01 1.326737880706787109e+01 2.814422798156738281e+01
1.663343944549560547e+02 2.614356613159154819e+01 1.360941696166992188e+01 2.713851165771484375e+01
1.668087453842163086e+02 2.570768737792943881e+01 1.354323768615722656e+01 2.719410705566406250e+01
1.671710910797119141e+02 2.306069660186742709e+01 1.400333023071289062e+01 2.943832969665527344e+01
1.671906661987304688e+02 2.459986114501928256e+01 1.429912567138671875e+01 2.850192260742187500e+01
1.666615743637084961e+02 2.540908336639379428e+01 1.453175544738769531e+01 2.827410316467285156e+01
1.656637115478515625e+02 2.332568359374975131e+01 1.596600341796875000e+01 2.913980102539062500e+01
1.638471698760986328e+02 2.337788105010961459e+01 1.774805068969726562e+01 3.005493736267089844e+01
1.620013236999511719e+02 2.275729274749731701e+01 1.975605010986328125e+01 3.007322883605957031e+01
1.597625169754028320e+02 2.205528926849340365e+01 2.163805198669433594e+01 3.076941108703613281e+01
1.583190631866455078e+02 2.304878520965551303e+01 2.269314193725585938e+01 3.018963050842285156e+01
1.582833623886108398e+02 2.113156890869116467e+01 2.297068977355957031e+01 3.158361816406250000e+01
1.575940341949462891e+02 2.126126956939673107e+01 2.365516281127929688e+01 3.188316917419433594e+01
1.573262500762939453e+02 2.158592128753637951e+01 2.457905960083007812e+01 3.150734901428222656e+01
1.559984321594238281e+02 2.206627082824682873e+01 2.494786071777343750e+01 3.130197525024414062e+01
1.560102472305297852e+02 2.030368804931616467e+01 2.540945243835449219e+01 3.221688079833984375e+01
1.550966672897338867e+02 2.092195701599096935e+01 2.612062263488769531e+01 3.176031112670898438e+01
1.544218606948852539e+02 2.072549819946264904e+01 2.670657157897949219e+01 3.232698059082031250e+01
1.540173816680908203e+02 2.082526969909643810e+01 2.617519760131835938e+01 3.240851974487304688e+01
1.534241504669189453e+02 2.010462570190406240e+01 2.728979873657226562e+01 3.315525054931640625e+01
1.530885267257690430e+02 2.146310043334937490e+01 2.682858467102050781e+01 3.228076934814453125e+01
1.530809001922607422e+02 2.014836502075171865e+01 2.697249221801757812e+01 3.291298675537109375e+01
1.528827295303344727e+02 2.043227767944312490e+01 2.710342979431152344e+01 3.229167175292968750e+01
1.531894302368164062e+02 2.077102088928199208e+01 2.741394805908203125e+01 3.246812820434570312e+01
1.530523672103881836e+02 2.045164680480933583e+01 2.741320991516113281e+01 3.246438217163085938e+01
1.524519252777099609e+02 1.896014022827124990e+01 2.802190780639648438e+01 3.344247436523437500e+01
1.523560256958007812e+02 1.931673812866188200e+01 2.868771362304687500e+01 3.310573577880859375e+01
1.519520320892333984e+02 1.890406036376930388e+01 2.875860977172851562e+01 3.312091827392578125e+01
1.520704994201660156e+02 1.922858428955055388e+01 2.904624176025390625e+01 3.344932556152343750e+01
1.519560832977294922e+02 1.919557380676246794e+01 2.892943954467773438e+01 3.333564376831054688e+01
1.521420307159423828e+02 1.899333953857399138e+01 2.825033950805664062e+01 3.395903015136718750e+01
1.529320259094238281e+02 1.875521850585914763e+01 2.716912078857421875e+01 3.413374328613281250e+01
1.529949083328247070e+02 1.924158477783180388e+01 2.621745872497558594e+01 3.324095153808593750e+01
1.526871404647827148e+02 1.955505752563453825e+01 2.623819923400878906e+01 3.333187866210937500e+01
1.541221837997436523e+02 1.909357833862281950e+01 2.550014686584472656e+01 3.253851318359375000e+01
1.544906597137451172e+02 2.002901268005348356e+01 2.428601455688476562e+01 3.196825027465820312e+01
1.547511615753173828e+02 2.017387676238990935e+01 2.349001693725585938e+01 3.132926368713378906e+01
1.559402770996093750e+02 2.083485984802223356e+01 2.271346282958984375e+01 3.060473251342773438e+01
1.565649232864379883e+02 2.127094554901100310e+01 2.182455253601074219e+01 2.991196632385253906e+01
1.569361658096313477e+02 2.109027194976783193e+01 2.080948448181152344e+01 3.003182792663574219e+01
1.581038932800292969e+02 2.276265525817847646e+01 1.932453155517578125e+01 2.916818618774414062e+01
1.590321416854858398e+02 2.208630371093726552e+01 1.763113594055175781e+01 2.952539825439453125e+01
1.594841766357421875e+02 2.209208965301490224e+01 1.636959075927734375e+01 2.917927742004394531e+01
1.589189920425415039e+02 2.215355491638160146e+01 1.704111289978027344e+01 2.909623336791992188e+01
1.589785995483398438e+02 2.180976009368873036e+01 1.771051788330078125e+01 2.952323341369628906e+01
1.575980892181396484e+02 2.134041976928687490e+01 1.825287246704101562e+01 2.978667449951171875e+01
1.566839532852172852e+02 2.315657424926734365e+01 1.918102836608886719e+01 2.849494934082031250e+01
1.567016344070434570e+02 2.169379329681373036e+01 2.014862632751464844e+01 2.952144050598144531e+01
1.555231904983520508e+02 2.185395812988257092e+01 2.200757408142089844e+01 3.027787780761718750e+01
1.542176580429077148e+02 1.970749473571753185e+01 2.403369331359863281e+01 3.298743820190429688e+01
1.537872991561889648e+02 1.880621719360327404e+01 2.586014747619628906e+01 3.424102020263671875e+01
1.530486354827880859e+02 1.847620773315405529e+01 2.708814620971679688e+01 3.491389465332031250e+01
1.528704061508178711e+02 1.904454421997046154e+01 2.736035346984863281e+01 3.379074859619140625e+01
1.530306415557861328e+02 1.892996025085425060e+01 2.708015060424804688e+01 3.395062637329101562e+01
1.533608255386352539e+02 1.911484718322729748e+01 2.648654747009277344e+01 3.372213363647460938e+01
1.533763513565063477e+02 1.918949127197241467e+01 2.663319969177246094e+01 3.394501495361328125e+01
1.538366613388061523e+02 1.895757102966284435e+01 2.741404914855957031e+01 3.383641433715820312e+01
1.535041122436523438e+02 1.940824699401831310e+01 2.678559875488281250e+01 3.263296890258789062e+01
1.538048868179321289e+02 1.957466697692846935e+01 2.712244224548339844e+01 3.292946243286132812e+01
1.540211439132690430e+02 1.943613624572729748e+01 2.695475196838378906e+01 3.292258071899414062e+01
1.552619543075561523e+02 1.909211349487280529e+01 2.585241889953613281e+01 3.254878234863281250e+01
1.555508127212524414e+02 1.903012275695777333e+01 2.499918174743652344e+01 3.278428268432617188e+01
1.564154806137084961e+02 1.930799198150611318e+01 2.445951271057128906e+01 3.179697990417480469e+01
1.572688674926757812e+02 1.972252941131568349e+01 2.433737182617187500e+01 3.129550361633300781e+01
1.581521282196044922e+02 2.025302124023414052e+01 2.471074295043945312e+01 3.051921081542968750e+01
1.581129484176635742e+02 1.997295188903785146e+01 2.454177284240722656e+01 3.090999221801757812e+01
1.583329267501831055e+02 2.019657039642310536e+01 2.498621559143066406e+01 3.071525001525878906e+01
1.587793693542480469e+02 2.031690597534156240e+01 2.485410308837890625e+01 3.090920257568359375e+01
1.588255262374877930e+02 2.109914970397925771e+01 2.455375862121582031e+01 3.000076675415039062e+01
1.588723936080932617e+02 2.044969940185523427e+01 2.477208900451660156e+01 3.064302825927734375e+01
1.590420370101928711e+02 2.115841484069800771e+01 2.470203590393066406e+01 3.053971481323242188e+01
1.599958620071411133e+02 2.167808437347388661e+01 2.431215476989746094e+01 3.041814613342285156e+01
1.597123613357543945e+02 2.222169685363746083e+01 2.375260734558105469e+01 3.018500137329101562e+01
1.597108154296875000e+02 2.205271911621070302e+01 2.317324066162109375e+01 3.063009643554687500e+01
1.604515218734741211e+02 2.181855201721167248e+01 2.235653877258300781e+01 3.049599075317382812e+01
1.616618328094482422e+02 2.131433773040748036e+01 2.111993789672851562e+01 3.045308876037597656e+01
1.626048889160156250e+02 2.083405494689917958e+01 2.022174835205078125e+01 3.052289962768554688e+01
1.620520048141479492e+02 2.134918785095191396e+01 2.044848823547363281e+01 3.008723831176757812e+01
1.620477266311645508e+02 2.087634944915748036e+01 2.071025657653808594e+01 3.072746467590332031e+01
1.608363876342773438e+02 2.020641517639136708e+01 2.123001098632812500e+01 3.088595199584960938e+01
1.601545248031616211e+02 2.022472000122046154e+01 2.237671089172363281e+01 3.127813720703125000e+01
1.598491601943969727e+02 1.984627914428686779e+01 2.288809776306152344e+01 3.130339050292968750e+01
1.597026243209838867e+02 2.060898876190161388e+01 2.280513191223144531e+01 3.090642738342285156e+01
1.587987432479858398e+02 1.969696331024145053e+01 2.240760993957519531e+01 3.100485420227050781e+01
1.590298013687133789e+02 2.023732662200902865e+01 2.273946189880371094e+01 3.088628578186035156e+01
1.588959188461303711e+02 2.036583995819066217e+01 2.307790565490722656e+01 3.089210700988769531e+01
1.589808835983276367e+02 2.048386955261204179e+01 2.317634773254394531e+01 3.093248367309570312e+01
1.588836803436279297e+02 2.002725219726536210e+01 2.294226455688476562e+01 3.109683990478515625e+01
1.592760496139526367e+02 2.019345855712863624e+01 2.282843208312988281e+01 3.079176330566406250e+01
1.598627719879150391e+02 2.021484184265109008e+01 2.257838821411132812e+01 3.073549270629882812e+01
1.599371347427368164e+02 1.936612224578829711e+01 2.224772453308105469e+01 3.125354957580566406e+01
1.603503160476684570e+02 1.931012439727755492e+01 2.190720176696777344e+01 3.146216392517089844e+01
1.607207422256469727e+02 1.922141838073702758e+01 2.137511253356933594e+01 3.166017532348632812e+01
1.603105974197387695e+02 1.861918258666965187e+01 2.116905784606933594e+01 3.205567169189453125e+01
1.608599424362182617e+02 1.931013011932346757e+01 2.085056495666503906e+01 3.176040840148925781e+01
1.603538198471069336e+02 1.868774032592746437e+01 2.036731910705566406e+01 3.209413146972656250e+01
1.611475896835327148e+02 1.915988349914523070e+01 2.003690528869628906e+01 3.185769271850585938e+01
1.615591640472412109e+02 1.917874431610079711e+01 1.943693923950195312e+01 3.187661933898925781e+01
1.621729516983032227e+02 1.945591735839816039e+01 1.948043632507324219e+01 3.143347167968750000e+01
1.627854433059692383e+02 1.913942432403537453e+01 1.896420860290527344e+01 3.146371269226074219e+01
1.630401229858398438e+02 1.935940074920626586e+01 1.866641998291015625e+01 3.141842079162597656e+01
1.629712705612182617e+02 1.891884040832491820e+01 1.811391639709472656e+01 3.167024612426757812e+01
1.630430021286010742e+02 1.901540565490694945e+01 1.832067298889160156e+01 3.181096267700195312e+01
1.622809104919433594e+02 1.977194309234591429e+01 1.926640319824218750e+01 3.159900474548339844e+01
1.629772787094116211e+02 1.922543621063205421e+01 1.858048439025878906e+01 3.187997627258300781e+01
1.617419528961181641e+02 1.962881660461398070e+01 2.131651687622070312e+01 3.169146347045898438e+01
1.613249855041503906e+02 2.057412147521944945e+01 2.205260467529296875e+01 3.109235763549804688e+01
1.604118928909301758e+02 1.931394195556613624e+01 2.274453544616699219e+01 3.150585937500000000e+01
1.602705469131469727e+02 2.012322902679416359e+01 2.274718284606933594e+01 3.129715919494628906e+01
1.603668642044067383e+02 2.055858898162814086e+01 2.297895622253417969e+01 3.135948371887207031e+01
1.597477350234985352e+02 2.089699745178194945e+01 2.298162651062011719e+01 3.019225692749023438e+01
1.593914346694946289e+02 2.141053199768038695e+01 2.377107810974121094e+01 2.958230972290039062e+01
1.583738107681274414e+02 2.101454639434786031e+01 2.450527000427246094e+01 2.980573081970214844e+01
1.579623270034790039e+02 2.184856986999483297e+01 2.509874534606933594e+01 2.986125564575195312e+01
1.597800931930541992e+02 2.134366798400850485e+01 2.310816383361816406e+01 2.923910140991210938e+01
1.545512638092041016e+02 2.097260761260957906e+01 2.803146743774414062e+01 2.991515922546386719e+01
1.527215299606323242e+02 2.115979480743379781e+01 2.995945167541503906e+01 3.004585075378417969e+01
1.558875169754028320e+02 2.130962657928438375e+01 2.750864219665527344e+01 2.953769874572753906e+01
1.578587150573730469e+02 2.113836002349825094e+01 2.558724212646484375e+01 2.957540702819824219e+01
1.597067470550537109e+02 2.224299812316866110e+01 2.385157394409179688e+01 2.950905227661132812e+01
1.597031164169311523e+02 2.228984832763642743e+01 2.329165077209472656e+01 2.944623565673828125e+01
1.587640829086303711e+02 2.053747653961153219e+01 2.385350990295410156e+01 3.007392692565917969e+01
1.582192039489746094e+02 2.068111801147432516e+01 2.355973052978515625e+01 2.995186614990234375e+01
1.589318342208862305e+02 2.106514358520478680e+01 2.352966499328613281e+01 3.001541900634765625e+01
1.586561965942382812e+02 2.019991683959931095e+01 2.288755035400390625e+01 3.000004577636718750e+01
1.588616876602172852e+02 2.052836799621552899e+01 2.185562705993652344e+01 3.019107437133789062e+01
1.599193572998046875e+02 2.064074134826630313e+01 2.198097991943359375e+01 3.065700912475585938e+01
1.601714706420898438e+02 2.085558700561493595e+01 2.189549255371093750e+01 3.054252624511718750e+01
1.608746671676635742e+02 2.145148563384979923e+01 2.185573768615722656e+01 3.066653251647949219e+01
1.611605587005615234e+02 2.130369281768768985e+01 2.171960067749023438e+01 3.097875785827636719e+01
1.625956869125366211e+02 2.146567440032929142e+01 2.051103401184082031e+01 3.098579597473144531e+01
1.635181465148925781e+02 2.233463096618622501e+01 1.992409515380859375e+01 3.058737564086914062e+01
1.629261693954467773e+02 2.163111972808808758e+01 1.985688972473144531e+01 3.154804039001464844e+01
1.638602657318115234e+02 2.171170425415009930e+01 2.071898269653320312e+01 3.106150054931640625e+01
1.632877559661865234e+02 2.237115669250459149e+01 2.208349990844726562e+01 3.093976974487304688e+01
1.625992898941040039e+02 2.262570667266817281e+01 2.264987754821777344e+01 3.132768058776855469e+01
1.636507682800292969e+02 2.163345813751191571e+01 2.198636627197265625e+01 3.158450126647949219e+01
1.626607542037963867e+02 2.283065891265840008e+01 2.095642280578613281e+01 3.078764152526855469e+01
1.632335596084594727e+02 2.195796108245820477e+01 2.036794090270996094e+01 3.132332038879394531e+01
1.632315683364868164e+02 2.135020732879609540e+01 2.070072746276855469e+01 3.108479499816894531e+01
1.621955976486206055e+02 2.243542480468720868e+01 2.090918922424316406e+01 2.972135162353515625e+01
1.618345890045166016e+02 2.276978206634492352e+01 2.076044082641601562e+01 2.977260017395019531e+01
1.624363594055175781e+02 2.200042819976777508e+01 2.059951782226562500e+01 3.022157859802246094e+01
1.621795473098754883e+02 2.298061656951875165e+01 2.084113883972167969e+01 2.948358345031738281e+01
1.624060859680175781e+02 2.227199649810761883e+01 2.056806945800781250e+01 3.045271110534667969e+01
1.633329410552978516e+02 2.259010219573945477e+01 2.030837631225585938e+01 3.037139320373535156e+01
1.639168777465820312e+02 2.213184928894013836e+01 2.003184509277343750e+01 3.103423690795898438e+01
1.637025423049926758e+02 2.164352512359590008e+01 1.983755302429199219e+01 3.160481071472167969e+01
1.637593183517456055e+02 2.192917251586884930e+01 1.979902076721191406e+01 3.155249786376953125e+01
1.634803380966186523e+02 2.135431098937959149e+01 1.932094001770019531e+01 3.235820388793945312e+01
1.637895917892456055e+02 2.200397872924775555e+01 1.833301734924316406e+01 3.180430603027343750e+01
1.660047950744628906e+02 2.306000423431367352e+01 1.845256042480468750e+01 3.081623268127441406e+01
1.641550474166870117e+02 2.332424926757783368e+01 2.107444190979003906e+01 2.999771881103515625e+01
1.633274412155151367e+02 2.354421520233125165e+01 2.167582130432128906e+01 2.957718086242675781e+01
1.626659088134765625e+02 2.490445613861054852e+01 2.282586669921875000e+01 2.818842506408691406e+01
1.622267522811889648e+02 2.457954120635957196e+01 2.315377235412597656e+01 2.769402122497558594e+01
1.625097303390502930e+02 2.525953769683808758e+01 2.259395790100097656e+01 2.728635978698730469e+01
1.621022844314575195e+02 2.474980068206757977e+01 2.304945182800292969e+01 2.711708259582519531e+01
1.626612291336059570e+02 2.367234230041474774e+01 2.254659843444824219e+01 2.886397933959960938e+01
1.624042434692382812e+02 2.152847671508759220e+01 2.257066345214843750e+01 3.041793823242187500e+01
1.612999238967895508e+02 2.281549930572480633e+01 2.269447135925292969e+01 2.934943962097167969e+01
1.601073036193847656e+02 2.255068778991670086e+01 2.260108184814453125e+01 2.998492813110351562e+01
1.599564380645751953e+02 2.221371459960909078e+01 2.258333206176757812e+01 2.992462158203125000e+01
1.600974283218383789e+02 2.260837650299043844e+01 2.210157585144042969e+01 2.976910209655761719e+01
1.600497312545776367e+02 2.211210060119599774e+01 2.223987007141113281e+01 3.053097915649414062e+01
1.608760337829589844e+02 2.237649250030489156e+01 2.221858215332031250e+01 3.040953636169433594e+01
1.620609588623046875e+02 2.134904003143282125e+01 2.117754364013671875e+01 3.145679664611816406e+01
1.619081869125366211e+02 2.249413013458223531e+01 2.111136054992675781e+01 3.044599723815917969e+01
1.632706861495971680e+02 2.141713428497286031e+01 2.093412208557128906e+01 3.172706413269042969e+01
1.625121879577636719e+02 2.260740947723360250e+01 2.155582427978515625e+01 3.049547767639160156e+01
1.626679964065551758e+02 2.199205112457246258e+01 2.136327171325683594e+01 3.120972251892089844e+01
1.631664161682128906e+02 2.124984836578340008e+01 2.134799194335937500e+01 3.144312858581542969e+01
1.625894641876220703e+02 2.240644168853730633e+01 2.150191116333007812e+01 3.020052909851074219e+01
1.631158676147460938e+02 2.129447364807099774e+01 2.122744750976562500e+01 3.117151260375976562e+01
1.629137039184570312e+02 2.299153900146454532e+01 2.116735839843750000e+01 2.974098205566406250e+01
1.625235290527343750e+02 2.283621788024872501e+01 2.113137817382812500e+01 3.001893234252929688e+01
1.619388885498046875e+02 2.273662757873505313e+01 2.113808441162109375e+01 2.995441818237304688e+01
1.619056701660156250e+02 2.220607089996308048e+01 2.101061248779296875e+01 3.034636497497558594e+01
1.619247131347656250e+02 2.241394424438446720e+01 2.104375457763671875e+01 2.981019592285156250e+01
1.616104793548583984e+02 2.125655746459931095e+01 2.097903060913085938e+01 3.035488891601562500e+01
1.614057483673095703e+02 2.161787509918183048e+01 2.024353408813476562e+01 3.002519798278808594e+01
1.617404232025146484e+02 2.115158748626679852e+01 2.013952255249023438e+01 3.054075050354003906e+01
1.621221208572387695e+02 2.182091236114472821e+01 1.986383628845214844e+01 3.059564781188964844e+01
1.623707284927368164e+02 2.015293121337862203e+01 1.749954032897949219e+01 3.242997741699218750e+01
1.649961633682250977e+02 2.136927986144991110e+01 1.617788505554199219e+01 3.189789962768554688e+01
1.640697555541992188e+02 2.056466865539522360e+01 1.735839843750000000e+01 3.164216232299804688e+01
1.632880878448486328e+02 2.136930847167940328e+01 1.874316024780273438e+01 3.111698913574218750e+01
1.622336359024047852e+02 2.108700275421114156e+01 1.982246208190917969e+01 3.091632652282714844e+01
1.605674448013305664e+02 2.071785259246797750e+01 2.114279747009277344e+01 2.906252479553222656e+01
1.596184701919555664e+02 2.087652969360323141e+01 2.181934928894042969e+01 2.909120941162109375e+01
1.590591087341308594e+02 1.994355678558321188e+01 2.218583679199218750e+01 2.954665565490722656e+01
1.593583469390869141e+02 2.082037258148164227e+01 2.166686630249023438e+01 2.857776069641113281e+01
1.600834054946899414e+02 1.997411251068086102e+01 2.319068717956542969e+01 2.991462898254394531e+01
1.599994525909423828e+02 2.043276309967011883e+01 2.267033767700195312e+01 2.967611503601074219e+01
1.602500944137573242e+02 2.059123897552461102e+01 2.313025856018066406e+01 2.965072822570800781e+01
1.609433374404907227e+02 2.043612670898409078e+01 2.224867820739746094e+01 2.918461608886718750e+01
1.607874965667724609e+02 2.079569339752168844e+01 2.178995132446289062e+01 2.857013511657714844e+01
1.602288255691528320e+02 2.059396553039522360e+01 2.203785514831542969e+01 2.841695022583007812e+01
1.599914884567260742e+02 2.048165416717500875e+01 2.230019569396972656e+01 2.855255317687988281e+01
1.597334499359130859e+02 2.002606582641573141e+01 2.273048782348632812e+01 2.903423309326171875e+01
1.599258298873901367e+02 1.912593460082978680e+01 2.325081825256347656e+01 2.967755126953125000e+01
1.598961219787597656e+02 1.876634979248017743e+01 2.330447387695312500e+01 3.019683837890625000e+01
1.600404424667358398e+02 1.906209850311249454e+01 2.373486518859863281e+01 3.014959907531738281e+01
1.599950685501098633e+02 1.842299270629852970e+01 2.379826927185058594e+01 3.045855712890625000e+01
1.598935194015502930e+02 1.762342643737763126e+01 2.384721565246582031e+01 3.052270126342773438e+01
1.595704832077026367e+02 1.787624835967987735e+01 2.416375923156738281e+01 2.999248313903808594e+01
1.587107362747192383e+02 1.695585060119599063e+01 2.444080162048339844e+01 3.083731460571289062e+01
1.582619924545288086e+02 1.684172058105438907e+01 2.498291206359863281e+01 3.096220397949218750e+01
1.568277616500854492e+02 1.562265777587860782e+01 2.560789680480957031e+01 3.239242553710937500e+01
1.557664079666137695e+02 1.512980842590302188e+01 2.572373771667480469e+01 3.320682144165039062e+01
1.552694072723388672e+02 1.514601516723603680e+01 2.632988357543945312e+01 3.395842742919921875e+01
1.550004549026489258e+02 1.477038955688447430e+01 2.623919486999511719e+01 3.514757537841796875e+01
1.544340438842773438e+02 1.542710494995088055e+01 2.599073028564453125e+01 3.519173431396484375e+01
1.544596395492553711e+02 1.686004829406709149e+01 2.581725502014160156e+01 3.297211074829101562e+01
1.552971696853637695e+02 1.786871910095186422e+01 2.497456932067871094e+01 3.160318374633789062e+01
1.568045969009399414e+02 1.868917751312227438e+01 2.289649009704589844e+01 3.047862434387207031e+01
1.574759740829467773e+02 1.785631656646700094e+01 2.146398353576660156e+01 2.975089836120605469e+01
1.581437883377075195e+02 1.784573554992647360e+01 2.092242240905761719e+01 2.923140335083007812e+01
1.592358007431030273e+02 1.772373294830294554e+01 1.895413398742675781e+01 2.878484916687011719e+01
1.592165641784667969e+02 1.809131240844698851e+01 1.800881958007812500e+01 2.887055969238281250e+01
1.600275745391845703e+02 1.737576580047579711e+01 1.823474502563476562e+01 2.914656257629394531e+01
1.597210483551025391e+02 1.718745708465549171e+01 1.879044723510742188e+01 3.004487800598144531e+01
1.608050117492675781e+02 1.674388408660861671e+01 1.893669891357421875e+01 3.054265022277832031e+01
1.613977937698364258e+02 1.541563224792453468e+01 1.932253074645996094e+01 3.090311050415039062e+01
1.617761898040771484e+02 1.441036224365206664e+01 2.046539688110351562e+01 3.179207611083984375e+01
1.612028980255126953e+02 1.347370147705049703e+01 2.190650558471679688e+01 3.227451324462890625e+01
1.609159231185913086e+02 1.246378898620576336e+01 2.224688148498535156e+01 3.311273574829101562e+01
1.604229049682617188e+02 1.076964569091767743e+01 2.343370819091796875e+01 3.387214660644531250e+01
1.600498456954956055e+02 1.035482978820771649e+01 2.363219642639160156e+01 3.449365615844726562e+01
1.605775947570800781e+02 9.935968399047560240e+00 2.450185394287109375e+01 3.467109298706054688e+01
1.604816589355468750e+02 9.062507629394247033e+00 2.537216186523437500e+01 3.548791503906250000e+01
1.602877168655395508e+02 1.021073532104463766e+01 2.501688194274902344e+01 3.427648162841796875e+01
1.600500612258911133e+02 9.211679458617879845e+00 2.568852043151855469e+01 3.555829238891601562e+01
1.605508832931518555e+02 9.827564239501668908e+00 2.592543983459472656e+01 3.462374114990234375e+01
1.591168203353881836e+02 8.461204528808309533e+00 2.695253944396972656e+01 3.572533416748046875e+01
1.591744422912597656e+02 8.554811477660848595e+00 2.800938415527343750e+01 3.527277755737304688e+01
1.584942703247070312e+02 8.848144531249715783e+00 2.875790405273437500e+01 3.491917419433593750e+01
1.579795026779174805e+02 8.385356903075887658e+00 3.012058448791503906e+01 3.465175628662109375e+01
1.570679883956909180e+02 9.175502777099325158e+00 3.095438575744628906e+01 3.382849884033203125e+01
1.564916763305664062e+02 9.984556198119832970e+00 3.093743896484375000e+01 3.344328689575195312e+01
1.573065967559814453e+02 1.091300201415987203e+01 3.030465316772460938e+01 3.260371398925781250e+01
1.569681482315063477e+02 1.170285797119112203e+01 3.044149589538574219e+01 3.151167297363281250e+01
1.566494693756103516e+02 1.185882854461641500e+01 3.061269760131835938e+01 3.147960090637207031e+01
1.571853227615356445e+02 1.122698020935030172e+01 2.986050987243652344e+01 3.074305343627929688e+01
1.564445962905883789e+02 1.055064964294405172e+01 3.068994712829589844e+01 3.022835922241210938e+01
1.556365671157836914e+02 1.063417434692354391e+01 3.124175834655761719e+01 2.973834991455078125e+01
1.559804563522338867e+02 1.009126758575411031e+01 3.113813209533691406e+01 2.998800468444824219e+01
1.556752023696899414e+02 1.008059692382784789e+01 3.131744194030761719e+01 2.941065216064453125e+01
1.556796064376831055e+02 1.033522510528536742e+01 3.171631050109863281e+01 2.912991142272949219e+01
1.553067293167114258e+02 1.043054008483859008e+01 3.141348075866699219e+01 2.855686569213867188e+01
1.557273178100585938e+02 1.050644302368136351e+01 3.174989318847656250e+01 2.844110107421875000e+01
1.560699405670166016e+02 1.143847274780245726e+01 3.113285446166992188e+01 2.792953491210937500e+01
1.558486213684082031e+02 1.206574153900118773e+01 3.089250183105468750e+01 2.702742195129394531e+01
1.568138656616210938e+02 1.226970863342257445e+01 3.005032348632812500e+01 2.535105514526367188e+01
1.577596111297607422e+02 1.437310600280734008e+01 2.910652542114257812e+01 2.422177505493164062e+01
1.567973470687866211e+02 1.449190330505342672e+01 2.928392982482910156e+01 2.361665725708007812e+01
1.582072563171386719e+02 1.565214252471895406e+01 2.902146911621093750e+01 2.289212608337402344e+01
1.571401195526123047e+02 1.577501201629610250e+01 2.911475753784179688e+01 2.295458412170410156e+01
1.570125331878662109e+02 1.636749839782686422e+01 2.888835525512695312e+01 2.315259933471679688e+01
1.577187242507934570e+02 1.663428497314424703e+01 2.948476219177246094e+01 2.340065765380859375e+01
1.574475555419921875e+02 1.809151363372774313e+01 2.950002288818359375e+01 2.317611885070800781e+01
1.560901098251342773e+02 1.832049274444552367e+01 3.047598457336425781e+01 2.423039054870605469e+01
1.556484251022338867e+02 1.844325256347628539e+01 3.103977394104003906e+01 2.521816253662109375e+01
1.554734201431274414e+02 1.897307872772189086e+01 3.182580375671386719e+01 2.571195411682128906e+01
1.547196159362792969e+02 1.921669960021944945e+01 3.225449371337890625e+01 2.656184768676757812e+01
1.547383537292480469e+02 1.923550891876192992e+01 3.210944366455078125e+01 2.702089500427246094e+01
1.548512229919433594e+02 1.862407684326144164e+01 3.239443969726562500e+01 2.730527496337890625e+01
1.547934474945068359e+02 1.882010269165011351e+01 3.220518875122070312e+01 2.728269958496093750e+01
1.555310668945312500e+02 1.863568878173800414e+01 3.255252075195312500e+01 2.750150299072265625e+01
1.549924335479736328e+02 1.894954776763888304e+01 3.255871200561523438e+01 2.783547019958496094e+01
1.549287128448486328e+02 1.926013374328585570e+01 3.272279739379882812e+01 2.831215286254882812e+01
1.556255569458007812e+02 1.967828655242892211e+01 3.303872680664062500e+01 2.860924720764160156e+01
1.552324485778808594e+02 2.019289588928195656e+01 3.313794708251953125e+01 2.879200363159179688e+01
1.553390979766845703e+02 1.987491798400851906e+01 3.356909561157226562e+01 2.942064285278320312e+01
1.561804008483886719e+02 2.021580791473361671e+01 3.330359649658203125e+01 2.984407234191894531e+01
1.567791366577148438e+02 2.080146026611301124e+01 3.346423339843750000e+01 2.980939483642578125e+01
1.566743354797363281e+02 2.130135059356662453e+01 3.357325744628906250e+01 3.013564872741699219e+01
1.570944080352783203e+02 2.148678588867160499e+01 3.407242202758789062e+01 3.074103546142578125e+01
1.573484077453613281e+02 1.983835506439181984e+01 3.319203186035156250e+01 3.049180793762207031e+01
1.568498992919921875e+02 2.029591274261447609e+01 3.394248199462890625e+01 3.084106636047363281e+01
1.566689624786376953e+02 2.017746734619113624e+01 3.356964492797851562e+01 3.044122314453125000e+01
1.568177566528320312e+02 2.029889583587619484e+01 3.404712677001953125e+01 3.091659736633300781e+01
1.556620407104492188e+02 1.851357269287082374e+01 3.381732177734375000e+01 3.114891815185546875e+01
1.550810317993164062e+02 1.930310535430881203e+01 3.412965393066406250e+01 3.073525810241699219e+01
1.552073936462402344e+02 1.804417514800998390e+01 3.431056976318359375e+01 3.092711448669433594e+01
1.550074729919433594e+02 1.838391876220676124e+01 3.431429290771484375e+01 3.061128997802734375e+01
1.551196575164794922e+02 1.786436748504611671e+01 3.428094863891601562e+01 3.090744209289550781e+01
1.552409133911132812e+02 1.843981361389133156e+01 3.381913757324218750e+01 3.104338455200195312e+01
1.553952598571777344e+02 1.908308315277072609e+01 3.407190704345703125e+01 3.110030555725097656e+01
1.555297794342041016e+02 1.889326095581027687e+01 3.321375656127929688e+01 3.144990539550781250e+01
1.553316154479980469e+02 1.696056365966769874e+01 3.405791473388671875e+01 3.242208862304687500e+01
1.549349212646484375e+02 1.765768814086887062e+01 3.347236633300781250e+01 3.195189666748046875e+01
1.552294960021972656e+02 1.790996170043918312e+01 3.419087982177734375e+01 3.204883575439453125e+01
1.548246517181396484e+02 1.835270881652805031e+01 3.371735000610351562e+01 3.279096603393554688e+01
1.553571529388427734e+02 1.768893432617160499e+01 3.334146499633789062e+01 3.285177612304687500e+01
1.549814891815185547e+02 1.765072631835910499e+01 3.327714920043945312e+01 3.294288635253906250e+01
1.558276481628417969e+02 1.765566444396945656e+01 3.315720367431640625e+01 3.274166488647460938e+01
1.559193382263183594e+02 1.806832313537570656e+01 3.338884735107421875e+01 3.293310165405273438e+01
1.556208438873291016e+02 1.743471527099582374e+01 3.326725387573242188e+01 3.285801696777343750e+01
1.551241664886474609e+02 1.786825752258273781e+01 3.233333206176757812e+01 3.364112472534179688e+01
1.557533712387084961e+02 1.747023963928195656e+01 3.198504829406738281e+01 3.347167587280273438e+01
1.559533710479736328e+02 1.771940803527805031e+01 3.116437911987304688e+01 3.325744247436523438e+01
1.557335071563720703e+02 1.812441062927219093e+01 3.114313888549804688e+01 3.347455215454101562e+01
1.562249059677124023e+02 1.776741409301730812e+01 3.065663337707519531e+01 3.377620697021484375e+01
1.563750057220458984e+02 1.759691619873019874e+01 3.048440933227539062e+01 3.350119018554687500e+01
1.556476545333862305e+02 1.766851997375461281e+01 3.037572669982910156e+01 3.347436141967773438e+01
1.554203882217407227e+02 1.728340721130344093e+01 3.064021873474121094e+01 3.369704818725585938e+01
1.555643653869628906e+02 1.621694564819308937e+01 3.092832946777343750e+01 3.381381988525390625e+01
1.557295713424682617e+02 1.691199493408176124e+01 3.027202033996582031e+01 3.344052124023437500e+01
1.556940803527832031e+02 1.597669029235812843e+01 2.997649383544921875e+01 3.311507797241210938e+01
1.559692401885986328e+02 1.629574775695773781e+01 2.950703811645507812e+01 3.320882797241210938e+01
1.554082269668579102e+02 1.606961250305148781e+01 2.955064964294433594e+01 3.297414016723632812e+01
1.553383264541625977e+02 1.605255317687961281e+01 2.930945396423339844e+01 3.262620162963867188e+01
1.561925058364868164e+02 1.631333732604953468e+01 2.857225608825683594e+01 3.269373703002929688e+01
1.565366830825805664e+02 1.626165008544895585e+01 2.858762168884277344e+01 3.225955963134765625e+01
1.567801046371459961e+02 1.626619911193821366e+01 2.833088111877441406e+01 3.181733322143554688e+01
1.586753568649291992e+02 1.595123958587620194e+01 2.659733772277832031e+01 3.128361701965332031e+01
