2.190000000000000000e+02 8.700000000000000000e+01 3.200000000000000000e+01 1.500000000000000000e+01
2.171036701202392578e+02 8.686677598953247070e+01 3.340109634399414062e+01 1.485355281829833984e+01
2.153645572662353516e+02 8.660286474227905273e+01 3.334230422973632812e+01 1.503292560577392578e+01
2.143011341094970703e+02 8.656382179260253906e+01 3.339648056030273438e+01 1.494696426391601562e+01
2.129344444274902344e+02 8.651920032501220703e+01 3.320867156982421875e+01 1.500357627868652344e+01
2.110491771697998047e+02 8.684587478637695312e+01 3.347647476196289062e+01 1.448240661621093750e+01
2.105818958282470703e+02 8.651810264587402344e+01 3.283404922485351562e+01 1.467332077026367188e+01
2.083028488159179688e+02 8.685338783264160156e+01 3.343457794189453125e+01 1.500120925903320312e+01
2.059985446929931641e+02 8.720971345901489258e+01 3.451242446899414062e+01 1.539923000335693359e+01
2.039232521057128906e+02 8.757350540161132812e+01 3.501353454589843750e+01 1.499665832519531250e+01
2.036794033050537109e+02 8.728671216964721680e+01 3.448469924926757812e+01 1.516914463043212891e+01
2.016526012420654297e+02 8.731046772003173828e+01 3.500913619995117188e+01 1.511512565612792969e+01
1.997379169464111328e+02 8.828196191787719727e+01 3.449985122680664062e+01 1.504341411590576172e+01
1.982976913452148438e+02 8.740563917160034180e+01 3.507804107666015625e+01 1.526006412506103516e+01
1.970810737609863281e+02 8.754262638092041016e+01 3.500103759765625000e+01 1.515807151794433594e+01
1.949283294677734375e+02 8.767840242385864258e+01 3.576249694824218750e+01 1.517190456390380859e+01
1.928937549591064453e+02 8.846667289733886719e+01 3.591215896606445312e+01 1.547787094116210938e+01
1.923081264495849609e+02 8.826834106445312500e+01 3.495711898803710938e+01 1.464757537841796875e+01
1.898662128448486328e+02 8.901463603973388672e+01 3.732956314086914062e+01 1.456479835510253906e+01
1.880428295135498047e+02 8.909164714813232422e+01 3.556862258911132812e+01 1.481245613098144531e+01
1.868964862823486328e+02 8.944796323776245117e+01 3.559955978393554688e+01 1.520900058746337891e+01
1.853254222869873047e+02 8.924019384384155273e+01 3.579949569702148438e+01 1.491359424591064453e+01
1.836366729736328125e+02 8.963618707656860352e+01 3.554591369628906250e+01 1.467901134490966797e+01
1.822987174987792969e+02 8.938655424118041992e+01 3.635007476806640625e+01 1.492325687408447266e+01
1.809104118347167969e+02 8.942993164062500000e+01 3.669981384277343750e+01 1.485231018066406250e+01
1.790258750915527344e+02 8.938822174072265625e+01 3.613471984863281250e+01 1.476126861572265625e+01
1.761536045074462891e+02 8.996114969253540039e+01 3.701404190063476562e+01 1.542635631561279297e+01
1.750266571044921875e+02 8.981369972229003906e+01 3.681356811523437500e+01 1.481211471557617188e+01
1.726986541748046875e+02 9.059487867355346680e+01 3.867878723144531250e+01 1.572506809234619141e+01
1.710473747253417969e+02 9.048394107818603516e+01 3.823648071289062500e+01 1.547777366638183594e+01
1.700882987976074219e+02 9.092088317871093750e+01 3.694474792480468750e+01 1.542241668701171875e+01
1.677812328338623047e+02 9.052629947662353516e+01 3.716134262084960938e+01 1.525415611267089844e+01
1.656371974945068359e+02 9.130054950714111328e+01 3.898710250854492188e+01 1.574838066101074219e+01
1.645671463012695312e+02 9.143498992919921875e+01 3.740914916992187500e+01 1.513297271728515625e+01
1.626245822906494141e+02 9.144708251953125000e+01 3.842607498168945312e+01 1.551993560791015625e+01
1.603498764038085938e+02 9.163286495208740234e+01 3.845849609375000000e+01 1.601919746398925781e+01
1.580215568542480469e+02 9.105591487884521484e+01 3.880501556396484375e+01 1.617888832092285156e+01
1.568160190582275391e+02 9.141076850891113281e+01 3.855815505981445312e+01 1.611950302124023438e+01
1.544605979919433594e+02 9.241601562500000000e+01 3.984913635253906250e+01 1.695719146728515625e+01
1.539724464416503906e+02 9.200294589996337891e+01 3.869955444335937500e+01 1.604569053649902344e+01
1.517212257385253906e+02 9.267390727996826172e+01 3.886412811279296875e+01 1.585451698303222656e+01
1.495296077728271484e+02 9.249578905105590820e+01 3.935460281372070312e+01 1.538605403900146484e+01
1.462143688201904297e+02 9.243057060241699219e+01 4.020642471313476562e+01 1.641902542114257812e+01
1.454471988677978516e+02 9.311272048950195312e+01 3.941654586791992188e+01 1.642630004882812500e+01
1.435081024169921875e+02 9.373187541961669922e+01 3.983032989501953125e+01 1.650953102111816406e+01
1.415454559326171875e+02 9.407321548461914062e+01 3.985142517089843750e+01 1.686702728271484375e+01
1.405048694610595703e+02 9.320751237869262695e+01 4.054043960571289062e+01 1.595515346527099609e+01
1.367723369598388672e+02 9.423029899597167969e+01 4.134009170532226562e+01 1.694928359985351562e+01
1.358940124511718750e+02 9.387046432495117188e+01 4.095252227783203125e+01 1.618840026855468750e+01
1.330700664520263672e+02 9.466324043273925781e+01 4.213032913208007812e+01 1.733635330200195312e+01
1.312730216979980469e+02 9.398706436157226562e+01 4.130002593994140625e+01 1.635520172119140625e+01
1.290459823608398438e+02 9.491749477386474609e+01 4.218127441406250000e+01 1.708562660217285156e+01
1.274685230255126953e+02 9.530761528015136719e+01 4.133938980102539062e+01 1.781573104858398438e+01
1.247737121582031250e+02 9.439761829376220703e+01 4.225708007812500000e+01 1.684989738464355469e+01
1.233314800262451172e+02 9.569886016845703125e+01 4.236548233032226562e+01 1.793473052978515625e+01
1.214009990692138672e+02 9.560103607177734375e+01 4.247690200805664062e+01 1.675078582763671875e+01
1.184824409484863281e+02 9.599563026428222656e+01 4.378346252441406250e+01 1.821675491333007812e+01
1.171932621002197266e+02 9.521140289306640625e+01 4.358034896850585938e+01 1.669892883300781250e+01
1.140464725494384766e+02 9.554131412506103516e+01 4.377762222290039062e+01 1.764327049255371094e+01
1.122640285491943359e+02 9.648042201995849609e+01 4.374814987182617188e+01 1.789879035949707031e+01
1.105853500366210938e+02 9.673943233489990234e+01 4.409873199462890625e+01 1.811044502258300781e+01
1.080545597076416016e+02 9.571755981445312500e+01 4.395536422729492188e+01 1.731668853759765625e+01
1.052916259765625000e+02 9.687685108184814453e+01 4.529722595214843750e+01 1.800708580017089844e+01
1.044122753143310547e+02 9.732122707366943359e+01 4.460235214233398438e+01 1.810833930969238281e+01
1.014875106811523438e+02 9.774845981597900391e+01 4.484271240234375000e+01 1.770393943786621094e+01
1.000935363769531250e+02 9.766687583923339844e+01 4.486945343017578125e+01 1.715290451049804688e+01
9.745137786865234375e+01 9.761584091186523438e+01 4.442498779296875000e+01 1.681089782714843750e+01
9.441549301147460938e+01 9.840857124328613281e+01 4.562785339355468750e+01 1.839107894897460938e+01
9.343512344360351562e+01 9.768649768829345703e+01 4.554377746582031250e+01 1.737515830993652344e+01
9.004656982421875000e+01 9.890282821655273438e+01 4.591893005371093750e+01 1.792758941650390625e+01
8.753759002685546875e+01 9.904932117462158203e+01 4.619216156005859375e+01 1.818865013122558594e+01
8.583320045471191406e+01 9.889965915679931641e+01 4.615700149536132812e+01 1.822658348083496094e+01
8.390587997436523438e+01 9.873772621154785156e+01 4.684981536865234375e+01 1.783594131469726562e+01
8.118984031677246094e+01 9.986153125762939453e+01 4.743371200561523438e+01 1.746152305603027344e+01
7.859697341918945312e+01 9.885249423980712891e+01 4.716034698486328125e+01 1.796812248229980469e+01
7.591498756408691406e+01 1.006468620300292969e+02 4.791718673706054688e+01 1.813224029541015625e+01
7.369500732421875000e+01 1.000044422149658203e+02 4.783267974853515625e+01 1.695344161987304688e+01
7.097303390502929688e+01 1.014158458709716797e+02 4.811769104003906250e+01 1.820967483520507812e+01
6.879855155944824219e+01 1.005879240036010742e+02 4.789136123657226562e+01 1.793988227844238281e+01
6.641845130920410156e+01 1.004331007003784180e+02 4.878518295288085938e+01 1.771417427062988281e+01
6.399603080749511719e+01 1.019520473480224609e+02 4.934498977661132812e+01 1.833907699584960938e+01
6.214278030395507812e+01 1.009422569274902344e+02 4.895992279052734375e+01 1.787480926513671875e+01
5.931515121459960938e+01 1.028214845657348633e+02 4.984517669677734375e+01 1.811424827575683594e+01
5.622592735290527344e+01 1.022671747207641602e+02 4.979207992553710938e+01 1.752480888366699219e+01
5.388883590698242188e+01 1.019809684753417969e+02 4.980256652832031250e+01 1.810070037841796875e+01
5.201140022277832031e+01 1.022672824859619141e+02 5.039844131469726562e+01 1.846345138549804688e+01
4.853735351562500000e+01 1.031975612640380859e+02 5.081179809570312500e+01 1.855165481567382812e+01
4.753760528564453125e+01 1.030252094268798828e+02 5.043549346923828125e+01 1.891222000122070312e+01
4.365515327453613281e+01 1.043184356689453125e+02 5.115641403198242188e+01 1.902230834960937500e+01
4.146914863586425781e+01 1.039105978012084961e+02 5.055710220336914062e+01 1.829883003234863281e+01
3.882095718383789062e+01 1.039137411117553711e+02 5.120544433593750000e+01 1.962430000305175781e+01
3.681378936767578125e+01 1.049772396087646484e+02 5.107595062255859375e+01 1.800367355346679688e+01
3.434070396423339844e+01 1.046891899108886719e+02 5.141009902954101562e+01 1.956597900390625000e+01
3.063211059570312500e+01 1.048799705505371094e+02 5.188170623779296875e+01 1.900830841064453125e+01
2.820292091369628906e+01 1.060417852401733398e+02 5.253641128540039062e+01 1.942883491516113281e+01
2.657978630065917969e+01 1.046143827438354492e+02 5.266790390014648438e+01 1.974372291564941406e+01
2.332677841186523438e+01 1.060445346832275391e+02 5.352490234375000000e+01 1.974982833862304688e+01
1.971946907043457031e+01 1.062309846878051758e+02 5.367393875122070312e+01 1.960858726501464844e+01
1.765385818481445312e+01 1.058549642562866211e+02 5.333595275878906250e+01 1.965442085266113281e+01
1.554112434387207031e+01 1.064048852920532227e+02 5.348939132690429688e+01 1.892478752136230469e+01
1.291118240356445312e+01 1.067745609283447266e+02 5.383684539794921875e+01 1.972716903686523438e+01
