1.560000000000000000e+02 3.800000000000000000e+01 1.700000000000000000e+01 5.000000000000000000e+01
1.559727420806884766e+02 3.795433425903321023e+01 1.812221908569335938e+01 4.954061126708983664e+01
1.560042648315429688e+02 3.707878875732421875e+01 1.856030273437500000e+01 5.015297698974609375e+01
1.561809768676757812e+02 3.729794692993164773e+01 1.802407836914062500e+01 4.995903778076171164e+01
1.564345788955688477e+02 3.731231117248535156e+01 1.821922874450683594e+01 4.981621932983398438e+01
1.572520074844360352e+02 3.782129859924316406e+01 1.831506919860839844e+01 4.915897750854492188e+01
1.572943487167358398e+02 3.790449523925781250e+01 1.854067420959472656e+01 4.987709045410156250e+01
1.573461322784423828e+02 3.807003593444824219e+01 1.873482131958007812e+01 4.995390701293945312e+01
1.588893823623657227e+02 3.791651153564453836e+01 1.947496604919433594e+01 4.967327117919921164e+01
1.591599636077880859e+02 3.840968132019042969e+01 1.942528152465820312e+01 4.939075088500976562e+01
1.599411411285400391e+02 3.834368896484375000e+01 1.999707412719726562e+01 4.948549652099609375e+01
1.611598997116088867e+02 3.797976303100585938e+01 1.971585273742675781e+01 5.044420623779296875e+01
1.615454578399658203e+02 3.734809875488281250e+01 2.008815383911132812e+01 5.062626647949218750e+01
1.625497617721557617e+02 3.705408477783203125e+01 2.021920967102050781e+01 5.091648101806640625e+01
1.646919193267822266e+02 3.739920043945312500e+01 1.981718826293945312e+01 5.091588592529296875e+01
1.645069360733032227e+02 3.728316116333007812e+01 1.979655265808105469e+01 5.117185974121093750e+01
1.685062103271484375e+02 3.675318908691406250e+01 1.812532043457031250e+01 5.132223510742187500e+01
1.703338966369628906e+02 3.747179031372070312e+01 1.669602966308593750e+01 5.034173583984375000e+01
1.709756059646606445e+02 3.686833763122558594e+01 1.778790855407714844e+01 4.896848678588867188e+01
1.739157018661499023e+02 3.752729034423828125e+01 1.738205146789550781e+01 4.586574554443359375e+01
1.748322305679321289e+02 3.685282325744628906e+01 1.775442314147949219e+01 5.281834793090820312e+01
1.763218889236450195e+02 3.601639366149903054e+01 1.829861259460449219e+01 5.392376327514647727e+01
1.778345928192138672e+02 3.658131599426269531e+01 1.813340377807617188e+01 5.236136245727539062e+01
1.774571800231933594e+02 3.587898826599121094e+01 1.817819976806640625e+01 5.143658065795898438e+01
1.793340682983398438e+02 3.643045425415039773e+01 1.837410736083984375e+01 5.126039886474608664e+01
1.800437288284301758e+02 3.813540077209473367e+01 1.926315116882324219e+01 4.969906234741210227e+01
1.807825222015380859e+02 3.842260360717773438e+01 2.000445175170898438e+01 5.087773895263671875e+01
1.828866796493530273e+02 3.879120826721191406e+01 2.172319984436035156e+01 5.095496749877929688e+01
1.843514251708984375e+02 3.924298095703125000e+01 2.371442413330078125e+01 5.048152160644531250e+01
1.872512044906616211e+02 3.915783691406250000e+01 2.182071876525878906e+01 4.921406555175781250e+01
1.868534832000732422e+02 3.866928863525390625e+01 2.254755783081054688e+01 4.988998413085937500e+01
1.880756597518920898e+02 3.913562774658203125e+01 2.216410255432128906e+01 4.983435058593750000e+01
1.900647134780883789e+02 3.863944053649902344e+01 2.097060203552246094e+01 4.929210281372070312e+01
1.936843557357788086e+02 3.846189308166503906e+01 1.848729896545410156e+01 5.055730819702148438e+01
1.963465871810913086e+02 3.878899574279785867e+01 1.806663703918457031e+01 4.947391891479491477e+01
1.988701877593994141e+02 3.962924194335937500e+01 1.755583572387695312e+01 4.426728057861328125e+01
2.003292388916015625e+02 3.822214698791503906e+01 1.630470275878906250e+01 4.678281021118164062e+01
2.024673404693603516e+02 3.886827278137207031e+01 1.703313827514648438e+01 5.105232620239257812e+01
2.038389692306518555e+02 4.005119323730468750e+01 1.718338966369628906e+01 5.220503234863281250e+01
2.060733880996704102e+02 4.103132057189941406e+01 1.782318687438964844e+01 4.894897842407226562e+01
2.088069839477539062e+02 4.012194061279296875e+01 1.765388488769531250e+01 5.333483886718750000e+01
2.105698986053466797e+02 4.094807243347167969e+01 1.666967391967773438e+01 5.300400161743164062e+01
2.130748577117919922e+02 3.964961051940917969e+01 1.733707809448242188e+01 5.217518997192382812e+01
2.122289304733276367e+02 3.973728179931640625e+01 1.922480964660644531e+01 5.453860473632812500e+01
2.164358720779418945e+02 3.896936035156250000e+01 1.877302360534667969e+01 5.156151580810546875e+01
2.189643297195434570e+02 3.967548942565917969e+01 1.883056449890136719e+01 4.997044754028320312e+01
2.201603012084960938e+02 4.027747917175292969e+01 1.858987426757812500e+01 4.804934310913085938e+01
2.229360494613647461e+02 3.946570587158203125e+01 1.830662727355957031e+01 4.987398529052734375e+01
2.241837863922119141e+02 3.990093040466308594e+01 1.906846237182617188e+01 5.037726211547851562e+01
2.261087007522583008e+02 4.088522911071777344e+01 1.950324058532714844e+01 4.759402084350585938e+01
2.289971256256103516e+02 4.061337852478027344e+01 1.926086807250976562e+01 4.784376144409179688e+01
2.304903926849365234e+02 4.091677665710449219e+01 1.950561141967773438e+01 4.703296279907226562e+01
2.328099288940429688e+02 4.038207817077636719e+01 2.018569946289062500e+01 5.081583023071289062e+01
2.334093942642211914e+02 4.043057632446289062e+01 2.326164054870605469e+01 5.006703948974609375e+01
2.342083644866943359e+02 4.099582099914550781e+01 2.315793228149414062e+01 4.864673995971679688e+01
2.373728046417236328e+02 4.048166847229003906e+01 2.250526046752929688e+01 4.918813705444335938e+01
2.375344543457031250e+02 3.940715408325195312e+01 2.263420104980468750e+01 5.084308624267578125e+01
2.404856767654418945e+02 3.938601875305175781e+01 2.074553489685058594e+01 4.991190719604492188e+01
2.423665208816528320e+02 3.936090469360351562e+01 2.033804893493652344e+01 4.890802764892578125e+01
2.436247386932373047e+02 4.055763244628906250e+01 1.935708999633789062e+01 4.954046630859375000e+01
2.452882623672485352e+02 4.149274253845214844e+01 1.777403068542480469e+01 4.898770523071289062e+01
2.475330152511596680e+02 4.151864624023437500e+01 1.808013343811035156e+01 4.865347290039062500e+01
2.486095380783081055e+02 4.150350379943847656e+01 1.856392860412597656e+01 5.089774703979492188e+01
2.518824634552001953e+02 4.275439262390136719e+01 1.781795883178710938e+01 4.855288314819335938e+01
2.529486446380615234e+02 4.340630722045898438e+01 1.780073165893554688e+01 4.612270355224609375e+01
2.548275890350341797e+02 4.378912925720214844e+01 1.899802017211914062e+01 4.671636581420898438e+01
2.556534290313720703e+02 4.365591621398925781e+01 2.053756332397460938e+01 4.813401412963867188e+01
2.553857040405273438e+02 4.334020996093750000e+01 2.310093688964843750e+01 4.731697845458984375e+01
2.572366943359375000e+02 4.333212280273437500e+01 2.611206054687500000e+01 4.681691741943359375e+01
2.625247058868408203e+02 4.299792861938476562e+01 2.175667953491210938e+01 4.560485839843750000e+01
2.653475627899169922e+02 4.163233566284179688e+01 2.048051834106445312e+01 4.994644927978515625e+01
2.672179059982299805e+02 4.076528358459472656e+01 2.016170692443847656e+01 4.929852676391601562e+01
2.686664876937866211e+02 3.949133300781250000e+01 2.044285774230957031e+01 5.010511779785156250e+01
2.719652376174926758e+02 4.108787727355957031e+01 1.953464317321777344e+01 5.097909164428710938e+01
2.729205951690673828e+02 4.128237342834472656e+01 1.960729598999023438e+01 4.837594223022460938e+01
2.746155395507812500e+02 4.125385856628417969e+01 1.904499053955078125e+01 5.014077377319335938e+01
2.768007440567016602e+02 4.273706054687500000e+01 1.881523704528808594e+01 4.968344116210937500e+01
2.773372564315795898e+02 4.309057044982910156e+01 1.890808296203613281e+01 4.892205429077148438e+01
2.788867712020874023e+02 4.290058326721191406e+01 1.947746467590332031e+01 4.954575729370117188e+01
2.818498811721801758e+02 4.338021659851074219e+01 1.976801109313964844e+01 5.127040481567382812e+01
2.838315668106079102e+02 4.291196632385253906e+01 1.790792655944824219e+01 4.972031784057617188e+01
2.868438253402709961e+02 4.369921684265136719e+01 1.758847999572753906e+01 5.118223953247070312e+01
2.884170608520507812e+02 4.367606735229492188e+01 1.729183197021484375e+01 5.073065185546875000e+01
2.880159883499145508e+02 4.315743064880371094e+01 1.733032035827636719e+01 5.067922592163085938e+01
2.904017286300659180e+02 4.304984474182128906e+01 1.856501960754394531e+01 4.924721908569335938e+01
2.918256797790527344e+02 4.179273986816406250e+01 1.758682250976562500e+01 5.194616699218750000e+01
2.933600006103515625e+02 4.247776985168457031e+01 1.752524566650390625e+01 5.202472305297851562e+01
2.945658187866210938e+02 4.282889938354492188e+01 1.784226989746093750e+01 5.221748352050781250e+01
2.958684587478637695e+02 4.352993011474609375e+01 1.794779014587402344e+01 5.277918243408203125e+01
2.967596483230590820e+02 4.336258697509765625e+01 2.054152488708496094e+01 5.117890167236328125e+01
2.974223814010620117e+02 4.287468147277832031e+01 2.188225746154785156e+01 5.231773757934570312e+01
2.998139419555664062e+02 4.325621604919433594e+01 2.162921142578125000e+01 5.159293746948242188e+01
3.001719112396240234e+02 4.410548019409179688e+01 2.150670242309570312e+01 4.986468505859375000e+01
3.035659255981445312e+02 4.369755172729492188e+01 2.007788085937500000e+01 5.059452819824218750e+01
3.050266551971435547e+02 4.406063461303710938e+01 1.969128799438476562e+01 5.181584167480468750e+01
3.078648748397827148e+02 4.437500000000000000e+01 1.855671882629394531e+01 5.161884307861328125e+01
3.081977653503417969e+02 4.498919868469238281e+01 1.913872528076171875e+01 5.031795120239257812e+01
3.090090951919555664e+02 4.475963401794433594e+01 1.989565086364746094e+01 4.924447250366210938e+01
3.102051305770874023e+02 4.449518775939941406e+01 2.057450294494628906e+01 5.034225082397460938e+01
3.131872386932373047e+02 4.435128784179687500e+01 1.915963363647460938e+01 4.944384002685546875e+01
3.151927661895751953e+02 4.401081466674804688e+01 1.867280197143554688e+01 5.019319915771484375e+01
3.163554315567016602e+02 4.386951828002929688e+01 1.842970848083496094e+01 4.922027587890625000e+01
3.180294332504272461e+02 4.430977249145507812e+01 1.801746559143066406e+01 5.021384429931640625e+01
3.185290737152099609e+02 4.406292533874511719e+01 1.768905258178710938e+01 4.876716232299804688e+01
3.209076395034790039e+02 4.490943717956542969e+01 1.815688133239746094e+01 4.998698806762695312e+01
3.222189998626708984e+02 4.453466987609863281e+01 1.780263900756835938e+01 5.074202346801757812e+01
3.211429595947265625e+02 4.541033554077148438e+01 1.825386047363281250e+01 4.908422851562500000e+01
3.241087522506713867e+02 4.483247947692871094e+01 1.923521614074707031e+01 5.006027603149414062e+01
3.246163072586059570e+02 4.517917442321777344e+01 1.953362083435058594e+01 4.927801132202148438e+01
3.266832895278930664e+02 4.534994697570800781e+01 1.842797660827636719e+01 5.014188766479492188e+01
3.266964626312255859e+02 4.562965583801269531e+01 1.869101333618164062e+01 4.946773910522460938e+01
3.279038667678833008e+02 4.560548400878906250e+01 2.050175285339355469e+01 4.935064697265625000e+01
3.273720960617065430e+02 4.491645240783691406e+01 2.047287940979003906e+01 4.969227981567382812e+01
3.295847425460815430e+02 4.463685989379882812e+01 1.990232276916503906e+01 4.837908172607421875e+01
3.314630527496337891e+02 4.496079635620117188e+01 1.958977890014648438e+01 4.864775848388671875e+01
3.329382801055908203e+02 4.546321487426757812e+01 1.836424636840820312e+01 4.858219909667968750e+01
3.333652410507202148e+02 4.552517509460449219e+01 2.001481056213378906e+01 4.740906143188476562e+01
3.352524757385253906e+02 4.547576904296875000e+01 1.876702117919921875e+01 4.938558197021484375e+01
3.355643863677978516e+02 4.567054176330566406e+01 1.916652297973632812e+01 4.912123489379882812e+01
3.349688930511474609e+02 4.522582626342773438e+01 2.009421157836914062e+01 4.919854736328125000e+01
3.357659225463867188e+02 4.440674972534179688e+01 2.108673095703125000e+01 5.135294342041015625e+01
3.362570514678955078e+02 4.455937385559082031e+01 2.193766403198242188e+01 5.091105270385742188e+01
3.375315093994140625e+02 4.451806068420410156e+01 2.089210510253906250e+01 5.210783004760742188e+01
3.375125722885131836e+02 4.480262756347656250e+01 2.080902290344238281e+01 5.130972290039062500e+01
3.392935256958007812e+02 4.598770332336425781e+01 2.031739807128906250e+01 5.059673690795898438e+01
3.390434932708740234e+02 4.702144241333007812e+01 2.188560867309570312e+01 5.002779388427734375e+01
3.416201095581054688e+02 4.656707382202148438e+01 2.094599914550781250e+01 4.975138092041015625e+01
3.415297155380249023e+02 4.847688293457031250e+01 2.066333198547363281e+01 4.864376831054687500e+01
3.452635078430175781e+02 4.836794090270996094e+01 1.880986785888671875e+01 4.749442672729492188e+01
3.436853532791137695e+02 4.851717758178710938e+01 2.196337699890136719e+01 4.692612457275390625e+01
3.474427194595336914e+02 4.902564430236816406e+01 2.090328025817871094e+01 4.790296554565429688e+01
3.489359426498413086e+02 4.869680976867675781e+01 1.902994728088378906e+01 4.953276443481445312e+01
3.488201198577880859e+02 4.855210113525390625e+01 1.992041397094726562e+01 4.958847045898437500e+01
3.495570573806762695e+02 4.864822387695312500e+01 2.048506736755371094e+01 4.893385314941406250e+01
3.510036163330078125e+02 4.797899627685546875e+01 1.970329284667968750e+01 4.739109039306640625e+01
3.515527811050415039e+02 4.850158309936523438e+01 2.218155479431152344e+01 4.752574920654296875e+01
3.520557680130004883e+02 4.869337081909179688e+01 2.114034843444824219e+01 4.840909576416015625e+01
3.519057960510253906e+02 4.876795578002929688e+01 2.159790039062500000e+01 4.767987823486328125e+01
3.526123533248901367e+02 4.823953819274902344e+01 2.300067329406738281e+01 4.752048873901367188e+01
3.538465747833251953e+02 4.837061309814453125e+01 2.321577835083007812e+01 4.716681671142578125e+01
3.560792951583862305e+02 4.880718040466308594e+01 2.159895515441894531e+01 4.763810348510742188e+01
3.576281995773315430e+02 4.868503379821777344e+01 2.186274909973144531e+01 4.894245529174804688e+01
3.569954977035522461e+02 4.847940635681152344e+01 2.406656837463378906e+01 4.644355392456054688e+01
3.561585426330566406e+02 4.890310478210449219e+01 2.567210388183593750e+01 4.535813522338867188e+01
3.537403287887573242e+02 4.860527038574218750e+01 2.704828071594238281e+01 4.557706451416015625e+01
3.561841392517089844e+02 4.813536453247070312e+01 2.705632019042968750e+01 4.526339721679687500e+01
3.571816282272338867e+02 4.763746643066406250e+01 2.582809638977050781e+01 4.405988311767578125e+01
3.639975452423095703e+02 4.822199249267578125e+01 2.728192520141601562e+01 4.266420745849609375e+01
3.621735277175903320e+02 4.765163803100585938e+01 2.473336601257324219e+01 4.300904846191406250e+01
3.633763856887817383e+02 4.796117782592773438e+01 2.387609672546386719e+01 3.981510925292968750e+01
3.720625686645507812e+02 4.833227348327636719e+01 2.066684722900390625e+01 4.408938217163085938e+01
3.741926364898681641e+02 4.906711196899414062e+01 2.064876937866210938e+01 4.106737518310546875e+01
3.756559057235717773e+02 4.708413887023925781e+01 1.924665260314941406e+01 4.430492782592773438e+01
3.764312191009521484e+02 4.805671882629394531e+01 1.957945632934570312e+01 4.056834793090820312e+01
3.778226270675659180e+02 4.768167877197265625e+01 2.046982002258300781e+01 3.816383361816406250e+01
3.781933517456054688e+02 4.709098625183105469e+01 2.048006439208984375e+01 3.578641891479492188e+01
3.777159471511840820e+02 4.973385810852050781e+01 1.960057640075683594e+01 3.295856857299804688e+01
3.790077228546142578e+02 4.907684707641601562e+01 2.069354629516601562e+01 3.513374328613281250e+01
3.803232955932617188e+02 4.965530586242675781e+01 1.968783569335937500e+01 3.259459304809570312e+01
3.792612752914428711e+02 5.002206420898437500e+01 1.918232917785644531e+01 3.232474517822265625e+01
3.805522117614746094e+02 4.986280059814453125e+01 2.053556823730468750e+01 3.598636627197265625e+01
3.810391855239868164e+02 4.948253822326660156e+01 2.296525382995605469e+01 3.473461532592773438e+01
3.810527744293212891e+02 5.042645168304443359e+01 2.114500808715820312e+01 3.103782844543457031e+01
3.842603807449340820e+02 4.992167472839355469e+01 2.088439750671386719e+01 2.935354995727539062e+01
3.854620542526245117e+02 4.867669773101806641e+01 2.063108253479003906e+01 3.160094261169433594e+01
3.887041873931884766e+02 4.941279983520507812e+01 2.032859420776367188e+01 3.156179046630859375e+01
3.890447072982788086e+02 5.089735031127929688e+01 1.962631416320800781e+01 2.896324920654296875e+01
3.903468027114868164e+02 5.046014785766601562e+01 1.920390129089355469e+01 2.842969512939453125e+01
3.916488170623779297e+02 4.824930381774902344e+01 1.720858383178710938e+01 3.092020034790039062e+01
3.914181594848632812e+02 4.933773326873780007e+01 1.666060638427734375e+01 2.929429054260253196e+01
3.930432577133178711e+02 4.996090793609619141e+01 1.711783027648925781e+01 2.981216239929199219e+01
3.941602907180786133e+02 4.993306541442871094e+01 1.529482841491699219e+01 2.940475845336914062e+01
3.942805380821228027e+02 5.001322174072265625e+01 1.468701648712158203e+01 2.797378540039062500e+01
3.941353006362915039e+02 5.041340160369873047e+01 1.469679832458496094e+01 2.770972633361816406e+01
3.943528184890747070e+02 5.025020408630371094e+01 1.497756004333496094e+01 2.742402267456054688e+01
3.948852643966674805e+02 5.045057296752929688e+01 1.571992683410644531e+01 2.695662689208984375e+01
3.945969719886779785e+02 5.078337574005126953e+01 1.588758373260498047e+01 2.709639549255371094e+01
3.944870672225952148e+02 5.089859962463378906e+01 1.653447151184082031e+01 2.886377334594726562e+01
3.939145288467407227e+02 5.125256729125976562e+01 1.685452842712402344e+01 2.916783905029296875e+01
3.937434129714965820e+02 5.088266372680664062e+01 1.720914268493652344e+01 2.983268737792968750e+01
3.941092147827148438e+02 5.066328716278076172e+01 1.737814331054687500e+01 2.993614387512207031e+01
3.940185155868530273e+02 5.053494644165039062e+01 1.762464332580566406e+01 2.952668762207031250e+01
3.938809213638305664e+02 5.184660148620605469e+01 1.847341728210449219e+01 2.944498062133789062e+01
3.937282228469848633e+02 4.982461643218994141e+01 1.856563377380371094e+01 2.974012565612792969e+01
3.938307399749755859e+02 5.011536693572998047e+01 1.920789718627929688e+01 3.124066352844238281e+01
3.931275939941406250e+02 5.000809097290039062e+01 1.791608428955078125e+01 3.151401519775390625e+01
3.928558235168457031e+02 4.798266029357910156e+01 1.608871459960937500e+01 3.291463851928710938e+01
3.923558616638183594e+02 4.737576961517334695e+01 1.739965820312500000e+01 2.711840248107909446e+01
3.932324976921081543e+02 4.955879211425781250e+01 1.482438755035400391e+01 2.720604705810546875e+01
3.940843257904052734e+02 4.881277179718017578e+01 1.473363876342773438e+01 2.770037651062011719e+01
3.939676594734191895e+02 4.998542308807373047e+01 1.428017330169677734e+01 2.698784065246582031e+01
3.930529069900512695e+02 4.965270328521728516e+01 1.441304588317871094e+01 2.727565574645996094e+01
3.921006298065185547e+02 4.941062545776367188e+01 1.538551712036132812e+01 2.825836181640625000e+01
3.920437631607055664e+02 4.966375541687011719e+01 1.497031974792480469e+01 3.061764907836914062e+01
3.892883214950561523e+02 4.986927032470703125e+01 1.546605873107910156e+01 3.142124176025390625e+01
3.909481773376464844e+02 4.890145969390869141e+01 1.637291717529296875e+01 2.645033836364746094e+01
3.873466844558715820e+02 4.974024486541748047e+01 1.704407310485839844e+01 2.484280586242675781e+01
3.891844525337219238e+02 4.928385257720947266e+01 1.531723690032958984e+01 2.564974021911621094e+01
3.884300503730773926e+02 4.949956130981445312e+01 1.475057125091552734e+01 2.619847106933593750e+01
3.889171361923217773e+02 4.863829231262207031e+01 1.503609657287597656e+01 2.698707199096679688e+01
3.872793369293212891e+02 4.962533950805664062e+01 1.514828109741210938e+01 2.719609832763671875e+01
3.855857129096984863e+02 4.846613502502441406e+01 1.517576503753662109e+01 2.331029129028320312e+01
3.865265221595764160e+02 4.946594810485839844e+01 1.437861919403076172e+01 2.118708419799804688e+01
3.853442225456237793e+02 4.945520401000976562e+01 1.305895328521728516e+01 2.121582031250000000e+01
3.851356477737426758e+02 4.909456157684326172e+01 1.351127433776855469e+01 2.102204322814941406e+01
3.842449231147766113e+02 4.984644126892089844e+01 1.304284572601318359e+01 2.140564346313476562e+01
3.832437009811401367e+02 5.076597404479980469e+01 1.281419563293457031e+01 2.349766921997070312e+01
3.804449682235717773e+02 4.992898368835449219e+01 1.408612251281738281e+01 2.617838668823242188e+01
3.807820601463317871e+02 4.971499538421630859e+01 1.429906940460205078e+01 2.359802436828613281e+01
3.779213080406188965e+02 5.053387165069580078e+01 1.455891132354736328e+01 2.551061820983886719e+01
3.783937788009643555e+02 5.137471008300781250e+01 1.532108497619628906e+01 2.324146270751953125e+01
3.757007927894592285e+02 5.095890331268310547e+01 1.439975261688232422e+01 2.698510932922363281e+01
3.744561128616333008e+02 5.005199718475341797e+01 1.616959190368652344e+01 2.921922492980957031e+01
3.729293584823608398e+02 4.995571994781494141e+01 1.737040138244628906e+01 2.679047966003417969e+01
3.740824680328369141e+02 4.983988666534423828e+01 1.651662826538085938e+01 2.609444236755371094e+01
3.735842447280883789e+02 5.038743114471435547e+01 1.526032829284667969e+01 2.474494361877441406e+01
3.728429870605468750e+02 5.018984413146972656e+01 1.515242004394531250e+01 2.617739486694335938e+01
3.700186123847961426e+02 5.042643642425537109e+01 1.558280849456787109e+01 2.907917976379394531e+01
3.690697031021118164e+02 4.982049465179443359e+01 1.708231925964355469e+01 2.585367774963378906e+01
3.669190378189086914e+02 4.877490139007568359e+01 1.772171592712402344e+01 2.832915687561035156e+01
3.615378036499023438e+02 4.997196960449218750e+01 1.983045196533203125e+01 3.214611816406250000e+01
3.626708793640136719e+02 4.993408203125000000e+01 2.130239868164062500e+01 3.396772766113281250e+01
3.606506671905517578e+02 4.969012737274169922e+01 2.143130874633789062e+01 3.120807075500488281e+01
3.626763820648193359e+02 5.127001380920410156e+01 2.078757095336914062e+01 3.506848526000976562e+01
3.606237621307373047e+02 4.985321044921875000e+01 1.990528488159179688e+01 3.766756439208984375e+01
3.581640262603759766e+02 4.899515914916992188e+01 2.033623123168945312e+01 4.313928985595703125e+01
3.576837263107299805e+02 4.792309761047363281e+01 2.002324867248535156e+01 4.215446090698242188e+01
3.575195045471191406e+02 4.758972549438476562e+01 1.962219238281250000e+01 4.038584899902343750e+01
3.554424848556518555e+02 4.824578094482421875e+01 1.950799751281738281e+01 4.643419647216796875e+01
3.548069248199462891e+02 4.828121566772460938e+01 2.022524642944335938e+01 4.845487976074218750e+01
3.539605369567871094e+02 4.796679306030273438e+01 2.012916564941406250e+01 4.914739990234375000e+01
3.531319704055786133e+02 4.798664283752441406e+01 2.036106681823730469e+01 4.949686813354492188e+01
3.521924018859863281e+02 4.878867340087890625e+01 2.029167938232421875e+01 4.807038116455078125e+01
3.523738117218017578e+02 4.899115943908691406e+01 1.967185592651367188e+01 4.607303237915039062e+01
3.524913892745971680e+02 4.775521469116210938e+01 1.766550636291503906e+01 4.688256835937500000e+01
3.519165773391723633e+02 4.886609268188476562e+01 1.862348747253417969e+01 4.771096801757812500e+01
3.526513519287109375e+02 4.822828483581542969e+01 1.728385162353515625e+01 5.082026290893554688e+01
3.509309577941894531e+02 4.847215270996093750e+01 1.711091613769531250e+01 4.995056152343750000e+01
3.503337259292602539e+02 4.847105026245117188e+01 1.748678398132324219e+01 4.991492462158203125e+01
3.490662565231323242e+02 4.802175521850585938e+01 1.766095161437988281e+01 5.075803375244140625e+01
3.487998800277709961e+02 4.814282035827636719e+01 1.719274330139160156e+01 4.888734817504882812e+01
3.484712133407592773e+02 4.692819404602050781e+01 1.611889076232910156e+01 4.797795486450195312e+01
3.472667756080627441e+02 4.631432533264160156e+01 1.576985454559326172e+01 4.911885452270507812e+01
3.480139236450195312e+02 4.540122032165527344e+01 1.586038208007812500e+01 4.996652603149414062e+01
3.454250907897949219e+02 4.403814888000488281e+01 1.685070037841796875e+01 5.043049240112304688e+01
3.460408973693847656e+02 4.450343513488769531e+01 1.668679809570312500e+01 4.967478561401367188e+01
3.449953041076660156e+02 4.436581039428710938e+01 1.665634155273437500e+01 4.986556243896484375e+01
3.458640346527099609e+02 4.411063385009765625e+01 1.605517959594726562e+01 5.062899780273437500e+01
3.438780641555786133e+02 4.477977943420410156e+01 1.670458793640136719e+01 4.944203567504882812e+01
3.431344728469848633e+02 4.438652229309082031e+01 1.634447288513183594e+01 4.964219284057617188e+01
3.433521375656127930e+02 4.448208427429199219e+01 1.637195777893066406e+01 4.976334762573242188e+01
3.416025352478027344e+02 4.403321456909179688e+01 1.751434326171875000e+01 5.030081176757812500e+01
3.400532140731811523e+02 4.434939765930175781e+01 1.892489814758300781e+01 5.084310531616210938e+01
3.400394086837768555e+02 4.460951042175292969e+01 1.893052864074707031e+01 5.189515304565429688e+01
3.372965726852416992e+02 4.539224815368652344e+01 2.182849311828613281e+01 5.056793594360351562e+01
3.369714174270629883e+02 4.478153991699218750e+01 2.211254692077636719e+01 5.256860351562500000e+01
3.363907947540283203e+02 4.453947257995605469e+01 2.283642959594726562e+01 5.128726577758789062e+01
3.362009754180908203e+02 4.432651519775390625e+01 2.288635635375976562e+01 5.168516540527343750e+01
3.346082725524902344e+02 4.481373405456542969e+01 2.297261047363281250e+01 5.142360305786132812e+01
3.339864788055419922e+02 4.440034294128417969e+01 2.421560287475585938e+01 5.029463577270507812e+01
3.324781980514526367e+02 4.500328826904296875e+01 2.482693672180175781e+01 4.997242736816406250e+01
3.311796579360961914e+02 4.580478668212890625e+01 2.570996665954589844e+01 4.942906188964843750e+01
3.297712650299072266e+02 4.526835250854492188e+01 2.141496658325195312e+01 4.927532196044921875e+01
3.300348367691040039e+02 4.437583160400390625e+01 2.049533653259277344e+01 5.052949523925781250e+01
3.280242357254028320e+02 4.432790184020996094e+01 2.078701591491699219e+01 5.068864822387695312e+01
3.282973403930664062e+02 4.383932113647460938e+01 2.212425994873046875e+01 5.030924224853515625e+01
3.261049318313598633e+02 4.309329795837402344e+01 2.133782768249511719e+01 5.065495681762695312e+01
3.237310190200805664e+02 4.435786056518554688e+01 2.142296409606933594e+01 5.161798858642578125e+01
3.246521272659301758e+02 4.455290985107421875e+01 2.316279411315917969e+01 4.889672851562500000e+01
3.214159135818481445e+02 4.285396385192871094e+01 2.339658927917480469e+01 5.092659378051757812e+01
3.212478485107421875e+02 4.387031173706054688e+01 2.256101226806640625e+01 4.991220855712890625e+01
3.207259387969970703e+02 4.419916725158691406e+01 2.051919937133789062e+01 5.057720565795898438e+01
3.198644542694091797e+02 4.419690895080566406e+01 1.912414169311523438e+01 4.873475265502929688e+01
3.184047508239746094e+02 4.447743797302246094e+01 1.796417999267578125e+01 5.027629470825195312e+01
3.172007131576538086e+02 4.544798278808593750e+01 1.679191017150878906e+01 4.859873199462890625e+01
3.162646532058715820e+02 4.516392326354980469e+01 1.661376762390136719e+01 4.943077468872070312e+01
3.143575344085693359e+02 4.508440208435058594e+01 1.652741622924804688e+01 5.057580947875976562e+01
3.113631677627563477e+02 4.567625999450683594e+01 1.901910209655761719e+01 4.916119003295898438e+01
3.107638120651245117e+02 4.440491867065429688e+01 1.733605384826660156e+01 4.932820129394531250e+01
3.089769906997680664e+02 4.366891098022460938e+01 1.590521812438964844e+01 4.956139373779296875e+01
3.093957371711730957e+02 4.376477432250976562e+01 1.543738460540771484e+01 4.963770294189453125e+01
3.062298583984375000e+02 4.338124656677246094e+01 1.620353698730468750e+01 5.015080642700195312e+01
3.045344600677490234e+02 4.224773788452148438e+01 1.806555557250976562e+01 5.135961151123046875e+01
3.021516656875610352e+02 4.219893074035644531e+01 1.740476799011230469e+01 5.148761367797851562e+01
3.017062807083129883e+02 4.172606086730957031e+01 1.792027091979980469e+01 5.227497482299804688e+01
2.997859134674072266e+02 4.217198181152343750e+01 1.870983505249023438e+01 5.193772888183593750e+01
2.968879165649414062e+02 4.176958656311035156e+01 2.090795135498046875e+01 5.321595382690429688e+01
2.960326480865478516e+02 4.170556831359863281e+01 2.076091384887695312e+01 5.438711166381835938e+01
2.940237817764282227e+02 4.208171272277832031e+01 2.214102745056152344e+01 5.354137802124023438e+01
2.925682287216186523e+02 4.208744621276855469e+01 2.387224769592285156e+01 5.254039382934570312e+01
2.913460798263549805e+02 4.293222045898437500e+01 2.304541206359863281e+01 5.156202697753906250e+01
2.899202241897583008e+02 4.283135986328125000e+01 2.257824516296386719e+01 5.165560913085937500e+01
2.888181066513061523e+02 4.309932708740234375e+01 2.199430274963378906e+01 5.122518920898437500e+01
2.889376344680786133e+02 4.302570152282714844e+01 1.667259025573730469e+01 5.111159133911132812e+01
2.857194852828979492e+02 4.318412590026855469e+01 1.715169715881347656e+01 5.091875839233398438e+01
2.847241230010986328e+02 4.381879234313964844e+01 1.959231948852539062e+01 4.933575820922851562e+01
2.834454088211059570e+02 4.262642860412597656e+01 1.955814933776855469e+01 5.051029586791992188e+01
2.822523832321166992e+02 4.261227416992187500e+01 1.882711982727050781e+01 4.947020721435546875e+01
2.807725086212158203e+02 4.228397750854492188e+01 1.763148880004882812e+01 4.973255157470703125e+01
2.790462226867675781e+02 4.225386619567871094e+01 1.906983947753906250e+01 4.866646957397460938e+01
2.766715974807739258e+02 4.158872032165527344e+01 1.910120201110839844e+01 4.899279403686523438e+01
2.762661752700805664e+02 4.125568771362304688e+01 1.777566337585449219e+01 5.082091522216796875e+01
2.748246374130249023e+02 4.339749717712402344e+01 1.750190162658691406e+01 4.960258865356445312e+01
2.740973348617553711e+02 4.318074035644531250e+01 1.756614112854003906e+01 4.895489501953125000e+01
2.721701507568359375e+02 4.221635818481445312e+01 1.830704498291015625e+01 5.001480102539062500e+01
2.706499433517456055e+02 4.329878997802734375e+01 1.820897102355957031e+01 4.516724395751953125e+01
2.701126670837402344e+02 4.391767501831054688e+01 1.792221832275390625e+01 4.619731903076171875e+01
2.654170618057250977e+02 4.216099548339843750e+01 1.901579093933105469e+01 4.772067260742187500e+01
2.655082235336303711e+02 4.211379241943359375e+01 1.768863105773925781e+01 4.604647064208984375e+01
2.634416942596435547e+02 4.204874420166015625e+01 1.923514175415039062e+01 4.629208374023437500e+01
2.626789398193359375e+02 4.264792251586914062e+01 1.810279846191406250e+01 4.663935852050781250e+01
2.608912477493286133e+02 4.342091941833496094e+01 1.865130424499511719e+01 4.564864730834960938e+01
2.586290197372436523e+02 4.221489906311035156e+01 1.810927772521972656e+01 4.840544509887695312e+01
2.588590002059936523e+02 4.149790763854980469e+01 1.827012825012207031e+01 4.802361679077148438e+01
2.565064306259155273e+02 4.261248970031738281e+01 1.866492652893066406e+01 4.652155685424804688e+01
2.531369047164916992e+02 4.178288841247558594e+01 1.995991706848144531e+01 4.823027420043945312e+01
2.525808839797973633e+02 4.125753211975097656e+01 1.967829704284667969e+01 4.862020492553710938e+01
2.534112291336059570e+02 4.117259788513183594e+01 1.936196708679199219e+01 4.788692855834960938e+01
2.534533023834228516e+02 4.240995407104492188e+01 1.611594772338867188e+01 4.757156372070312500e+01
2.526792364120483398e+02 4.244547271728515625e+01 1.679249763488769531e+01 4.723731231689453125e+01
2.507890014648437500e+02 4.158192443847656250e+01 1.501882934570312500e+01 4.813022613525390625e+01
2.487927880287170410e+02 4.254235458374023438e+01 1.547411632537841797e+01 4.779907226562500000e+01
2.462444996833801270e+02 4.302309799194335938e+01 1.585502529144287109e+01 4.870883178710937500e+01
2.456252326965332031e+02 4.427811813354492188e+01 1.654328918457031250e+01 4.616265869140625000e+01
2.429260263442993164e+02 4.349138259887695312e+01 1.778896903991699219e+01 4.582782745361328125e+01
2.426466560363769531e+02 4.209462738037109375e+01 1.748919677734375000e+01 4.575569152832031250e+01
2.416543416976928711e+02 4.247444915771484375e+01 1.843651008605957031e+01 4.347187805175781250e+01
2.392963256835937500e+02 4.189012145996093750e+01 1.767079925537109375e+01 4.335688018798828125e+01
2.387921085357666016e+02 4.087930297851562500e+01 1.611819839477539062e+01 4.545736694335937500e+01
2.373236875534057617e+02 3.990451049804687500e+01 1.692896461486816406e+01 4.744131469726562500e+01
2.366878471374511719e+02 4.042662811279296875e+01 1.608141326904296875e+01 4.521001434326171875e+01
2.342671155929565430e+02 4.029411506652832031e+01 1.783661842346191406e+01 4.719581985473632812e+01
2.343782944679260254e+02 4.105349349975586648e+01 1.592042064666748047e+01 4.412476348876952414e+01
2.322997255325317383e+02 4.053815269470214133e+01 1.604169273376464844e+01 4.537029647827149148e+01
2.318404684066772461e+02 4.111902046203613281e+01 1.560205268859863281e+01 4.445682144165039062e+01
2.297338180541992188e+02 4.167669296264648438e+01 1.519208526611328125e+01 4.520029449462890625e+01
2.280441865921020508e+02 4.155526161193847656e+01 1.575186729431152344e+01 4.492400741577148438e+01
2.265620970726013184e+02 4.088969421386718750e+01 1.592360401153564453e+01 4.904714202880859375e+01
2.242158479690551758e+02 4.120306587219238281e+01 1.522029685974121094e+01 4.806676864624023438e+01
2.228088321685791016e+02 3.997665596008300781e+01 1.620653152465820312e+01 4.687324142456054688e+01
2.216534433364868164e+02 3.914285087585449219e+01 1.614368247985839844e+01 5.054674911499023438e+01
2.197494430541992188e+02 3.883886337280273438e+01 1.658724212646484375e+01 5.012689971923828125e+01
2.181700878143310547e+02 3.873737716674804688e+01 1.606551742553710938e+01 4.997531127929687500e+01
2.163218050003051758e+02 3.831992912292480469e+01 1.715170860290527344e+01 5.051329421997070312e+01
2.154244403839111328e+02 3.727717590332031250e+01 1.703532791137695312e+01 5.219126129150390625e+01
2.140743064880371094e+02 3.912285995483398438e+01 1.690848541259765625e+01 5.175491333007812500e+01
2.120221471786499023e+02 3.798946189880371094e+01 1.730182075500488281e+01 5.288165664672851562e+01
2.109954719543457031e+02 3.813278770446777344e+01 1.675377655029296875e+01 4.922449111938476562e+01
2.091510152816772461e+02 3.934019851684570312e+01 1.729976081848144531e+01 4.848321533203125000e+01
2.076159191131591797e+02 3.938325881958007812e+01 1.664664840698242188e+01 5.224954223632812500e+01
2.053975410461425781e+02 3.897424888610839844e+01 1.805850982666015625e+01 5.297954177856445312e+01
2.044177503585815430e+02 4.011025047302246094e+01 1.755790901184082031e+01 5.345619583129882812e+01
2.007590312957763672e+02 3.997757339477539062e+01 1.807680130004882812e+01 5.041722869873046875e+01
2.000064697265625000e+02 3.956556701660156250e+01 1.931072998046875000e+01 5.322650146484375000e+01
1.981518535614013672e+02 3.852282714843750000e+01 1.779983139038085938e+01 5.221834564208984375e+01
1.959164314270019531e+02 3.867418479919433594e+01 1.911518859863281250e+01 5.197238540649414062e+01
1.940544319152832031e+02 3.881569671630859375e+01 1.789946746826171875e+01 5.088808441162109375e+01
1.953471002578735352e+02 3.930302238464355469e+01 1.579278373718261719e+01 5.019771194458007812e+01
1.925103693008422852e+02 3.907250404357910156e+01 1.700753593444824219e+01 4.820206832885742188e+01
1.914790925979614258e+02 3.818675994873046875e+01 1.644563865661621094e+01 4.733634948730468750e+01
1.890042371749877930e+02 3.777699661254882812e+01 1.858537483215332031e+01 4.910316467285156250e+01
1.875172557830810547e+02 3.811844825744628906e+01 1.859836959838867188e+01 4.753870773315429688e+01
1.887461881637573242e+02 3.850027465820312500e+01 1.828536415100097656e+01 4.867896270751953125e+01
