2.760000000000000000e+02 1.370000000000000000e+02 2.300000000000000000e+01 6.900000000000000000e+01
2.744570903778076172e+02 1.350476379394531250e+02 2.363290786743164062e+01 7.306201171875000000e+01
2.739268255233764648e+02 1.348865623474121094e+02 2.405871772766113281e+01 7.347248077392578125e+01
2.753317432403564453e+02 1.342550125122070312e+02 2.291404342651367188e+01 7.426077270507812500e+01
2.757163753509521484e+02 1.345242347717285156e+02 2.198358535766601562e+01 7.371341705322265625e+01
2.761539125442504883e+02 1.348647270202636719e+02 2.176624107360839844e+01 7.295949554443359375e+01
2.760795860290527344e+02 1.355719528198242188e+02 2.246356964111328125e+01 7.251702880859375000e+01
2.761843700408935547e+02 1.363522186279296875e+02 2.361265945434570312e+01 7.063339233398437500e+01
2.769311466217041016e+02 1.365800285339355469e+02 2.291878890991210938e+01 6.829027557373046875e+01
2.774699115753173828e+02 1.378038635253906250e+02 2.267898178100585938e+01 6.582902526855468750e+01
2.778739652633666992e+02 1.367537956237792969e+02 2.309801673889160156e+01 6.974604034423828125e+01
2.783019866943359375e+02 1.354404678344726562e+02 2.276934814453125000e+01 7.153848266601562500e+01
2.783518085479736328e+02 1.349903831481933594e+02 2.264313888549804688e+01 7.204851531982421875e+01
2.785903091430664062e+02 1.341185913085937500e+02 2.298519897460937500e+01 7.220307922363281250e+01
2.798351917266845703e+02 1.337805824279785156e+02 2.190032577514648438e+01 7.156006622314453125e+01
2.810056228637695312e+02 1.352084808349609375e+02 2.228697204589843750e+01 7.048266601562500000e+01
2.813814325332641602e+02 1.365329666137695312e+02 2.139930534362792969e+01 6.901434326171875000e+01
2.823314466476440430e+02 1.372263183593750000e+02 2.156473731994628906e+01 6.825105285644531250e+01
2.832271022796630859e+02 1.368251953125000000e+02 2.049562454223632812e+01 6.953710937500000000e+01
2.836187973022460938e+02 1.355433349609375000e+02 2.086021423339843750e+01 6.998760986328125000e+01
2.826749830245971680e+02 1.361840515136718750e+02 2.157360267639160156e+01 6.943229675292968750e+01
2.825533876419067383e+02 1.354424819946289062e+02 2.231357383728027344e+01 7.015126037597656250e+01
2.835403499603271484e+02 1.346001243591308594e+02 2.189392471313476562e+01 7.046393585205078125e+01
2.840427684783935547e+02 1.347254791259765625e+02 2.221539688110351562e+01 6.986338806152343750e+01
2.843765382766723633e+02 1.349775314331054688e+02 2.185419273376464844e+01 6.898538208007812500e+01
2.845483226776123047e+02 1.365487861633300781e+02 2.207402420043945312e+01 6.863532257080078125e+01
2.841789255142211914e+02 1.365573768615722656e+02 2.231858634948730469e+01 6.668384552001953125e+01
2.848084211349487305e+02 1.379720039367675781e+02 2.209990882873535156e+01 6.586812591552734375e+01
2.849250288009643555e+02 1.378514289855957031e+02 2.300322914123535156e+01 6.585912322998046875e+01
2.857077865600585938e+02 1.361785926818847656e+02 2.235150146484375000e+01 6.733167266845703125e+01
2.850138378143310547e+02 1.356483306884765625e+02 2.272639846801757812e+01 6.746511840820312500e+01
2.844257192611694336e+02 1.351108665466308594e+02 2.274470710754394531e+01 6.802986907958984375e+01
2.844591207504272461e+02 1.353814353942871094e+02 2.268849372863769531e+01 6.789719390869140625e+01
2.850588235855102539e+02 1.350945014953613281e+02 2.202543449401855469e+01 6.820334625244140625e+01
2.843288373947143555e+02 1.364481658935546875e+02 2.172365760803222656e+01 6.682092285156250000e+01
2.839771280288696289e+02 1.384594459533691406e+02 2.156475639343261719e+01 6.503661346435546875e+01
2.845080394744873047e+02 1.387619171142578125e+02 2.026713943481445312e+01 6.419158935546875000e+01
2.838977861404418945e+02 1.396652927398681641e+02 2.059706687927246094e+01 6.368920516967773438e+01
2.827855091094970703e+02 1.390825634002685547e+02 2.180541610717773438e+01 6.342506790161132812e+01
2.811470022201538086e+02 1.382149677276611328e+02 2.328363227844238281e+01 6.395634078979492188e+01
2.808011322021484375e+02 1.375995407104492188e+02 2.403073120117187500e+01 6.351322937011718750e+01
2.804687681198120117e+02 1.369671363830566406e+02 2.392766761779785156e+01 6.520716094970703125e+01
2.785531597137451172e+02 1.370406341552734375e+02 2.545262527465820312e+01 6.489622497558593750e+01
2.762495021820068359e+02 1.368438415527343750e+02 2.690910720825195312e+01 6.448020935058593750e+01
2.747777128219604492e+02 1.369224014282226562e+02 2.892507362365722656e+01 6.360330200195312500e+01
2.730804138183593750e+02 1.377599029541015625e+02 2.894694519042968750e+01 6.320404052734375000e+01
2.711391534805297852e+02 1.391868343353271484e+02 2.841885185241699219e+01 6.127760696411132812e+01
2.708248777389526367e+02 1.389075851440429688e+02 2.626662635803222656e+01 6.237568664550781250e+01
2.693973636627197266e+02 1.391067638397216797e+02 2.385227584838867188e+01 6.153392410278320312e+01
2.680777835845947266e+02 1.386172389984130859e+02 2.300049972534179688e+01 6.045882034301757812e+01
2.654471349716186523e+02 1.377904472351074219e+02 2.291665840148925781e+01 6.038524627685546875e+01
2.645431642532348633e+02 1.381107273101806641e+02 2.487250328063964844e+01 6.132073593139648438e+01
2.628389081954956055e+02 1.372662181854248047e+02 2.628472328186035156e+01 6.316388320922851562e+01
2.610905733108520508e+02 1.372301769256591797e+02 2.619890403747558594e+01 6.324144363403320312e+01
2.586219816207885742e+02 1.373124923706054688e+02 2.565993690490722656e+01 6.309812927246093750e+01
2.569825210571289062e+02 1.382124748229980469e+02 2.361897277832031250e+01 6.227556610107421875e+01
2.537189073562622070e+02 1.386309070587158203e+02 2.221861839294433594e+01 6.080045700073242188e+01
2.503713598251342773e+02 1.392062721252441406e+02 2.344339179992675781e+01 5.883135223388671875e+01
2.492499017715454102e+02 1.385466327667236328e+02 2.140975761413574219e+01 6.026162338256835938e+01
2.475410652160644531e+02 1.359266147613525391e+02 2.300798797607421875e+01 6.280482101440429688e+01
2.452527179718017578e+02 1.353265228271484375e+02 2.485262680053710938e+01 6.345706176757812500e+01
2.439102640151977539e+02 1.343047103881835938e+02 2.681674003601074219e+01 6.427699279785156250e+01
2.404368143081665039e+02 1.353835487365722656e+02 2.822488212585449219e+01 6.312683868408203125e+01
2.380680713653564453e+02 1.350394897460937500e+02 2.818720626831054688e+01 6.444830322265625000e+01
2.368581800460815430e+02 1.331871032714843750e+02 2.591086769104003906e+01 6.533245849609375000e+01
2.354492864608764648e+02 1.329013099670410156e+02 2.344789314270019531e+01 6.646401214599609375e+01
2.329660806655883789e+02 1.332629432678222656e+02 2.132156181335449219e+01 6.629007720947265625e+01
2.291244277954101562e+02 1.323710746765136719e+02 2.085633850097656250e+01 6.526926422119140625e+01
2.275261058807373047e+02 1.298902587890625000e+02 2.068329238891601562e+01 6.858805847167968750e+01
2.269854145050048828e+02 1.288236846923828125e+02 2.103937911987304688e+01 6.861552429199218750e+01
2.209629259109497070e+02 1.330603446960449219e+02 2.491724205017089844e+01 6.628163909912109375e+01
2.187925357818603516e+02 1.288775596618652344e+02 2.950439071655273438e+01 6.904358673095703125e+01
2.174773244857788086e+02 1.346222934722900391e+02 2.756770515441894531e+01 6.379026412963867188e+01
2.177061185836791992e+02 1.295023384094238281e+02 2.420075416564941406e+01 6.881359100341796875e+01
2.146255645751953125e+02 1.370606422424316406e+02 2.280345153808593750e+01 6.012593841552734375e+01
2.126556606292724609e+02 1.373570404052734375e+02 2.222432327270507812e+01 5.702078247070312500e+01
2.108167438507080078e+02 1.379780197143554688e+02 2.176293563842773438e+01 5.917823791503906250e+01
2.069517498016357422e+02 1.359307060241699219e+02 2.232773208618164062e+01 6.119072723388671875e+01
2.059138908386230469e+02 1.358446598052978516e+02 2.342226409912109375e+01 6.195638656616210938e+01
2.039236888885498047e+02 1.360054550170898438e+02 2.350864028930664062e+01 6.299046325683593750e+01
2.026622562408447266e+02 1.353597049713134766e+02 2.338058090209960938e+01 6.253959274291992188e+01
1.995922422409057617e+02 1.366194324493408203e+02 2.466729164123535156e+01 6.193210983276367188e+01
2.000380201339721680e+02 1.364195079803466797e+02 2.320171546936035156e+01 6.281175613403320312e+01
1.979118213653564453e+02 1.377668914794921875e+02 2.263143539428710938e+01 6.127542114257812500e+01
1.975607614517211914e+02 1.376615276336669922e+02 2.032819938659667969e+01 6.079372024536132812e+01
1.964408903121948242e+02 1.374440116882324219e+02 2.033991432189941406e+01 6.081797027587890625e+01
1.943552513122558594e+02 1.379147682189941406e+02 2.053170013427734375e+01 6.169002532958984375e+01
1.921788740158081055e+02 1.373401470184326172e+02 2.087003517150878906e+01 6.143048477172851562e+01
1.887004842758178711e+02 1.362081909179687500e+02 2.259575080871582031e+01 6.303790283203125000e+01
1.880605831146240234e+02 1.357624664306640625e+02 2.312318801879882812e+01 6.325907897949218750e+01
1.861315746307373047e+02 1.356170444488525391e+02 2.357252883911132812e+01 6.249633407592773438e+01
1.840970106124877930e+02 1.358944969177246094e+02 2.452939796447753906e+01 6.246167755126953125e+01
1.828383283615112305e+02 1.356212005615234375e+02 2.483445167541503906e+01 6.298251342773437500e+01
1.822385673522949219e+02 1.371732196807861328e+02 2.408266448974609375e+01 6.006565475463867188e+01
1.796717977523803711e+02 1.371726055145263672e+02 2.567611885070800781e+01 6.041136550903320312e+01
1.798690652847290039e+02 1.372507514953613281e+02 2.491633415222167969e+01 6.192061614990234375e+01
1.818999719619750977e+02 1.367236289978027344e+02 2.318864250183105469e+01 6.241812896728515625e+01
1.786615304946899414e+02 1.369885635375976562e+02 2.437214469909667969e+01 6.292883300781250000e+01
1.796516313552856445e+02 1.351225242614746094e+02 2.400983238220214844e+01 6.473232269287109375e+01
1.798330984115600586e+02 1.356124877929687500e+02 2.315599250793457031e+01 6.485498046875000000e+01
1.805882787704467773e+02 1.349696998596191406e+02 2.285257148742675781e+01 6.605654144287109375e+01
1.803891086578369141e+02 1.355522460937500000e+02 2.229967880249023438e+01 6.507743835449218750e+01
1.801350412368774414e+02 1.357912750244140625e+02 2.236686515808105469e+01 6.463595581054687500e+01
1.791042537689208984e+02 1.361075973510742188e+02 2.314416885375976562e+01 6.428038024902343750e+01
1.791779890060424805e+02 1.366868476867675781e+02 2.358298683166503906e+01 6.428786468505859375e+01
1.785713357925415039e+02 1.358656806945800781e+02 2.387978935241699219e+01 6.511544036865234375e+01
1.770367155075073242e+02 1.358415298461914062e+02 2.690540504455566406e+01 6.554061889648437500e+01
1.779001264572143555e+02 1.348845672607421875e+02 2.698366737365722656e+01 6.625868225097656250e+01
1.770841865539550781e+02 1.346037902832031250e+02 2.881496429443359375e+01 6.647640991210937500e+01
1.777967176437377930e+02 1.345310325622558594e+02 3.135886573791503906e+01 6.656914520263671875e+01
1.759096736907958984e+02 1.345748138427734375e+02 3.173761367797851562e+01 6.807760620117187500e+01
1.762056989669799805e+02 1.358937454223632812e+02 3.096978187561035156e+01 6.652874755859375000e+01
1.779836711883544922e+02 1.373148994445800781e+02 3.043011856079101562e+01 6.540267181396484375e+01
1.773848743438720703e+02 1.360522727966308594e+02 2.990433883666992188e+01 6.624323272705078125e+01
1.796006278991699219e+02 1.360538482666015625e+02 2.853626251220703125e+01 6.566127014160156250e+01
1.831302328109741211e+02 1.358450431823730469e+02 2.749859809875488281e+01 6.550963592529296875e+01
1.875977773666381836e+02 1.354701042175292969e+02 2.509852790832519531e+01 6.634908294677734375e+01
1.891708011627197266e+02 1.351536903381347656e+02 2.573612594604492188e+01 6.695635223388671875e+01
1.884584569931030273e+02 1.344903297424316406e+02 2.558719062805175781e+01 6.841042327880859375e+01
1.903363752365112305e+02 1.343955116271972656e+02 2.549840736389160156e+01 6.731201934814453125e+01
1.887126350402832031e+02 1.341203269958496094e+02 2.771404266357421875e+01 6.870359039306640625e+01
1.922880172729492188e+02 1.347029762268066406e+02 2.657369995117187500e+01 6.822087860107421875e+01
1.922276144027709961e+02 1.351967201232910156e+02 2.661163520812988281e+01 6.886931610107421875e+01
1.959786367416381836e+02 1.352543449401855469e+02 2.530671882629394531e+01 6.785852813720703125e+01
1.971061077117919922e+02 1.361463661193847656e+02 2.366757583618164062e+01 6.775064849853515625e+01
2.005811672210693359e+02 1.356634674072265625e+02 2.260721206665039062e+01 6.765281677246093750e+01
2.006384172439575195e+02 1.359687118530273438e+02 2.332225608825683594e+01 6.759992980957031250e+01
2.014781141281127930e+02 1.354113807678222656e+02 2.429293251037597656e+01 6.825154876708984375e+01
2.028987226486206055e+02 1.342707672119140625e+02 2.465027809143066406e+01 6.948388671875000000e+01
2.045366125106811523e+02 1.338593292236328125e+02 2.519337654113769531e+01 6.982214355468750000e+01
2.079001932144165039e+02 1.333905715942382812e+02 2.489343070983886719e+01 6.964860534667968750e+01
2.083091487884521484e+02 1.337829017639160156e+02 2.684253311157226562e+01 7.061835479736328125e+01
2.120170154571533203e+02 1.348117446899414062e+02 2.533222579956054688e+01 6.912669372558593750e+01
2.153605966567993164e+02 1.359594230651855469e+02 2.342736625671386719e+01 6.920940399169921875e+01
2.182279491424560547e+02 1.358462791442871094e+02 2.030708694458007812e+01 6.859629058837890625e+01
2.198089189529418945e+02 1.374001922607421875e+02 1.961163902282714844e+01 6.742300415039062500e+01
2.190874462127685547e+02 1.358182144165039062e+02 1.967840957641601562e+01 6.864083862304687500e+01
2.223315858840942383e+02 1.354775848388671875e+02 2.050847434997558594e+01 6.980213928222656250e+01
2.212962074279785156e+02 1.351916084289550781e+02 2.210630035400390625e+01 6.975841522216796875e+01
2.232440500259399414e+02 1.329482078552246094e+02 2.587956047058105469e+01 7.208217620849609375e+01
2.232692241668701172e+02 1.334350852966308594e+02 2.745654678344726562e+01 7.143212127685546875e+01
2.271176481246948242e+02 1.343078041076660156e+02 2.550687599182128906e+01 7.033727264404296875e+01
2.294580144882202148e+02 1.353151397705078125e+02 2.626611518859863281e+01 7.034556579589843750e+01
2.348191852569580078e+02 1.361670875549316406e+02 2.140613937377929688e+01 7.011310577392578125e+01
2.362869138717651367e+02 1.376793556213378906e+02 2.278003883361816406e+01 6.701721954345703125e+01
2.390084934234619141e+02 1.361907806396484375e+02 2.259307479858398438e+01 6.818949890136718750e+01
2.422432413101196289e+02 1.347153892517089844e+02 2.225318717956542969e+01 7.060448455810546875e+01
2.420420875549316406e+02 1.337863349914550781e+02 2.264000701904296875e+01 7.160305023193359375e+01
2.445811815261840820e+02 1.338902931213378906e+02 2.281386375427246094e+01 7.147646331787109375e+01
2.447715835571289062e+02 1.349214096069335938e+02 2.384501647949218750e+01 6.890472412109375000e+01
2.466811494827270508e+02 1.337676086425781250e+02 2.617563438415527344e+01 7.063580322265625000e+01
2.491795806884765625e+02 1.334117317199707031e+02 2.534764099121093750e+01 7.207083892822265625e+01
2.524048547744750977e+02 1.343556175231933594e+02 2.511039543151855469e+01 7.149539947509765625e+01
2.551324348449707031e+02 1.353766021728515625e+02 2.597562408447265625e+01 6.915649414062500000e+01
2.591403360366821289e+02 1.342419776916503906e+02 2.324992179870605469e+01 7.011312103271484375e+01
2.614974288940429688e+02 1.341603279113769531e+02 2.411408996582031250e+01 7.091965484619140625e+01
2.612397403717041016e+02 1.326127624511718750e+02 2.190137863159179688e+01 7.280148315429687500e+01
2.644135656356811523e+02 1.336572074890136719e+02 2.351182746887207031e+01 7.251113128662109375e+01
2.654771118164062500e+02 1.330575714111328125e+02 2.676387023925781250e+01 7.161047363281250000e+01
2.663780288696289062e+02 1.312698326110839844e+02 2.924252319335937500e+01 7.366641998291015625e+01
2.686794118881225586e+02 1.329178161621093750e+02 2.796789741516113281e+01 7.290776062011718750e+01
2.725413322448730469e+02 1.332472229003906250e+02 2.710654449462890625e+01 7.293403625488281250e+01
2.741139402389526367e+02 1.336014709472656250e+02 2.394506263732910156e+01 7.217868041992187500e+01
2.770186176300048828e+02 1.354420738220214844e+02 2.180871200561523438e+01 7.183335113525390625e+01
2.800541496276855469e+02 1.350260696411132812e+02 2.073651885986328125e+01 7.073493957519531250e+01
2.825008611679077148e+02 1.360131607055664062e+02 2.056486701965332031e+01 7.062413024902343750e+01
2.838575487136840820e+02 1.351583290100097656e+02 2.117510032653808594e+01 7.147814178466796875e+01
2.851328744888305664e+02 1.352542800903320312e+02 2.397950553894042969e+01 7.066622924804687500e+01
2.858916091918945312e+02 1.345242347717285156e+02 2.637333679199218750e+01 7.127419281005859375e+01
2.887735443115234375e+02 1.337383270263671875e+02 2.784478759765625000e+01 7.281130981445312500e+01
2.915609807968139648e+02 1.324447746276855469e+02 2.691255378723144531e+01 7.395780181884765625e+01
2.942072048187255859e+02 1.339966239929199219e+02 2.542477798461914062e+01 7.311519622802734375e+01
2.984314727783203125e+02 1.352107849121093750e+02 2.704249572753906250e+01 7.193096923828125000e+01
3.024579172134399414e+02 1.346898193359375000e+02 2.541886711120605469e+01 7.084759521484375000e+01
3.044193801879882812e+02 1.347967300415039062e+02 2.446530151367187500e+01 7.165057373046875000e+01
3.052795658111572266e+02 1.343026695251464844e+02 2.266743087768554688e+01 7.256189727783203125e+01
3.060237245559692383e+02 1.335624008178710938e+02 2.522154808044433594e+01 7.382638549804687500e+01
3.077833824157714844e+02 1.326456718444824219e+02 2.547154998779296875e+01 7.488587188720703125e+01
3.089305791854858398e+02 1.318584060668945312e+02 2.739013862609863281e+01 7.525720214843750000e+01
3.097773361206054688e+02 1.331663703918457031e+02 2.834614562988281250e+01 7.448165130615234375e+01
3.113583269119262695e+02 1.341359291076660156e+02 2.824292564392089844e+01 7.456090545654296875e+01
3.138804378509521484e+02 1.349190330505371094e+02 2.837576675415039062e+01 7.381540679931640625e+01
3.159175243377685547e+02 1.352007980346679688e+02 2.810902786254882812e+01 7.186337280273437500e+01
3.165852365493774414e+02 1.356851768493652344e+02 3.073112297058105469e+01 7.259600067138671875e+01
3.183461866378784180e+02 1.351950149536132812e+02 3.006192970275878906e+01 7.341159057617187500e+01
3.198374147415161133e+02 1.336726799011230469e+02 2.915364646911621094e+01 7.438469696044921875e+01
3.212211561203002930e+02 1.333160476684570312e+02 2.898392677307128906e+01 7.579354858398437500e+01
3.221618032455444336e+02 1.324102172851562500e+02 2.788400459289550781e+01 7.687120056152343750e+01
3.241109199523925781e+02 1.324830818176269531e+02 2.791336822509765625e+01 7.637844085693359375e+01
3.231236276626586914e+02 1.338861999511718750e+02 3.028979301452636719e+01 7.462814331054687500e+01
3.230857257843017578e+02 1.345327377319335938e+02 3.148606491088867188e+01 7.412481689453125000e+01
3.254605712890625000e+02 1.345507698059082031e+02 3.089062500000000000e+01 7.407477569580078125e+01
3.275111389160156250e+02 1.345517120361328125e+02 2.905886840820312500e+01 7.429826354980468750e+01
3.294798383712768555e+02 1.336781311035156250e+02 2.807302284240722656e+01 7.570721435546875000e+01
3.302625303268432617e+02 1.331069946289062500e+02 2.905248451232910156e+01 7.740811157226562500e+01
3.312042655944824219e+02 1.322232551574707031e+02 3.025647735595703125e+01 7.896044158935546875e+01
3.330945701599121094e+02 1.317197494506835938e+02 3.060292816162109375e+01 7.919386291503906250e+01
3.335642957687377930e+02 1.319208908081054688e+02 3.036649513244628906e+01 7.954269409179687500e+01
3.359336853027343750e+02 1.324858627319335938e+02 2.980055236816406250e+01 7.957258605957031250e+01
3.366956424713134766e+02 1.336508941650390625e+02 3.000823593139648438e+01 7.830476379394531250e+01
3.374569129943847656e+02 1.344881286621093750e+02 3.062892913818359375e+01 7.832804870605468750e+01
3.381884298324584961e+02 1.344153251647949219e+02 2.989677619934082031e+01 7.730309295654296875e+01
3.392340106964111328e+02 1.338495788574218750e+02 2.811645126342773438e+01 7.749232482910156250e+01
3.390730237960815430e+02 1.338201637268066406e+02 2.785712623596191406e+01 7.821793365478515625e+01
3.382688016891479492e+02 1.330152015686035156e+02 2.767862892150878906e+01 7.970465850830078125e+01
3.390732641220092773e+02 1.314594879150390625e+02 2.697415351867675781e+01 7.950407409667968750e+01
3.374617986679077148e+02 1.329312705993652344e+02 2.791176033020019531e+01 8.074015045166015625e+01
3.391014881134033203e+02 1.337218170166015625e+02 2.856357955932617188e+01 8.049794006347656250e+01
3.376433467864990234e+02 1.340814552307128906e+02 3.100467300415039062e+01 7.794239044189453125e+01
3.389443292617797852e+02 1.344186706542968750e+02 2.942523002624511719e+01 7.787503051757812500e+01
3.376133985519409180e+02 1.354331016540527344e+02 3.025647926330566406e+01 7.797571563720703125e+01
3.340713424682617188e+02 1.340848693847656250e+02 3.502774047851562500e+01 8.013385009765625000e+01
3.333030757904052734e+02 1.336199302673339844e+02 3.311211013793945312e+01 7.865796661376953125e+01
3.317891712188720703e+02 1.323440780639648438e+02 3.388537216186523438e+01 8.240954589843750000e+01
3.309188442230224609e+02 1.313905982971191406e+02 3.262082290649414062e+01 8.299555206298828125e+01
3.293131904602050781e+02 1.320722351074218750e+02 3.354679107666015625e+01 8.450122070312500000e+01
3.280018024444580078e+02 1.320710029602050781e+02 3.387604904174804688e+01 8.401580047607421875e+01
3.293134956359863281e+02 1.324526977539062500e+02 3.189614105224609375e+01 8.338302612304687500e+01
3.313787174224853516e+02 1.328076477050781250e+02 2.828574752807617188e+01 8.357220458984375000e+01
3.301799125671386719e+02 1.342394218444824219e+02 2.830098724365234375e+01 7.679358673095703125e+01
3.284553718566894531e+02 1.347934265136718750e+02 2.696634674072265625e+01 7.773913574218750000e+01
3.258787994384765625e+02 1.344299926757812500e+02 2.890669250488281250e+01 7.693617248535156250e+01
3.243249111175537109e+02 1.324893379211425781e+02 2.988226699829101562e+01 8.281072235107421875e+01
3.220771493911743164e+02 1.314968833923339844e+02 3.151263236999511719e+01 8.601548004150390625e+01
3.212725276947021484e+02 1.307723159790039062e+02 3.215770339965820312e+01 8.635028076171875000e+01
3.167672843933105469e+02 1.322258567810058594e+02 3.376787567138671875e+01 8.528006744384765625e+01
3.162575874328613281e+02 1.326936035156250000e+02 3.502860260009765625e+01 8.513294982910156250e+01
3.127073078155517578e+02 1.329313278198242188e+02 3.399818038940429688e+01 8.347235107421875000e+01
3.082209644317626953e+02 1.343351478576660156e+02 3.475855636596679688e+01 7.588481903076171875e+01
3.032703952789306641e+02 1.328482246398925781e+02 3.686860275268554688e+01 8.273836517333984375e+01
3.020325431823730469e+02 1.313425521850585938e+02 3.526085662841796875e+01 8.339036560058593750e+01
3.011749114990234375e+02 1.291425590515136719e+02 3.223620605468750000e+01 8.729117584228515625e+01
2.994741420745849609e+02 1.294812469482421875e+02 3.151962661743164062e+01 8.642388916015625000e+01
2.972916412353515625e+02 1.304422683715820312e+02 3.221522521972656250e+01 8.834226989746093750e+01
2.954365940093994141e+02 1.298011093139648438e+02 3.446294784545898438e+01 8.608053588867187500e+01
2.929701175689697266e+02 1.304317321777343750e+02 3.428423690795898438e+01 8.660809326171875000e+01
2.906458950042724609e+02 1.324472198486328125e+02 3.319084548950195312e+01 8.176136779785156250e+01
2.875901546478271484e+02 1.321959114074707031e+02 3.122899246215820312e+01 8.246746063232421875e+01
2.841832199096679688e+02 1.331485443115234375e+02 2.960346984863281250e+01 8.220309448242187500e+01
2.820947132110595703e+02 1.343690452575683594e+02 2.871984481811523438e+01 8.445641326904296875e+01
2.795931396484375000e+02 1.339467964172363281e+02 2.746067810058593750e+01 8.345738983154296875e+01
2.768956279754638672e+02 1.318854713439941406e+02 2.813060379028320312e+01 8.689112091064453125e+01
2.732361793518066406e+02 1.318807983398437500e+02 3.115314483642578125e+01 8.752595520019531250e+01
2.697038173675537109e+02 1.306150932312011719e+02 3.697810745239257812e+01 8.864394378662109375e+01
2.662519187927246094e+02 1.302717819213867188e+02 3.877852630615234375e+01 8.874412536621093750e+01
2.646936225891113281e+02 1.330854110717773438e+02 3.600812530517578125e+01 8.514506530761718750e+01
2.621284446716308594e+02 1.314802551269531250e+02 3.507988739013671875e+01 8.853149414062500000e+01
2.610908527374267578e+02 1.324724998474121094e+02 3.284702682495117188e+01 8.721575164794921875e+01
2.594387626647949219e+02 1.328180809020996094e+02 2.928404998779296875e+01 8.495955657958984375e+01
2.574728469848632812e+02 1.331501388549804688e+02 2.556707763671875000e+01 8.197259521484375000e+01
2.546044187545776367e+02 1.319515342712402344e+02 2.411013221740722656e+01 8.559383392333984375e+01
2.516197814941406250e+02 1.303069572448730469e+02 2.446217346191406250e+01 8.786043548583984375e+01
2.478966407775878906e+02 1.310012893676757812e+02 2.736002349853515625e+01 8.765951538085937500e+01
2.430206193923950195e+02 1.301345787048339844e+02 3.117496299743652344e+01 8.820137786865234375e+01
2.413281803131103516e+02 1.311232719421386719e+02 3.296622848510742188e+01 8.714261627197265625e+01
2.411113204956054688e+02 1.319252433776855469e+02 3.308216857910156250e+01 8.666062164306640625e+01
2.389064083099365234e+02 1.321113433837890625e+02 3.201660537719726562e+01 8.622204589843750000e+01
2.368020343780517578e+02 1.334282951354980469e+02 3.203344345092773438e+01 8.443254852294921875e+01
2.353181304931640625e+02 1.344154090881347656e+02 2.970794677734375000e+01 8.302269744873046875e+01
2.343948326110839844e+02 1.336706504821777344e+02 2.866703033447265625e+01 8.472995758056640625e+01
2.339661436080932617e+02 1.327600173950195312e+02 2.936864662170410156e+01 8.400358581542968750e+01
2.332653646469116211e+02 1.318898963928222656e+02 2.983885383605957031e+01 8.617296600341796875e+01
2.324178609848022461e+02 1.311668815612792969e+02 2.920051765441894531e+01 8.708777618408203125e+01
2.321455678939819336e+02 1.310305061340332031e+02 2.889486885070800781e+01 8.630797576904296875e+01
2.299766492843627930e+02 1.323151969909667969e+02 2.973018836975097656e+01 8.485103607177734375e+01
2.290264511108398438e+02 1.328808937072753906e+02 3.006431579589843750e+01 8.452707672119140625e+01
2.288811149597167969e+02 1.335581779479980469e+02 2.886167144775390625e+01 8.424675750732421875e+01
2.281597318649291992e+02 1.335621299743652344e+02 2.820089149475097656e+01 8.230672454833984375e+01
2.267071876525878906e+02 1.338647804260253906e+02 2.771712493896484375e+01 8.280129241943359375e+01
2.272635898590087891e+02 1.332303276062011719e+02 2.584788131713867188e+01 8.381792449951171875e+01
2.271141223907470703e+02 1.323562469482421875e+02 2.534594345092773438e+01 8.419953918457031250e+01
2.266396884918212891e+02 1.320358619689941406e+02 2.563465499877929688e+01 8.425832366943359375e+01
2.258974895477294922e+02 1.318788261413574219e+02 2.591098403930664062e+01 8.469327545166015625e+01
2.247636117935180664e+02 1.321274795532226562e+02 2.712600517272949219e+01 8.385293579101562500e+01
2.251163053512573242e+02 1.310209503173828125e+02 2.703786659240722656e+01 8.363522338867187500e+01
2.254936580657958984e+02 1.329087219238281250e+02 2.738226699829101562e+01 8.272590637207031250e+01
2.248687171936035156e+02 1.339236984252929688e+02 2.758905792236328125e+01 8.079681396484375000e+01
2.245588884353637695e+02 1.343605308532714844e+02 2.858603477478027344e+01 7.988185882568359375e+01
2.252552509307861328e+02 1.345276412963867188e+02 2.865774154663085938e+01 7.967355346679687500e+01
2.249577903747558594e+02 1.336595802307128906e+02 2.671367645263671875e+01 8.000525665283203125e+01
2.251479434967041016e+02 1.331730194091796875e+02 3.086730575561523438e+01 8.097061157226562500e+01
2.252651367187500000e+02 1.312254905700683594e+02 3.101625061035156250e+01 8.222039031982421875e+01
2.263740844726562500e+02 1.312723503112792969e+02 3.079032897949218750e+01 8.252645111083984375e+01
2.272622041702270508e+02 1.301208610534667969e+02 3.132520103454589844e+01 8.290869903564453125e+01
2.280712184906005859e+02 1.308329467773437500e+02 2.810348892211914062e+01 8.184838867187500000e+01
2.301269855499267578e+02 1.314966773986816406e+02 2.694340133666992188e+01 8.113213348388671875e+01
2.328745098114013672e+02 1.332373237609863281e+02 2.530727005004882812e+01 8.059265899658203125e+01
2.338432579040527344e+02 1.340843925476074219e+02 2.705204010009765625e+01 7.891530609130859375e+01
2.343431978225708008e+02 1.346016616821289062e+02 2.634558677673339844e+01 7.844317626953125000e+01
2.355083398818969727e+02 1.336471252441406250e+02 2.486999320983886719e+01 7.900083923339843750e+01
2.373171291351318359e+02 1.326354293823242188e+02 2.452652359008789062e+01 8.097399902343750000e+01
2.370719795227050781e+02 1.314503173828125000e+02 2.595680999755859375e+01 8.158229064941406250e+01
2.378468885421752930e+02 1.315884170532226562e+02 2.727915382385253906e+01 8.038719177246093750e+01
2.384662647247314453e+02 1.319479026794433594e+02 2.521453475952148438e+01 7.831301116943359375e+01
2.386351394653320312e+02 1.328527755737304688e+02 2.739662170410156250e+01 7.834477233886718750e+01
2.405550260543823242e+02 1.329943046569824219e+02 2.814194679260253906e+01 7.659673309326171875e+01
2.392806634902954102e+02 1.341713905334472656e+02 2.727905082702636719e+01 7.495107269287109375e+01
2.410916080474853516e+02 1.347691802978515625e+02 2.705015182495117188e+01 7.604840087890625000e+01
2.443070430755615234e+02 1.341576156616210938e+02 2.887288284301757812e+01 7.508946228027343750e+01
2.437325706481933594e+02 1.352661895751953125e+02 2.723094940185546875e+01 7.574511718750000000e+01
2.489673833847045898e+02 1.338105125427246094e+02 2.651033210754394531e+01 7.635375213623046875e+01
2.483729572296142578e+02 1.338795852661132812e+02 3.131744003295898438e+01 7.673466491699218750e+01
2.491994018554687500e+02 1.329731826782226562e+02 3.218800354003906250e+01 7.695045471191406250e+01
2.508873367309570312e+02 1.335877265930175781e+02 2.941893005371093750e+01 7.711508941650390625e+01
2.506408014297485352e+02 1.337183494567871094e+02 2.919204521179199219e+01 7.598146820068359375e+01
2.505541687011718750e+02 1.346817932128906250e+02 3.075588989257812500e+01 7.580328369140625000e+01
2.520704240798950195e+02 1.343941993713378906e+02 2.986342430114746094e+01 7.551876068115234375e+01
2.539997682571411133e+02 1.348391456604003906e+02 2.928471946716308594e+01 7.522005462646484375e+01
2.571112689971923828e+02 1.355366897583007812e+02 2.715539169311523438e+01 7.467944335937500000e+01
2.607827253341674805e+02 1.353461723327636719e+02 2.570199012756347656e+01 7.485376739501953125e+01
2.635579948425292969e+02 1.351719169616699219e+02 2.366796112060546875e+01 7.447042083740234375e+01
2.660350036621093750e+02 1.357192916870117188e+02 2.359654235839843750e+01 7.434791564941406250e+01
2.674433460235595703e+02 1.348419113159179688e+02 2.335074996948242188e+01 7.442497253417968750e+01
2.688652153015136719e+02 1.351901855468750000e+02 2.648857879638671875e+01 7.378395080566406250e+01
2.706637811660766602e+02 1.340293769836425781e+02 2.970638847351074219e+01 7.512276458740234375e+01
2.716100778579711914e+02 1.347689743041992188e+02 3.081841850280761719e+01 7.552682495117187500e+01
2.721673107147216797e+02 1.347818679809570312e+02 2.959695816040039062e+01 7.538015747070312500e+01
2.750070295333862305e+02 1.340997848510742188e+02 2.838981056213378906e+01 7.674331665039062500e+01
2.752951231002807617e+02 1.346390991210937500e+02 2.803670692443847656e+01 7.652027893066406250e+01
2.774412546157836914e+02 1.339857559204101562e+02 2.725004386901855469e+01 7.658007812500000000e+01
2.797841281890869141e+02 1.333316497802734375e+02 2.541413497924804688e+01 7.679554748535156250e+01
2.823148231506347656e+02 1.347769546508789062e+02 2.313628387451171875e+01 7.568019104003906250e+01
2.827930316925048828e+02 1.351488647460937500e+02 2.277187728881835938e+01 7.541438293457031250e+01
2.849032535552978516e+02 1.340743865966796875e+02 2.314558029174804688e+01 7.699404907226562500e+01
2.848927631378173828e+02 1.339358634948730469e+02 2.564100265502929688e+01 7.547461700439453125e+01
2.843148012161254883e+02 1.332599143981933594e+02 2.906592369079589844e+01 7.400203704833984375e+01
2.846439332962036133e+02 1.335707740783691406e+02 3.092899131774902344e+01 7.574889373779296875e+01
2.879108018875122070e+02 1.340091857910156250e+02 2.904816246032714844e+01 7.488661193847656250e+01
2.898318643569946289e+02 1.342871856689453125e+02 2.714030265808105469e+01 7.478919982910156250e+01
2.942998332977294922e+02 1.345633087158203125e+02 2.361751174926757812e+01 7.528582763671875000e+01
2.918599205017089844e+02 1.349640998840332031e+02 2.538037872314453125e+01 7.448146820068359375e+01
2.931290674209594727e+02 1.350513420104980469e+02 2.528510856628417969e+01 7.400969696044921875e+01
2.943668899536132812e+02 1.341457977294921875e+02 2.500828552246093750e+01 7.524070739746093750e+01
2.969224224090576172e+02 1.335703086853027344e+02 2.475552749633789062e+01 7.494800567626953125e+01
2.984948396682739258e+02 1.336472091674804688e+02 2.371835899353027344e+01 7.520014953613281250e+01
2.997162408828735352e+02 1.331709365844726562e+02 2.395065116882324219e+01 7.507798767089843750e+01
2.996448926925659180e+02 1.330367507934570312e+02 2.394082069396972656e+01 7.529779052734375000e+01
3.000095806121826172e+02 1.328007507324218750e+02 2.572668838500976562e+01 7.737283325195312500e+01
3.002420778274536133e+02 1.328998031616210938e+02 2.620378684997558594e+01 7.581820678710937500e+01
3.014681549072265625e+02 1.333477821350097656e+02 2.473405456542968750e+01 7.583658599853515625e+01
3.022813043594360352e+02 1.332565307617187500e+02 2.482284355163574219e+01 7.608744812011718750e+01
3.025390892028808594e+02 1.334215393066406250e+02 2.517726898193359375e+01 7.591436767578125000e+01
3.029710073471069336e+02 1.330487289428710938e+02 2.657660102844238281e+01 7.629992675781250000e+01
3.041431722640991211e+02 1.327200736999511719e+02 2.698282051086425781e+01 7.640999603271484375e+01
3.042979707717895508e+02 1.334643058776855469e+02 2.624471092224121094e+01 7.589031219482421875e+01
3.058254537582397461e+02 1.332557487487792969e+02 2.576684761047363281e+01 7.581606292724609375e+01
3.070912017822265625e+02 1.341829071044921875e+02 2.498915100097656250e+01 7.410063171386718750e+01
3.069044618606567383e+02 1.344548187255859375e+02 2.529388999938964844e+01 7.396202087402343750e+01
3.044199590682983398e+02 1.356399345397949219e+02 2.692738533020019531e+01 7.342218780517578125e+01
3.068082370758056641e+02 1.354842376708984375e+02 2.550696945190429688e+01 7.408157348632812500e+01
3.074689855575561523e+02 1.357936096191406250e+02 2.353273200988769531e+01 7.292945861816406250e+01
3.082928495407104492e+02 1.370707931518554688e+02 2.230658912658691406e+01 7.339822387695312500e+01
3.097207002639770508e+02 1.375378379821777344e+02 2.218157005310058594e+01 7.163169097900390625e+01
3.088118133544921875e+02 1.387087860107421875e+02 2.174891662597656250e+01 7.046331787109375000e+01
3.085804910659790039e+02 1.380785255432128906e+02 2.089105033874511719e+01 7.159123992919921875e+01
3.083536205291748047e+02 1.376577758789062500e+02 2.123672866821289062e+01 7.173242187500000000e+01
3.089918184280395508e+02 1.349591522216796875e+02 2.223657798767089844e+01 7.464292907714843750e+01
3.064174757003784180e+02 1.307219085693359375e+02 2.362941932678222656e+01 7.895356750488281250e+01
3.066405553817749023e+02 1.360386161804199219e+02 2.395450019836425781e+01 7.285263824462890625e+01
3.058539056777954102e+02 1.319191932678222656e+02 2.314523124694824219e+01 7.722126007080078125e+01
3.065943288803100586e+02 1.287419662475585938e+02 2.311325263977050781e+01 7.873925781250000000e+01
3.056038417816162109e+02 1.342963180541992188e+02 2.413277053833007812e+01 7.346191406250000000e+01
3.065517358779907227e+02 1.287513961791992188e+02 2.269456291198730469e+01 7.719419860839843750e+01
3.055479393005371094e+02 1.342504272460937500e+02 2.297480010986328125e+01 7.342814636230468750e+01
3.049897499084472656e+02 1.383425292968750000e+02 2.360558319091796875e+01 6.931549072265625000e+01
3.071645202636718750e+02 1.388567123413085938e+02 2.234251403808593750e+01 6.897611999511718750e+01
3.068564157485961914e+02 1.387701911926269531e+02 2.229554557800292969e+01 6.976725006103515625e+01
3.064771251678466797e+02 1.367509498596191406e+02 2.229271316528320312e+01 7.104274749755859375e+01
3.057502841949462891e+02 1.407882347106933594e+02 2.175382614135742188e+01 6.613927459716796875e+01
3.067305479049682617e+02 1.408011169433593750e+02 2.230108070373535156e+01 6.564646911621093750e+01
3.062109994888305664e+02 1.356033325195312500e+02 2.176940727233886719e+01 7.053401184082031250e+01
3.067691211700439453e+02 1.387334365844726562e+02 2.128861618041992188e+01 6.951196289062500000e+01
3.070599937438964844e+02 1.402271232604980469e+02 2.184024810791015625e+01 6.644850921630859375e+01
3.075509471893310547e+02 1.384736633300781250e+02 2.127614212036132812e+01 6.782550048828125000e+01
3.077901220321655273e+02 1.384843292236328125e+02 2.024978828430175781e+01 6.891075134277343750e+01
3.079319028854370117e+02 1.384154014587402344e+02 2.020705604553222656e+01 6.836579132080078125e+01
3.084037036895751953e+02 1.348223876953125000e+02 1.959536361694335938e+01 7.234416198730468750e+01
3.079828691482543945e+02 1.342788619995117188e+02 1.990665245056152344e+01 7.368237304687500000e+01
3.078050451278686523e+02 1.329371261596679688e+02 2.089898872375488281e+01 7.494686889648437500e+01
3.069626998901367188e+02 1.330537033081054688e+02 2.147375488281250000e+01 7.554528808593750000e+01
3.067607202529907227e+02 1.328067207336425781e+02 2.286437797546386719e+01 7.565142059326171875e+01
3.056036844253540039e+02 1.336530456542968750e+02 2.463958549499511719e+01 7.461744689941406250e+01
3.056437816619873047e+02 1.335299491882324219e+02 2.589325332641601562e+01 7.410971832275390625e+01
3.044914884567260742e+02 1.328912010192871094e+02 2.653402137756347656e+01 7.448838043212890625e+01
3.046086254119873047e+02 1.336469955444335938e+02 2.661574172973632812e+01 7.479643249511718750e+01
3.052512016296386719e+02 1.320938911437988281e+02 2.618454742431640625e+01 7.492079925537109375e+01
3.048785762786865234e+02 1.328475570678710938e+02 2.587334060668945312e+01 7.426629638671875000e+01
3.044773864746093750e+02 1.337689590454101562e+02 2.500006103515625000e+01 7.406922912597656250e+01
3.048399791717529297e+02 1.346185111999511719e+02 2.457535171508789062e+01 7.347113800048828125e+01
3.044782447814941406e+02 1.359947700500488281e+02 2.325838470458984375e+01 7.164632415771484375e+01
3.042974433898925781e+02 1.359240379333496094e+02 2.316414642333984375e+01 7.096408843994140625e+01
3.042651700973510742e+02 1.358874740600585938e+02 2.317623329162597656e+01 7.142387390136718750e+01
3.030049524307250977e+02 1.357354507446289062e+02 2.352067375183105469e+01 7.105497741699218750e+01
3.024155654907226562e+02 1.351760559082031250e+02 2.304603576660156250e+01 7.148919677734375000e+01
3.025322446823120117e+02 1.348511238098144531e+02 2.354981422424316406e+01 7.248891448974609375e+01
3.024641866683959961e+02 1.342944679260253906e+02 2.371141242980957031e+01 7.166905975341796875e+01
2.993407096862792969e+02 1.338951797485351562e+02 2.580049896240234375e+01 7.176086425781250000e+01
2.999016780853271484e+02 1.337136535644531250e+02 2.542386245727539062e+01 7.257272338867187500e+01
2.996432266235351562e+02 1.339283332824707031e+02 2.573521423339843750e+01 7.135913848876953125e+01
2.995638265609741211e+02 1.339195022583007812e+02 2.568530464172363281e+01 7.131413269042968750e+01
3.008013544082641602e+02 1.339982109069824219e+02 2.578088188171386719e+01 7.128232574462890625e+01
3.006856718063354492e+02 1.352415161132812500e+02 2.544695472717285156e+01 6.974822998046875000e+01
3.009805259704589844e+02 1.362882041931152344e+02 2.662191009521484375e+01 6.900383758544921875e+01
2.990518207550048828e+02 1.384273910522460938e+02 2.862965011596679688e+01 6.466134643554687500e+01
2.973279676437377930e+02 1.382865562438964844e+02 2.998616981506347656e+01 6.564200592041015625e+01
2.963537874221801758e+02 1.385247497558593750e+02 3.136385154724121094e+01 6.700027465820312500e+01
2.953940086364746094e+02 1.374050712585449219e+02 3.256455230712890625e+01 6.768379974365234375e+01
2.939632129669189453e+02 1.370902023315429688e+02 3.201227951049804688e+01 6.904777526855468750e+01
2.954978656768798828e+02 1.344412536621093750e+02 3.142544174194335938e+01 7.187779235839843750e+01
2.926220550537109375e+02 1.365630760192871094e+02 3.002893066406250000e+01 6.979058074951171875e+01
2.896461505889892578e+02 1.363111572265625000e+02 3.056496810913085938e+01 6.815472412109375000e+01
2.871931209564208984e+02 1.352551841735839844e+02 3.240970230102539062e+01 7.014354705810546875e+01
2.831418142318725586e+02 1.361228141784667969e+02 2.984127998352050781e+01 6.853296661376953125e+01
2.814082412719726562e+02 1.380141258239746094e+02 3.080508422851562500e+01 6.084836578369140625e+01
2.796017417907714844e+02 1.364301338195800781e+02 2.947478485107421875e+01 6.928971099853515625e+01
2.782817983627319336e+02 1.342423248291015625e+02 3.079777717590332031e+01 7.196322631835937500e+01
2.782749671936035156e+02 1.337938919067382812e+02 2.970168304443359375e+01 7.331655883789062500e+01
2.743783769607543945e+02 1.341225814819335938e+02 3.008499717712402344e+01 7.210118103027343750e+01
2.714222097396850586e+02 1.336764106750488281e+02 2.997520637512207031e+01 7.278356170654296875e+01
2.688220758438110352e+02 1.343134994506835938e+02 2.841157341003417969e+01 7.097196960449218750e+01
2.669009389877319336e+02 1.354309577941894531e+02 2.690461921691894531e+01 7.226837921142578125e+01
2.643069410324096680e+02 1.363948593139648438e+02 2.446257972717285156e+01 6.991302490234375000e+01
2.638936939239501953e+02 1.364709281921386719e+02 2.124868392944335938e+01 7.304296112060546875e+01
2.597504835128784180e+02 1.348021659851074219e+02 2.413932228088378906e+01 7.104682159423828125e+01
2.568447637557983398e+02 1.337487907409667969e+02 2.718898200988769531e+01 7.518128204345703125e+01
2.529670991897583008e+02 1.317017021179199219e+02 3.032204246520996094e+01 7.672689056396484375e+01
2.473696689605712891e+02 1.307055549621582031e+02 3.493188095092773438e+01 7.753932952880859375e+01
2.478616914749145508e+02 1.319307975769042969e+02 3.181798362731933594e+01 7.665372467041015625e+01
2.448765316009521484e+02 1.326939048767089844e+02 3.011670303344726562e+01 7.746073150634765625e+01
2.412431468963623047e+02 1.335395240783691406e+02 2.993933486938476562e+01 7.652802276611328125e+01
2.381582345962524414e+02 1.337723922729492188e+02 2.734174919128417969e+01 7.163154602050781250e+01
2.326450567245483398e+02 1.349939460754394531e+02 2.897238349914550781e+01 6.894647979736328125e+01
2.303228883743286133e+02 1.326602134704589844e+02 2.844554710388183594e+01 7.699361419677734375e+01
2.255231552124023438e+02 1.326859931945800781e+02 3.091394042968750000e+01 7.644002532958984375e+01
2.250130500793457031e+02 1.315137100219726562e+02 2.995616912841796875e+01 7.956506347656250000e+01
2.198903884887695312e+02 1.315867156982421875e+02 3.232569885253906250e+01 7.785432434082031250e+01
2.166148967742919922e+02 1.317246627807617188e+02 3.222711563110351562e+01 7.828900146484375000e+01
2.138241567611694336e+02 1.328402328491210938e+02 3.189880561828613281e+01 7.900572204589843750e+01
2.104153470993041992e+02 1.338854179382324219e+02 2.896134376525878906e+01 7.667578887939453125e+01
2.071164436340332031e+02 1.344878082275390625e+02 2.664990997314453125e+01 7.301751708984375000e+01
2.061289014816284180e+02 1.347205123901367188e+02 2.368540382385253906e+01 7.783790588378906250e+01
2.011381063461303711e+02 1.330895347595214844e+02 2.556660652160644531e+01 7.737966156005859375e+01
1.974392919540405273e+02 1.320537567138671875e+02 2.911828804016113281e+01 7.947657775878906250e+01
1.932625751495361328e+02 1.309370155334472656e+02 3.461603927612304688e+01 8.185535430908203125e+01
1.864167098999023438e+02 1.290773468017578125e+02 3.728800964355468750e+01 8.258569335937500000e+01
1.798907566070556641e+02 1.319633140563964844e+02 4.252785873413085938e+01 8.082833099365234375e+01
1.777867984771728516e+02 1.314897346496582031e+02 4.220228195190429688e+01 8.241252899169921875e+01
1.751404647827148438e+02 1.328760032653808594e+02 3.964675903320312500e+01 8.085712432861328125e+01
1.715932064056396484e+02 1.322745742797851562e+02 3.718555068969726562e+01 8.139624023437500000e+01
1.660545711517333984e+02 1.328602981567382812e+02 3.428261184692382812e+01 8.024798583984375000e+01
1.665302257537841797e+02 1.321276741027832031e+02 3.236023330688476562e+01 8.133255767822265625e+01
1.659768905639648438e+02 1.321485328674316406e+02 3.134208679199218750e+01 8.125299835205078125e+01
1.637117633819580078e+02 1.321269912719726562e+02 3.109992599487304688e+01 8.160542297363281250e+01
1.567663860321044922e+02 1.318029823303222656e+02 3.652836990356445312e+01 8.255861663818359375e+01
1.519149360656738281e+02 1.361662712097167969e+02 4.047481536865234375e+01 7.842604827880859375e+01
1.477090663909912109e+02 1.374683990478515625e+02 4.358111953735351562e+01 7.833865356445312500e+01
1.449715251922607422e+02 1.377794113159179688e+02 4.425986099243164062e+01 7.854528808593750000e+01
1.376873855590820312e+02 1.359132347106933594e+02 4.432896423339843750e+01 8.015807342529296875e+01
1.413198394775390625e+02 1.374094467163085938e+02 3.608578491210937500e+01 7.958425903320312500e+01
1.385038547515869141e+02 1.355431327819824219e+02 3.527184677124023438e+01 7.959757232666015625e+01
1.389597349166870117e+02 1.374000358581542969e+02 2.788675880432128906e+01 8.004430389404296875e+01
1.345540914535522461e+02 1.363512611389160156e+02 3.157003974914550781e+01 8.081429290771484375e+01
1.336246423721313477e+02 1.360802536010742188e+02 3.054632377624511719e+01 8.083042907714843750e+01
1.322304191589355469e+02 1.355642852783203125e+02 3.169060516357421875e+01 8.084553527832031250e+01
1.289530830383300781e+02 1.360452766418457031e+02 3.192551422119140625e+01 8.076242828369140625e+01
1.298778305053710938e+02 1.366878623962402344e+02 3.069430541992187500e+01 8.062357330322265625e+01
1.277517414093017578e+02 1.378418998718261719e+02 3.129354476928710938e+01 7.994078826904296875e+01
1.283009691238403320e+02 1.390854606628417969e+02 3.003919029235839844e+01 7.818146514892578125e+01
1.282387981414794922e+02 1.397389945983886719e+02 2.936154556274414062e+01 7.714983367919921875e+01
1.279942588806152344e+02 1.402324562072753906e+02 2.907567596435546875e+01 7.660984039306640625e+01
1.281066303253173828e+02 1.402403488159179688e+02 2.887018966674804688e+01 7.641271972656250000e+01
1.273411684036254883e+02 1.402979736328125000e+02 2.955638694763183594e+01 7.656562805175781250e+01
1.284013824462890625e+02 1.396869354248046875e+02 2.972523498535156250e+01 7.659140014648437500e+01
1.281384019851684570e+02 1.393558959960937500e+02 3.080035972595214844e+01 7.807980346679687500e+01
1.297409248352050781e+02 1.379221916198730469e+02 3.081528472900390625e+01 7.789144134521484375e+01
1.295768489837646484e+02 1.363750534057617188e+02 3.207501602172851562e+01 8.000090026855468750e+01
1.288910007476806641e+02 1.356541328430175781e+02 3.422282028198242188e+01 8.136975860595703125e+01
1.286331310272216797e+02 1.346326026916503906e+02 3.478372573852539062e+01 8.357445526123046875e+01
1.314135856628417969e+02 1.347322769165039062e+02 3.466553497314453125e+01 8.306292724609375000e+01
1.300128574371337891e+02 1.348728866577148438e+02 3.862852096557617188e+01 8.262493896484375000e+01
1.324950923919677734e+02 1.341956329345703125e+02 3.901753616333007812e+01 8.414454650878906250e+01
1.348065681457519531e+02 1.342554588317871094e+02 3.831618499755859375e+01 8.352770233154296875e+01
1.407646217346191406e+02 1.333977775573730469e+02 3.445648956298828125e+01 8.464768218994140625e+01
1.451324195861816406e+02 1.342233200073242188e+02 3.296353912353515625e+01 8.358174133300781250e+01
1.473700084686279297e+02 1.343521995544433594e+02 2.985712051391601562e+01 8.454134368896484375e+01
1.511239271163940430e+02 1.326797370910644531e+02 3.010648536682128906e+01 8.599477386474609375e+01
1.535386571884155273e+02 1.316774749755859375e+02 2.938644599914550781e+01 8.754473876953125000e+01
1.509431114196777344e+02 1.312734870910644531e+02 3.242255401611328125e+01 8.890465545654296875e+01
1.535007591247558594e+02 1.315939178466796875e+02 3.342406463623046875e+01 8.788984680175781250e+01
1.551388454437255859e+02 1.330026016235351562e+02 3.352013015747070312e+01 8.629879760742187500e+01
1.582030506134033203e+02 1.334103584289550781e+02 3.279447555541992188e+01 8.613190460205078125e+01
1.630128669738769531e+02 1.339101791381835938e+02 3.011844635009765625e+01 8.601525878906250000e+01
1.680708503723144531e+02 1.340954475402832031e+02 2.823242950439453125e+01 8.480800628662109375e+01
1.730995483398437500e+02 1.338977661132812500e+02 2.827104187011718750e+01 8.640855407714843750e+01
1.764354591369628906e+02 1.325221939086914062e+02 3.082720184326171875e+01 8.799621582031250000e+01
1.783206949234008789e+02 1.312470474243164062e+02 3.098704338073730469e+01 8.879179382324218750e+01
1.770931606292724609e+02 1.295629234313964844e+02 3.391966629028320312e+01 9.064507293701171875e+01
1.794762458801269531e+02 1.298763656616210938e+02 3.513872528076171875e+01 8.987731933593750000e+01
1.790576915740966797e+02 1.302052841186523438e+02 3.853796768188476562e+01 8.972311401367187500e+01
1.836965484619140625e+02 1.293147544860839844e+02 3.750227355957031250e+01 9.052783966064453125e+01
1.859348583221435547e+02 1.293679695129394531e+02 3.863701248168945312e+01 9.066216278076171875e+01
1.888887119293212891e+02 1.325252799987792969e+02 4.106222152709960938e+01 8.750337982177734375e+01
1.962356891632080078e+02 1.320928649902343750e+02 3.783222579956054688e+01 8.804379272460937500e+01
1.963995075225830078e+02 1.299340667724609375e+02 3.190659713745117188e+01 8.950425720214843750e+01
2.064284791946411133e+02 1.320682029724121094e+02 3.031722068786621094e+01 8.441284942626953125e+01
2.082284593582153320e+02 1.311363258361816406e+02 2.761141014099121094e+01 8.855786895751953125e+01
2.073571491241455078e+02 1.335051689147949219e+02 3.065847396850585938e+01 8.706317901611328125e+01
2.093961143493652344e+02 1.321119308471679688e+02 3.450467681884765625e+01 8.671252441406250000e+01
2.105609264373779297e+02 1.302777938842773438e+02 3.809273147583007812e+01 8.989102172851562500e+01
2.126607151031494141e+02 1.307233428955078125e+02 3.979473495483398438e+01 8.811384582519531250e+01
2.168362674713134766e+02 1.313836364746093750e+02 3.699723434448242188e+01 8.936408996582031250e+01
2.225287132263183594e+02 1.321554565429687500e+02 3.380374908447265625e+01 8.875701904296875000e+01
2.284354763031005859e+02 1.318841056823730469e+02 3.285800552368164062e+01 8.804109954833984375e+01
2.345206623077392578e+02 1.314423446655273438e+02 2.933176803588867188e+01 8.631745910644531250e+01
2.384396009445190430e+02 1.320447616577148438e+02 2.525373268127441406e+01 8.735705566406250000e+01
2.411072959899902344e+02 1.315286178588867188e+02 2.473026275634765625e+01 8.870312500000000000e+01
2.448844690322875977e+02 1.308622741699218750e+02 3.115078544616699219e+01 8.886938476562500000e+01
2.444727306365966797e+02 1.303185501098632812e+02 3.393344497680664062e+01 8.855497741699218750e+01
2.470746078491210938e+02 1.299882011413574219e+02 3.449592590332031250e+01 8.956380462646484375e+01
2.511902866363525391e+02 1.312361488342285156e+02 3.102215194702148438e+01 8.893737030029296875e+01
2.567301654815673828e+02 1.318981208801269531e+02 2.861732101440429688e+01 8.808664703369140625e+01
2.595414094924926758e+02 1.329629440307617188e+02 3.032169151306152344e+01 8.759886169433593750e+01
2.635665206909179688e+02 1.323703498840332031e+02 2.989216613769531250e+01 8.700574493408203125e+01
2.656707706451416016e+02 1.317711753845214844e+02 2.941065597534179688e+01 8.830550384521484375e+01
2.645736083984375000e+02 1.326267395019531250e+02 3.190864562988281250e+01 8.769474792480468750e+01
2.651596546173095703e+02 1.315135345458984375e+02 3.400512313842773438e+01 8.956190490722656250e+01
2.699016513824462891e+02 1.292209091186523438e+02 3.562284469604492188e+01 9.113024902343750000e+01
2.745090627670288086e+02 1.295578536987304688e+02 3.104919624328613281e+01 9.012971496582031250e+01
2.811372241973876953e+02 1.304983024597167969e+02 2.632081222534179688e+01 9.000678253173828125e+01
2.864153766632080078e+02 1.323235359191894531e+02 2.367296981811523438e+01 8.964162445068359375e+01
2.861483612060546875e+02 1.345458106994628906e+02 2.433674621582031250e+01 8.742363739013671875e+01
2.899865064620971680e+02 1.334443740844726562e+02 2.620704078674316406e+01 8.722311401367187500e+01
2.914831047058105469e+02 1.330747146606445312e+02 3.090743255615234375e+01 8.740817260742187500e+01
2.935344638824462891e+02 1.319936103820800781e+02 3.311146163940429688e+01 8.581745147705078125e+01
2.948810214996337891e+02 1.314536819458007812e+02 3.544768905639648438e+01 8.407371520996093750e+01
2.965103969573974609e+02 1.300569114685058594e+02 3.604095840454101562e+01 8.776247406005859375e+01
3.009724159240722656e+02 1.326582603454589844e+02 3.222293853759765625e+01 8.301462554931640625e+01
3.033588066101074219e+02 1.335065155029296875e+02 3.125080108642578125e+01 8.087408447265625000e+01
3.064477252960205078e+02 1.350852851867675781e+02 2.880694198608398438e+01 8.496094512939453125e+01
3.091228971481323242e+02 1.346088943481445312e+02 2.705715370178222656e+01 8.421629333496093750e+01
3.110892686843872070e+02 1.357817039489746094e+02 2.827562522888183594e+01 8.100090789794921875e+01
3.121949748992919922e+02 1.355181121826171875e+02 2.949356460571289062e+01 7.630879211425781250e+01
3.137907848358154297e+02 1.334452743530273438e+02 2.947143936157226562e+01 8.482440185546875000e+01
3.140337820053100586e+02 1.319882621765136719e+02 3.143889045715332031e+01 8.664974212646484375e+01
3.153309631347656250e+02 1.311164207458496094e+02 3.243908691406250000e+01 8.728234100341796875e+01
3.167908802032470703e+02 1.311594009399414062e+02 3.100915145874023438e+01 8.678511047363281250e+01
3.185040102005004883e+02 1.308915824890136719e+02 2.945642662048339844e+01 8.582053375244140625e+01
3.190306701660156250e+02 1.326505584716796875e+02 2.942346191406250000e+01 8.374453735351562500e+01
3.205637760162353516e+02 1.344865646362304688e+02 2.786878585815429688e+01 8.254521179199218750e+01
3.216847963333129883e+02 1.360013732910156250e+02 2.659634971618652344e+01 8.067048645019531250e+01
3.209982671737670898e+02 1.381561393737792969e+02 2.679487800598144531e+01 7.871004486083984375e+01
3.227757053375244141e+02 1.355189552307128906e+02 2.572539901733398438e+01 7.993779754638671875e+01
3.231498441696166992e+02 1.373588218688964844e+02 2.429172706604003906e+01 7.955637359619140625e+01
3.238531970977783203e+02 1.354517936706542969e+02 2.512595748901367188e+01 7.970897674560546875e+01
3.233280010223388672e+02 1.350687599182128906e+02 2.509161758422851562e+01 8.145362091064453125e+01
3.215225191116333008e+02 1.345044784545898438e+02 2.692894554138183594e+01 8.125531005859375000e+01
3.199487066268920898e+02 1.339306411743164062e+02 2.960508918762207031e+01 8.022409057617187500e+01
3.189465341567993164e+02 1.341658020019531250e+02 3.182208061218261719e+01 7.976939392089843750e+01
3.183665409088134766e+02 1.351771240234375000e+02 3.220135116577148438e+01 7.919238281250000000e+01
3.170573062896728516e+02 1.357800712585449219e+02 3.427965927124023438e+01 7.814043426513671875e+01
3.155965518951416016e+02 1.358193893432617188e+02 3.370437240600585938e+01 7.763398742675781250e+01
3.120866680145263672e+02 1.358141708374023438e+02 3.652804946899414062e+01 7.699212646484375000e+01
3.082424583435058594e+02 1.345617103576660156e+02 3.845180511474609375e+01 7.757915496826171875e+01
3.151915378570556641e+02 1.332935333251953125e+02 3.016073226928710938e+01 7.905474853515625000e+01
3.139224014282226562e+02 1.325318794250488281e+02 2.922724914550781250e+01 7.967478179931640625e+01
3.131222696304321289e+02 1.327700271606445312e+02 2.821168327331542969e+01 7.882656860351562500e+01
3.143718147277832031e+02 1.321659965515136719e+02 2.668372344970703125e+01 7.859467315673828125e+01
3.138462095260620117e+02 1.337836723327636719e+02 2.698729896545410156e+01 7.887425994873046875e+01
3.146514005661010742e+02 1.335723190307617188e+02 2.533761024475097656e+01 7.820021057128906250e+01
3.151098289489746094e+02 1.337988471984863281e+02 2.340540313720703125e+01 7.721407318115234375e+01
3.170217714309692383e+02 1.329489746093750000e+02 2.129247093200683594e+01 7.669999694824218750e+01
3.145353813171386719e+02 1.321534080505371094e+02 2.149602508544921875e+01 7.745207977294921875e+01
3.124843883514404297e+02 1.317806053161621094e+02 2.310496902465820312e+01 7.687877655029296875e+01
3.103919458389282227e+02 1.328897361755371094e+02 2.585920524597167969e+01 7.598967742919921875e+01
3.078293886184692383e+02 1.339419326782226562e+02 3.028059959411621094e+01 7.461950683593750000e+01
3.080660934448242188e+02 1.343995819091796875e+02 2.842005920410156250e+01 7.516923522949218750e+01
3.065532531738281250e+02 1.372032699584960938e+02 2.775808715820312500e+01 7.023098754882812500e+01
3.069699754714965820e+02 1.376477279663085938e+02 2.782962608337402344e+01 7.067190551757812500e+01
3.069588212966918945e+02 1.379731864929199219e+02 2.983894920349121094e+01 7.104914093017578125e+01
3.099419145584106445e+02 1.366985969543457031e+02 2.917020225524902344e+01 7.304755401611328125e+01
3.091630201339721680e+02 1.364874534606933594e+02 3.169301795959472656e+01 7.230600738525390625e+01
3.115163927078247070e+02 1.353569030761718750e+02 3.077252769470214844e+01 7.347619628906250000e+01
3.139195528030395508e+02 1.349370307922363281e+02 2.989536094665527344e+01 7.354830169677734375e+01
3.147376403808593750e+02 1.346314926147460938e+02 2.944982910156250000e+01 7.399423217773437500e+01
3.150668144226074219e+02 1.345143508911132812e+02 2.945177459716796875e+01 7.480145263671875000e+01
3.164898214340209961e+02 1.343242988586425781e+02 2.898611640930175781e+01 7.419844818115234375e+01
3.173921375274658203e+02 1.346515693664550781e+02 2.884315109252929688e+01 7.463694000244140625e+01
3.195114927291870117e+02 1.351368179321289062e+02 2.936614418029785156e+01 7.379913330078125000e+01
3.224475488662719727e+02 1.367371406555175781e+02 2.828483390808105469e+01 7.036859893798828125e+01
3.232114915847778320e+02 1.403199234008789062e+02 3.059259605407714844e+01 6.702767944335937500e+01
3.226796836853027344e+02 1.416732254028320312e+02 3.136406707763671875e+01 6.418414306640625000e+01
3.250893888473510742e+02 1.441523056030273438e+02 2.988538551330566406e+01 6.304515075683593750e+01
3.270380849838256836e+02 1.442020778656005859e+02 2.932872200012207031e+01 6.396646499633789062e+01
3.286369342803955078e+02 1.457812633514404297e+02 2.691274642944335938e+01 6.219084548950195312e+01
3.298959293365478516e+02 1.444399852752685547e+02 2.710721969604492188e+01 6.388664627075195312e+01
3.298889179229736328e+02 1.434462623596191406e+02 2.670743942260742188e+01 6.485945892333984375e+01
3.292566928863525391e+02 1.416090850830078125e+02 2.724317550659179688e+01 6.726335144042968750e+01
3.296692962646484375e+02 1.395591888427734375e+02 2.647642517089843750e+01 6.874691772460937500e+01
3.304745121002197266e+02 1.381762542724609375e+02 2.486178207397460938e+01 6.975668334960937500e+01
3.314262456893920898e+02 1.356419754028320312e+02 2.347401618957519531e+01 7.129067993164062500e+01
3.306990604400634766e+02 1.350627365112304688e+02 2.299041366577148438e+01 7.205271911621093750e+01
3.297431354522705078e+02 1.334759025573730469e+02 2.285284042358398438e+01 7.236162567138671875e+01
3.292877931594848633e+02 1.341804962158203125e+02 2.292911338806152344e+01 7.216087341308593750e+01
3.300336303710937500e+02 1.340763244628906250e+02 2.253031921386718750e+01 7.246023559570312500e+01
3.283177518844604492e+02 1.360914993286132812e+02 2.392684364318847656e+01 7.067019653320312500e+01
3.289126205444335938e+02 1.371121788024902344e+02 2.284051513671875000e+01 6.999498748779296875e+01
3.303510150909423828e+02 1.385319595336914062e+02 2.245252609252929688e+01 6.892785644531250000e+01
3.257873725891113281e+02 1.394757347106933594e+02 2.489347076416015625e+01 6.699765777587890625e+01
3.297496013641357422e+02 1.394668273925781250e+02 2.308024978637695312e+01 6.750180053710937500e+01
3.301557312011718750e+02 1.401279754638671875e+02 2.185281372070312500e+01 6.701502990722656250e+01
3.292568569183349609e+02 1.403099060058593750e+02 2.178216934204101562e+01 6.555303955078125000e+01
3.298043556213378906e+02 1.396318626403808594e+02 2.176970672607421875e+01 6.838768768310546875e+01
3.298746137619018555e+02 1.373894691467285156e+02 2.107305335998535156e+01 7.008771514892578125e+01
3.295838861465454102e+02 1.361768455505371094e+02 2.195928764343261719e+01 7.233982086181640625e+01
3.273612670898437500e+02 1.354875221252441406e+02 2.359751892089843750e+01 7.243682098388671875e+01
3.257546882629394531e+02 1.294110794067382812e+02 2.526696014404296875e+01 7.819721984863281250e+01
3.250527620315551758e+02 1.319364166259765625e+02 2.564095115661621094e+01 7.427523803710937500e+01
3.265127277374267578e+02 1.331327590942382812e+02 2.344172286987304688e+01 7.147120666503906250e+01
3.249519577026367188e+02 1.316535072326660156e+02 2.354928588867187500e+01 7.296431732177734375e+01
3.240328006744384766e+02 1.352753791809082031e+02 2.319370651245117188e+01 6.944594573974609375e+01
3.252326211929321289e+02 1.326394500732421875e+02 2.182742118835449219e+01 7.355328369140625000e+01
3.229696378707885742e+02 1.357363891601562500e+02 2.359041786193847656e+01 7.074050903320312500e+01
3.238697843551635742e+02 1.378160476684570312e+02 2.238569068908691406e+01 6.805107116699218750e+01
3.234139785766601562e+02 1.389666976928710938e+02 2.182846069335937500e+01 6.795545959472656250e+01
3.229145021438598633e+02 1.406985282897949219e+02 2.191394615173339844e+01 6.666043853759765625e+01
3.253023509979248047e+02 1.401068038940429688e+02 2.047784805297851562e+01 6.510514831542968750e+01
3.241161422729492188e+02 1.367181549072265625e+02 2.116166687011718750e+01 6.969378662109375000e+01
3.238120937347412109e+02 1.358927383422851562e+02 2.160345840454101562e+01 6.989646911621093750e+01
3.238099298477172852e+02 1.348560562133789062e+02 2.084264945983886719e+01 7.248379516601562500e+01
3.260001354217529297e+02 1.342997817993164062e+02 1.951524734497070312e+01 7.328033447265625000e+01
3.230434398651123047e+02 1.324811058044433594e+02 2.130350112915039062e+01 7.455161285400390625e+01
3.240040216445922852e+02 1.335696792602539062e+02 2.187159538269042969e+01 7.341839599609375000e+01
3.244030160903930664e+02 1.329276390075683594e+02 2.379673576354980469e+01 7.410861968994140625e+01
3.241668415069580078e+02 1.338405532836914062e+02 2.561625289916992188e+01 7.279336547851562500e+01
3.252024917602539062e+02 1.345451431274414062e+02 2.650590515136718750e+01 7.189294433593750000e+01
3.239393749237060547e+02 1.344193687438964844e+02 2.678995132446289062e+01 7.232352447509765625e+01
3.226561317443847656e+02 1.338323554992675781e+02 2.809568023681640625e+01 7.324358367919921875e+01
3.208070487976074219e+02 1.335986061096191406e+02 2.966382598876953125e+01 7.358609771728515625e+01
3.209909343719482422e+02 1.326005859375000000e+02 2.948930740356445312e+01 7.425793457031250000e+01
3.214297533035278320e+02 1.324112701416015625e+02 2.824455833435058594e+01 7.437767028808593750e+01
3.206779432296752930e+02 1.328417205810546875e+02 2.832929420471191406e+01 7.327838134765625000e+01
3.225943994522094727e+02 1.326149482727050781e+02 2.613134574890136719e+01 7.476407623291015625e+01
3.216171550750732422e+02 1.340689735412597656e+02 2.495306777954101562e+01 7.340644073486328125e+01
3.214829912185668945e+02 1.337621498107910156e+02 2.416339683532714844e+01 7.217888641357421875e+01
3.202245540618896484e+02 1.336616668701171875e+02 2.399376296997070312e+01 7.215359497070312500e+01
3.215903129577636719e+02 1.336183967590332031e+02 2.313343048095703125e+01 7.315795135498046875e+01
3.191007528305053711e+02 1.341283607482910156e+02 2.410226631164550781e+01 7.172154998779296875e+01
3.210174474716186523e+02 1.336406402587890625e+02 2.315762519836425781e+01 7.393086242675781250e+01
3.177458057403564453e+02 1.338089065551757812e+02 2.520658493041992188e+01 7.159994506835937500e+01
3.189780530929565430e+02 1.332718620300292969e+02 2.556588172912597656e+01 7.053566741943359375e+01
3.179464702606201172e+02 1.333122673034667969e+02 2.482876968383789062e+01 7.186817169189453125e+01
3.180212221145629883e+02 1.333996200561523438e+02 2.430251121520996094e+01 7.280310058593750000e+01
3.161274747848510742e+02 1.343715667724609375e+02 2.527274513244628906e+01 7.235998535156250000e+01
3.163673801422119141e+02 1.333498725891113281e+02 2.515215682983398438e+01 7.297977447509765625e+01
3.163163995742797852e+02 1.346006088256835938e+02 2.428364372253417969e+01 7.335859680175781250e+01
3.157263565063476562e+02 1.353439674377441406e+02 2.510350036621093750e+01 7.222327423095703125e+01
3.145835771560668945e+02 1.356082038879394531e+02 2.534642601013183594e+01 7.195325469970703125e+01
3.135559329986572266e+02 1.362916908264160156e+02 2.523211288452148438e+01 7.089266204833984375e+01
3.139801330566406250e+02 1.364166603088378906e+02 2.387980651855468750e+01 7.017322540283203125e+01
3.122116613388061523e+02 1.362079391479492188e+02 2.376800727844238281e+01 7.051922607421875000e+01
3.118684835433959961e+02 1.360302352905273438e+02 2.317444038391113281e+01 7.121029663085937500e+01
3.070290279388427734e+02 1.357507972717285156e+02 2.661046218872070312e+01 7.070427703857421875e+01
3.106693553924560547e+02 1.352830734252929688e+02 2.290510940551757812e+01 7.232398986816406250e+01
3.081779413223266602e+02 1.358485603332519531e+02 2.344460868835449219e+01 7.165151214599609375e+01
3.085572500228881836e+02 1.355060920715332031e+02 2.243525886535644531e+01 7.259885406494140625e+01
3.079270696640014648e+02 1.363548507690429688e+02 2.274719429016113281e+01 7.180288696289062500e+01
3.075090904235839844e+02 1.373735160827636719e+02 2.379326629638671875e+01 7.129465484619140625e+01
3.066663818359375000e+02 1.373381080627441406e+02 2.438244628906250000e+01 6.887078094482421875e+01
3.080039367675781250e+02 1.382387771606445312e+02 2.334707641601562500e+01 6.845097351074218750e+01
3.086884231567382812e+02 1.389542388916015625e+02 2.292367553710937500e+01 7.018093872070312500e+01
3.092814321517944336e+02 1.376409645080566406e+02 2.237938117980957031e+01 6.962532806396484375e+01
3.065835504531860352e+02 1.380174560546875000e+02 2.616895866394042969e+01 7.050755310058593750e+01
3.045179395675659180e+02 1.373380546569824219e+02 2.666979408264160156e+01 7.145470428466796875e+01
3.029779539108276367e+02 1.357308807373046875e+02 3.017321205139160156e+01 7.081161499023437500e+01
3.028835325241088867e+02 1.348864097595214844e+02 2.994797706604003906e+01 7.269889068603515625e+01
3.056676588058471680e+02 1.343499794006347656e+02 2.858878517150878906e+01 7.299541473388671875e+01
3.075572614669799805e+02 1.344813117980957031e+02 2.858890724182128906e+01 7.338864898681640625e+01
3.056263999938964844e+02 1.349231338500976562e+02 3.122010040283203125e+01 7.331436157226562500e+01
3.074664335250854492e+02 1.345470962524414062e+02 3.143371009826660156e+01 7.311561584472656250e+01
3.064264507293701172e+02 1.362477188110351562e+02 3.286233901977539062e+01 7.174578857421875000e+01
3.085715160369873047e+02 1.352215080261230469e+02 3.105156326293945312e+01 7.263129425048828125e+01
3.098604679107666016e+02 1.362076606750488281e+02 2.888888168334960938e+01 7.066454315185546875e+01
3.126807441711425781e+02 1.364154891967773438e+02 2.563167572021484375e+01 7.024703979492187500e+01
3.132715206146240234e+02 1.359802398681640625e+02 2.501333999633789062e+01 7.028697204589843750e+01
3.128748521804809570e+02 1.364662704467773438e+02 2.525194358825683594e+01 7.013107299804687500e+01
3.125226354598999023e+02 1.360812606811523438e+02 2.447758674621582031e+01 7.036318969726562500e+01
3.133301830291748047e+02 1.356790161132812500e+02 2.547449111938476562e+01 7.100347900390625000e+01
3.090862426757812500e+02 1.346874198913574219e+02 2.740762329101562500e+01 7.172156524658203125e+01
3.082562112808227539e+02 1.351225166320800781e+02 2.772987174987792969e+01 7.098572540283203125e+01
3.081781921386718750e+02 1.352132835388183594e+02 2.794473266601562500e+01 7.086594390869140625e+01
3.080933942794799805e+02 1.353681488037109375e+02 2.811913490295410156e+01 7.146316528320312500e+01
3.086366271972656250e+02 1.355747184753417969e+02 2.648324584960937500e+01 7.077532196044921875e+01
3.097721138000488281e+02 1.353715591430664062e+02 2.438236236572265625e+01 7.104768371582031250e+01
3.107820835113525391e+02 1.353937377929687500e+02 2.456498336791992188e+01 7.064688110351562500e+01
3.100799055099487305e+02 1.353851661682128906e+02 2.200850868225097656e+01 7.076662445068359375e+01
3.095799007415771484e+02 1.341884994506835938e+02 2.187233352661132812e+01 7.088436889648437500e+01
3.091782379150390625e+02 1.338468055725097656e+02 2.034049987792968750e+01 7.197486114501953125e+01
3.098354730606079102e+02 1.335475311279296875e+02 1.931043815612792969e+01 7.355165100097656250e+01
3.090229787826538086e+02 1.338297691345214844e+02 1.970054817199707031e+01 7.291077423095703125e+01
3.116096267700195312e+02 1.354585113525390625e+02 1.781054687500000000e+01 7.187136840820312500e+01
3.096034936904907227e+02 1.355737953186035156e+02 1.910819816589355469e+01 7.131034088134765625e+01
3.112418651580810547e+02 1.353457031250000000e+02 1.865108108520507812e+01 7.114366149902343750e+01
3.094905967712402344e+02 1.350550460815429688e+02 2.033152008056640625e+01 7.069396972656250000e+01
3.096296691894531250e+02 1.345884819030761719e+02 2.057731628417968750e+01 7.169539642333984375e+01
3.092847433090209961e+02 1.345107498168945312e+02 2.188499641418457031e+01 7.059608459472656250e+01
3.096906585693359375e+02 1.335020446777343750e+02 2.295077514648437500e+01 7.082504272460937500e+01
3.100142230987548828e+02 1.338440399169921875e+02 2.288190841674804688e+01 6.963235473632812500e+01
3.119140834808349609e+02 1.342919425964355469e+02 2.203818130493164062e+01 6.995505523681640625e+01
3.120163393020629883e+02 1.367622032165527344e+02 2.146036338806152344e+01 6.825917816162109375e+01
3.121295843124389648e+02 1.379846572875976562e+02 2.025471687316894531e+01 6.651518249511718750e+01
3.126162919998168945e+02 1.388009757995605469e+02 2.031789207458496094e+01 6.644887542724609375e+01
3.133547897338867188e+02 1.380127105712890625e+02 1.974087524414062500e+01 6.625694274902343750e+01
3.135172929763793945e+02 1.363934402465820312e+02 1.863214683532714844e+01 6.839247131347656250e+01
3.130070667266845703e+02 1.349317169189453125e+02 2.030904769897460938e+01 6.995454406738281250e+01
3.105671558380126953e+02 1.372127685546875000e+02 2.194126510620117188e+01 6.881242370605468750e+01
3.106896324157714844e+02 1.330221824645996094e+02 2.177121734619140625e+01 7.121723175048828125e+01
3.072523612976074219e+02 1.264916839599609375e+02 2.387009429931640625e+01 7.818997192382812500e+01
3.077270669937133789e+02 1.278975715637207031e+02 2.296926689147949219e+01 7.588552093505859375e+01
3.088144435882568359e+02 1.325957145690917969e+02 2.203610610961914062e+01 6.992270660400390625e+01
3.077512731552124023e+02 1.298398132324218750e+02 2.185991096496582031e+01 7.045654296875000000e+01
3.080210733413696289e+02 1.358349571228027344e+02 2.153947257995605469e+01 6.566854095458984375e+01
3.082853069305419922e+02 1.365674858093261719e+02 2.076495742797851562e+01 6.719306182861328125e+01
3.067647962570190430e+02 1.329843330383300781e+02 2.125856971740722656e+01 7.004596710205078125e+01
3.059984836578369141e+02 1.383128509521484375e+02 2.237228012084960938e+01 6.643331909179687500e+01
3.057936601638793945e+02 1.409382343292236328e+02 2.137628746032714844e+01 6.241013717651367188e+01
3.074328765869140625e+02 1.373947296142578125e+02 2.074378967285156250e+01 6.649531555175781250e+01
3.077394819259643555e+02 1.398457756042480469e+02 2.065697669982910156e+01 6.445897674560546875e+01
3.076268968582153320e+02 1.359793319702148438e+02 2.023735618591308594e+01 6.867546081542968750e+01
3.068166589736938477e+02 1.361850357055664062e+02 2.094622611999511719e+01 6.877673339843750000e+01
3.067663011550903320e+02 1.357805862426757812e+02 2.163046836853027344e+01 6.741708374023437500e+01
3.053807754516601562e+02 1.357982482910156250e+02 2.278262329101562500e+01 6.827290344238281250e+01
3.050616836547851562e+02 1.347852439880371094e+02 2.511193847656250000e+01 6.926253509521484375e+01
3.056992683410644531e+02 1.340772666931152344e+02 2.565966033935546875e+01 7.040073394775390625e+01
3.040419626235961914e+02 1.337407875061035156e+02 2.774444389343261719e+01 7.100872039794921875e+01
3.048553667068481445e+02 1.341659774780273438e+02 2.731815147399902344e+01 7.087380981445312500e+01
3.035794725418090820e+02 1.338280601501464844e+02 2.826735496520996094e+01 7.132440948486328125e+01
3.041360969543457031e+02 1.344388809204101562e+02 2.689517974853515625e+01 7.082289123535156250e+01
3.044371700286865234e+02 1.339137649536132812e+02 2.751933670043945312e+01 7.135202026367187500e+01
3.044841108322143555e+02 1.337775993347167969e+02 2.687470436096191406e+01 6.985114288330078125e+01
3.047541093826293945e+02 1.340411071777343750e+02 2.534378623962402344e+01 6.971832275390625000e+01
3.046646108627319336e+02 1.347518539428710938e+02 2.445244026184082031e+01 7.008502197265625000e+01
3.056353130340576172e+02 1.338780975341796875e+02 2.263414382934570312e+01 7.055081176757812500e+01
3.053647041320800781e+02 1.344307518005371094e+02 2.219972991943359375e+01 7.090584564208984375e+01
3.055999832153320312e+02 1.351394042968750000e+02 2.178382873535156250e+01 6.950483703613281250e+01
3.056749038696289062e+02 1.354402694702148438e+02 2.216413879394531250e+01 6.930406188964843750e+01
3.049551887512207031e+02 1.351545066833496094e+02 2.275406646728515625e+01 6.857012176513671875e+01
3.063659830093383789e+02 1.356981887817382812e+02 2.182540702819824219e+01 7.017607116699218750e+01
3.049959669113159180e+02 1.356109161376953125e+02 2.310634803771972656e+01 6.912336730957031250e+01
3.061932544708251953e+02 1.350772171020507812e+02 2.191912460327148438e+01 6.923730468750000000e+01
3.077177505493164062e+02 1.351471176147460938e+02 2.142492675781250000e+01 6.777017211914062500e+01
3.059193181991577148e+02 1.349800376892089844e+02 2.257644844055175781e+01 6.899391937255859375e+01
3.080038280487060547e+02 1.361118927001953125e+02 2.197642898559570312e+01 6.903854370117187500e+01
3.076661415100097656e+02 1.350047798156738281e+02 2.248494720458984375e+01 6.858115386962890625e+01
3.072682085037231445e+02 1.360146102905273438e+02 2.317786216735839844e+01 6.903935241699218750e+01
3.089978103637695312e+02 1.357404937744140625e+02 2.347920227050781250e+01 6.818257141113281250e+01
3.085950231552124023e+02 1.368546447753906250e+02 2.453437995910644531e+01 6.749139404296875000e+01
3.093396377563476562e+02 1.373374671936035156e+02 2.637780761718750000e+01 6.689582061767578125e+01
3.091350612640380859e+02 1.379543113708496094e+02 2.655806350708007812e+01 6.730800628662109375e+01
3.110753450393676758e+02 1.368772583007812500e+02 2.622896385192871094e+01 6.734327697753906250e+01
3.112740125656127930e+02 1.371534538269042969e+02 2.918172645568847656e+01 6.805178070068359375e+01
3.094419832229614258e+02 1.367152786254882812e+02 3.082040977478027344e+01 6.766751098632812500e+01
3.123690452575683594e+02 1.368291053771972656e+02 3.150579071044921875e+01 6.782622528076171875e+01
3.101687965393066406e+02 1.369563636779785156e+02 3.377976226806640625e+01 6.877068328857421875e+01
3.094761428833007812e+02 1.373581123352050781e+02 3.718377685546875000e+01 6.906249237060546875e+01
3.114992752075195312e+02 1.370820159912109375e+02 3.742260742187500000e+01 6.945701599121093750e+01
3.130490283966064453e+02 1.372384948730468750e+02 3.555646896362304688e+01 6.917805480957031250e+01
3.138888206481933594e+02 1.382322082519531250e+02 3.409000396728515625e+01 6.916212463378906250e+01
3.179297037124633789e+02 1.383330764770507812e+02 3.023274040222167969e+01 6.902870178222656250e+01
3.176977663040161133e+02 1.376880607604980469e+02 2.940546226501464844e+01 7.001636505126953125e+01
3.226277017593383789e+02 1.350618553161621094e+02 2.736813163757324219e+01 7.293502044677734375e+01
3.247873516082763672e+02 1.342962188720703125e+02 2.468584060668945312e+01 7.277563476562500000e+01
3.274421138763427734e+02 1.332382392883300781e+02 2.314157485961914062e+01 7.350879669189453125e+01
3.278241291046142578e+02 1.332867927551269531e+02 2.239959335327148438e+01 7.539809417724609375e+01
3.320069637298583984e+02 1.333743362426757812e+02 1.936661148071289062e+01 7.562231445312500000e+01
3.300402526855468750e+02 1.353885345458984375e+02 2.157914733886718750e+01 7.348056030273437500e+01
3.346583957672119141e+02 1.330494995117187500e+02 1.932178878784179688e+01 7.819639587402343750e+01
3.357221870422363281e+02 1.326272544860839844e+02 1.985259246826171875e+01 7.837316131591796875e+01
3.360706930160522461e+02 1.397255020141601562e+02 2.063330268859863281e+01 7.074905395507812500e+01
3.374294033050537109e+02 1.360456809997558594e+02 2.151134109497070312e+01 7.255893707275390625e+01
3.370345630645751953e+02 1.359330825805664062e+02 2.306637191772460938e+01 7.306665039062500000e+01
3.390498027801513672e+02 1.341090621948242188e+02 2.443581008911132812e+01 7.353852844238281250e+01
3.363775978088378906e+02 1.358709907531738281e+02 2.869008636474609375e+01 7.329141998291015625e+01
3.376510868072509766e+02 1.342497329711914062e+02 2.899029159545898438e+01 7.365704345703125000e+01
3.365893516540527344e+02 1.323988571166992188e+02 3.076685333251953125e+01 7.724270629882812500e+01
3.394673223495483398e+02 1.333309516906738281e+02 2.904736518859863281e+01 7.266347503662109375e+01
3.420072746276855469e+02 1.361355667114257812e+02 2.674094390869140625e+01 7.384156799316406250e+01
3.423934850692749023e+02 1.374738998413085938e+02 2.744130134582519531e+01 7.398101806640625000e+01
3.412678890228271484e+02 1.384232597351074219e+02 2.924893569946289062e+01 7.281491851806640625e+01
3.430264539718627930e+02 1.388245010375976562e+02 2.832541847229003906e+01 7.325772094726562500e+01
3.407440786361694336e+02 1.394194984436035156e+02 3.005056953430175781e+01 7.072995758056640625e+01
3.424513940811157227e+02 1.391216850280761719e+02 2.917114067077636719e+01 7.302115631103515625e+01
3.423275709152221680e+02 1.390178756713867188e+02 2.882320594787597656e+01 7.257432556152343750e+01
3.456432323455810547e+02 1.383139533996582031e+02 2.616887283325195312e+01 7.447414398193359375e+01
3.422171602249145508e+02 1.389052658081054688e+02 2.977333641052246094e+01 7.428089904785156250e+01
3.417782173156738281e+02 1.375635719299316406e+02 2.991902923583984375e+01 7.495384979248046875e+01
3.437108697891235352e+02 1.377877159118652344e+02 2.795293998718261719e+01 7.521991729736328125e+01
3.433209714889526367e+02 1.385531654357910156e+02 2.776062965393066406e+01 7.459445953369140625e+01
3.436106386184692383e+02 1.383756446838378906e+02 2.821402549743652344e+01 7.492440032958984375e+01
3.432970571517944336e+02 1.380239753723144531e+02 2.946060371398925781e+01 7.500955963134765625e+01
3.424186086654663086e+02 1.371565780639648438e+02 2.899530220031738281e+01 7.601268005371093750e+01
3.419953861236572266e+02 1.363089332580566406e+02 3.032978439331054688e+01 7.695966339111328125e+01
3.406760044097900391e+02 1.277064971923828125e+02 3.278763961791992188e+01 8.534141540527343750e+01
3.386890659332275391e+02 1.254926414489746094e+02 3.373408126831054688e+01 8.873261260986328125e+01
3.369778976440429688e+02 1.282452926635742188e+02 3.272735595703125000e+01 8.611453247070312500e+01
3.368681240081787109e+02 1.275768775939941406e+02 3.113753128051757812e+01 8.422246551513671875e+01
3.349205369949340820e+02 1.289606246948242188e+02 3.092903709411621094e+01 8.299754333496093750e+01
3.350415096282958984e+02 1.303675804138183594e+02 2.903422927856445312e+01 8.070972442626953125e+01
3.354378786087036133e+02 1.354631843566894531e+02 2.639855003356933594e+01 7.670552825927734375e+01
3.345582923889160156e+02 1.294682350158691406e+02 2.575574493408203125e+01 8.242168426513671875e+01
3.360407123565673828e+02 1.339491653442382812e+02 2.394956588745117188e+01 8.112876892089843750e+01
3.343310461044311523e+02 1.359907798767089844e+02 2.420373725891113281e+01 7.832364654541015625e+01
3.350475769042968750e+02 1.356749458312988281e+02 2.406985473632812500e+01 7.761023712158203125e+01
3.342197961807250977e+02 1.336339721679687500e+02 2.385488700866699219e+01 8.020776367187500000e+01
3.351944656372070312e+02 1.330798721313476562e+02 2.335098266601562500e+01 8.139265441894531250e+01
3.372962636947631836e+02 1.327824668884277344e+02 2.123869514465332031e+01 8.178852081298828125e+01
3.381621980667114258e+02 1.314257011413574219e+02 2.132346153259277344e+01 8.222451019287109375e+01
3.344710731506347656e+02 1.312215728759765625e+02 2.458257293701171875e+01 8.217555236816406250e+01
3.361090240478515625e+02 1.324658927917480469e+02 2.607884216308593750e+01 8.163927459716796875e+01
3.357131376266479492e+02 1.324779777526855469e+02 2.917199134826660156e+01 7.988806915283203125e+01
3.364433612823486328e+02 1.330662994384765625e+02 3.037505722045898438e+01 8.054344177246093750e+01
3.345344648361206055e+02 1.331667289733886719e+02 3.166391944885253906e+01 7.951197052001953125e+01
3.347194223403930664e+02 1.331631164550781250e+02 3.080131340026855469e+01 8.087222290039062500e+01
3.366362934112548828e+02 1.323879508972167969e+02 3.233616256713867188e+01 8.002869415283203125e+01
3.363413963317871094e+02 1.334942436218261719e+02 3.214125823974609375e+01 7.832244110107421875e+01
3.348851900100708008e+02 1.335732841491699219e+02 3.143247032165527344e+01 7.971706390380859375e+01
3.366051158905029297e+02 1.328188667297363281e+02 2.844060134887695312e+01 8.061386871337890625e+01
3.354718284606933594e+02 1.334781265258789062e+02 2.684197235107421875e+01 8.047340393066406250e+01
3.360781345367431641e+02 1.329205245971679688e+02 2.466569137573242188e+01 8.049725341796875000e+01
3.359784460067749023e+02 1.337740859985351562e+02 2.430313301086425781e+01 7.890255737304687500e+01
3.369952859878540039e+02 1.346003608703613281e+02 2.323270988464355469e+01 7.890689849853515625e+01
3.349018011093139648e+02 1.357307128906250000e+02 2.456688117980957031e+01 7.752714538574218750e+01
3.363148298263549805e+02 1.351867446899414062e+02 2.401545143127441406e+01 7.699787902832031250e+01
3.357414541244506836e+02 1.348307304382324219e+02 2.505734443664550781e+01 7.892121124267578125e+01
3.363643026351928711e+02 1.346543579101562500e+02 2.610199165344238281e+01 7.856083679199218750e+01
3.368261289596557617e+02 1.332129516601562500e+02 2.578760719299316406e+01 8.000354003906250000e+01
3.358425045013427734e+02 1.333217887878417969e+02 2.710480117797851562e+01 8.067263031005859375e+01
3.375547561645507812e+02 1.324122543334960938e+02 2.643975830078125000e+01 8.067910766601562500e+01
3.371332426071166992e+02 1.334074783325195312e+02 2.749212074279785156e+01 8.094412231445312500e+01
3.350102643966674805e+02 1.336295967102050781e+02 2.901038551330566406e+01 8.037261199951171875e+01
3.333662691116333008e+02 1.337171592712402344e+02 2.932597923278808594e+01 7.924675750732421875e+01
3.354702405929565430e+02 1.333808631896972656e+02 2.796212196350097656e+01 7.925147247314453125e+01
3.328399333953857422e+02 1.333551216125488281e+02 3.011609268188476562e+01 7.853578948974609375e+01
3.354221754074096680e+02 1.337895622253417969e+02 2.816445350646972656e+01 7.936304473876953125e+01
3.339354887008666992e+02 1.352491874694824219e+02 2.871471595764160156e+01 7.424698638916015625e+01
3.333771200180053711e+02 1.369628028869628906e+02 2.911668586730957031e+01 7.627774810791015625e+01
3.334969110488891602e+02 1.383087425231933594e+02 2.951162528991699219e+01 7.496181488037109375e+01
3.301268844604492188e+02 1.394371643066406250e+02 2.978369140625000000e+01 7.351695251464843750e+01
3.303904895782470703e+02 1.405948143005371094e+02 2.969906234741210938e+01 7.235651397705078125e+01
3.273012151718139648e+02 1.421370925903320312e+02 3.076719856262207031e+01 6.591828918457031250e+01
3.284740819931030273e+02 1.408146896362304688e+02 2.815741157531738281e+01 7.294531250000000000e+01
3.264836540222167969e+02 1.410005416870117188e+02 2.785805511474609375e+01 7.194067382812500000e+01
3.271786165237426758e+02 1.410611343383789062e+02 2.755699729919433594e+01 7.378645324707031250e+01
3.272426214218139648e+02 1.411268882751464844e+02 2.734906196594238281e+01 7.233866119384765625e+01
3.264660892486572266e+02 1.418963470458984375e+02 2.690995407104492188e+01 7.332600402832031250e+01
3.262903575897216797e+02 1.411804962158203125e+02 2.650198745727539062e+01 7.086689758300781250e+01
3.249362659454345703e+02 1.402711868286132812e+02 2.658184432983398438e+01 7.432746887207031250e+01
3.240880651473999023e+02 1.388079605102539062e+02 2.928114509582519531e+01 7.445343017578125000e+01
3.224047584533691406e+02 1.360899848937988281e+02 2.984606170654296875e+01 7.550121307373046875e+01
3.202595710754394531e+02 1.340013923645019531e+02 3.247504425048828125e+01 8.104534149169921875e+01
3.181833343505859375e+02 1.326391563415527344e+02 3.279170227050781250e+01 8.112218475341796875e+01
3.147028541564941406e+02 1.326622772216796875e+02 3.490106964111328125e+01 8.226580810546875000e+01
3.120384654998779297e+02 1.351638450622558594e+02 3.675648880004882812e+01 8.344727325439453125e+01
3.104228343963623047e+02 1.352001647949218750e+02 3.447850418090820312e+01 8.188877868652343750e+01
3.075881175994873047e+02 1.362712097167968750e+02 3.405459976196289062e+01 6.867904663085937500e+01
3.032828598022460938e+02 1.358492813110351562e+02 3.374729919433593750e+01 8.013975524902343750e+01
3.013909282684326172e+02 1.347331428527832031e+02 3.489900588989257812e+01 8.316632843017578125e+01
3.000068397521972656e+02 1.337716827392578125e+02 3.222792816162109375e+01 8.549482727050781250e+01
2.990465965270996094e+02 1.316331558227539062e+02 3.134273529052734375e+01 8.667100524902343750e+01
2.969883289337158203e+02 1.316297111511230469e+02 3.024316024780273438e+01 8.880951690673828125e+01
2.937323760986328125e+02 1.310325393676757812e+02 3.172708129882812500e+01 8.931915283203125000e+01
2.890941524505615234e+02 1.328869209289550781e+02 3.296509170532226562e+01 8.481867218017578125e+01
2.850728034973144531e+02 1.334660415649414062e+02 3.285457611083984375e+01 9.049134826660156250e+01
2.845568017959594727e+02 1.327501792907714844e+02 3.094563102722167969e+01 8.759647369384765625e+01
2.799653749465942383e+02 1.321026763916015625e+02 3.098978233337402344e+01 8.866165161132812500e+01
2.750643692016601562e+02 1.319764175415039062e+02 3.223501586914062500e+01 9.200845336914062500e+01
2.731878795623779297e+02 1.304593544006347656e+02 3.325265884399414062e+01 9.138582611083984375e+01
2.699386520385742188e+02 1.285647926330566406e+02 3.533906555175781250e+01 9.524277496337890625e+01
2.648829078674316406e+02 1.280798645019531250e+02 3.766439056396484375e+01 9.533340454101562500e+01
2.607171459197998047e+02 1.280787086486816406e+02 3.996521377563476562e+01 9.406642913818359375e+01
2.577279434204101562e+02 1.289380912780761719e+02 4.170091247558593750e+01 9.639995574951171875e+01
2.535461044311523438e+02 1.320679283142089844e+02 4.236514282226562500e+01 9.369124603271484375e+01
2.506367282867431641e+02 1.336164855957031250e+02 3.906570053100585938e+01 8.860508728027343750e+01
2.471527748107910156e+02 1.311680679321289062e+02 3.619347381591796875e+01 9.310275268554687500e+01
2.441530208587646484e+02 1.306825828552246094e+02 3.638267898559570312e+01 9.774806976318359375e+01
2.419151954650878906e+02 1.284268875122070312e+02 3.600641632080078125e+01 9.934400939941406250e+01
2.396276550292968750e+02 1.264448394775390625e+02 3.564080810546875000e+01 1.025415954589843750e+02
2.372591571807861328e+02 1.257742500305175781e+02 3.534505844116210938e+01 1.011670913696289062e+02
2.314767246246337891e+02 1.272585296630859375e+02 3.794393539428710938e+01 9.894258117675781250e+01
2.287612915039062500e+02 1.274677658081054688e+02 3.903291320800781250e+01 9.896635437011718750e+01
2.248465061187744141e+02 1.286073989868164062e+02 3.799969100952148438e+01 1.056721954345703125e+02
2.200227088928222656e+02 1.292717857360839844e+02 3.857012176513671875e+01 9.884984588623046875e+01
2.175771083831787109e+02 1.308113327026367188e+02 3.447771072387695312e+01 9.797370910644531250e+01
2.185194463729858398e+02 1.281154708862304688e+02 2.820881843566894531e+01 1.035573120117187500e+02
2.122218742370605469e+02 1.284654846191406250e+02 2.865309906005859375e+01 1.038155212402343750e+02
2.081332874298095703e+02 1.316699829101562500e+02 3.231888961791992188e+01 1.015068206787109375e+02
2.020381488800048828e+02 1.284319458007812500e+02 3.751331710815429688e+01 1.063997802734375000e+02
1.951468410491943359e+02 1.291689186096191406e+02 4.458217239379882812e+01 1.048242416381835938e+02
1.918761463165283203e+02 1.282732887268066406e+02 4.563283920288085938e+01 1.049849777221679688e+02
1.892845249176025391e+02 1.286818580627441406e+02 4.588245773315429688e+01 1.068415451049804688e+02
1.888056983947753906e+02 1.294675559997558594e+02 4.113530731201171875e+01 1.078934707641601562e+02
1.851398143768310547e+02 1.333638305664062500e+02 3.925973892211914062e+01 1.016149291992187500e+02
