1.260000000000000000e+02 1.500000000000000000e+01 3.200000000000000000e+01 3.300000000000000000e+01
1.263959169387817383e+02 1.429398918151855469e+01 3.030675315856933594e+01 3.448913955688476562e+01
1.245871829986572266e+02 1.258847808837890625e+01 2.975818252563476562e+01 3.534197235107421875e+01
1.239419565200805664e+02 1.417361068725585938e+01 3.043550682067871094e+01 3.410783386230468750e+01
1.224132966995239258e+02 1.327118301391601562e+01 2.994522666931152344e+01 3.484966278076171875e+01
1.219802989959716797e+02 1.368097686767578125e+01 3.039671707153320312e+01 3.445875549316406250e+01
1.208178482055664062e+02 1.387914466857910156e+01 3.009969329833984375e+01 3.463447189331054688e+01
1.190725154876708984e+02 1.393331146240234375e+01 3.001501083374023438e+01 3.474269104003906250e+01
1.178525238037109375e+02 1.385063934326171875e+01 3.014490509033203125e+01 3.482788085937500000e+01
1.162667999267578125e+02 1.344267463684082031e+01 3.004876708984375000e+01 3.501671981811523438e+01
1.153497848510742188e+02 1.304032516479492188e+01 3.039810180664062500e+01 3.540097808837890625e+01
1.131880960464477539e+02 1.294019508361816406e+01 3.039468193054199219e+01 3.514533615112304688e+01
1.127937850952148438e+02 1.354729843139648438e+01 3.072433471679687500e+01 3.469568634033203125e+01
1.117714233398437500e+02 1.367572021484375000e+01 3.046772766113281250e+01 3.512557983398437500e+01
1.111017093658447266e+02 1.216603279113769531e+01 3.021563339233398438e+01 3.591308212280273438e+01
1.109008855819702148e+02 1.318569374084472656e+01 3.080856513977050781e+01 3.515990829467773438e+01
1.106849775314331055e+02 1.201261711120605469e+01 3.039965248107910156e+01 3.591891860961914062e+01
1.100698213577270508e+02 1.311810111999511719e+01 3.045926475524902344e+01 3.527775955200195312e+01
1.092671079635620117e+02 1.145919036865234375e+01 3.057651710510253906e+01 3.538064575195312500e+01
1.071334466934204102e+02 1.193190002441406250e+01 3.067482566833496094e+01 3.489237976074218750e+01
1.065037841796875000e+02 1.072627067565917969e+01 3.091083526611328125e+01 3.518826675415039062e+01
1.050811862945556641e+02 1.073247146606445312e+01 3.077309036254882812e+01 3.471491241455078125e+01
1.039402389526367188e+02 9.226688385009765625e+00 3.101627349853515625e+01 3.429305267333984375e+01
1.019643611907958984e+02 8.953443527221679688e+00 3.061231613159179688e+01 3.458049392700195312e+01
9.967784500122070312e+01 8.389368057250976562e+00 3.052855682373046875e+01 3.426978683471679688e+01
9.795313453674316406e+01 7.909549713134765625e+00 3.060471725463867188e+01 3.451436614990234375e+01
9.612091636657714844e+01 8.378616333007812500e+00 3.063875961303710938e+01 3.458746337890625000e+01
9.500563907623291016e+01 9.241270065307617188e+00 3.069182395935058594e+01 3.479813003540039062e+01
9.347407245635986328e+01 9.836458206176757812e+00 3.068604850769042969e+01 3.456919479370117188e+01
9.222937202453613281e+01 9.512664794921875000e+00 3.090159988403320312e+01 3.489546203613281250e+01
9.006010913848876953e+01 9.770074844360351562e+00 3.036787986755371094e+01 3.481229782104492188e+01
8.847797107696533203e+01 9.288005828857421875e+00 3.074506187438964844e+01 3.514398956298828125e+01
8.748961925506591797e+01 9.342998504638671875e+00 3.043074989318847656e+01 3.493264007568359375e+01
8.712972354888916016e+01 9.925754547119140625e+00 3.039997673034667969e+01 3.445482635498046875e+01
8.666756439208984375e+01 9.753690719604492188e+00 3.046243286132812500e+01 3.485672378540039062e+01
8.585373687744140625e+01 9.879938125610351562e+00 3.052470397949218750e+01 3.495977401733398438e+01
8.391714572906494141e+01 1.054326820373535156e+01 3.046167564392089844e+01 3.518113327026367188e+01
8.244554615020751953e+01 1.042541694641113281e+01 3.028149986267089844e+01 3.539745712280273438e+01
8.119366836547851562e+01 1.094613838195800781e+01 3.036733245849609375e+01 3.500855636596679688e+01
7.931835079193115234e+01 1.146583366394042969e+01 3.045565986633300781e+01 3.521908950805664062e+01
7.768305873870849609e+01 1.158660125732421875e+01 2.989393806457519531e+01 3.560014343261718750e+01
7.735431098937988281e+01 1.153768920898437500e+01 2.986593246459960938e+01 3.570256042480468750e+01
7.596196174621582031e+01 1.231939315795898438e+01 2.999193954467773438e+01 3.538410186767578125e+01
7.581365108489990234e+01 1.165909767150878906e+01 3.015722846984863281e+01 3.617374801635742188e+01
7.501665973663330078e+01 1.316705322265625000e+01 3.001863670349121094e+01 3.525114440917968750e+01
7.370548248291015625e+01 1.271359825134277344e+01 2.992849731445312500e+01 3.587150955200195312e+01
7.376223659515380859e+01 1.163198089599609375e+01 3.014976692199707031e+01 3.616665649414062500e+01
7.446732997894287109e+01 1.305739021301269531e+01 2.998709297180175781e+01 3.500153732299804688e+01
7.517392826080322266e+01 1.157140159606933594e+01 2.988743400573730469e+01 3.634152603149414062e+01
7.513355636596679688e+01 1.254889106750488281e+01 3.013277435302734375e+01 3.535773849487304688e+01
7.484357070922851562e+01 1.275716209411621094e+01 3.004108428955078125e+01 3.547760391235351562e+01
7.523343467712402344e+01 1.330801391601562500e+01 2.993320083618164062e+01 3.555181884765625000e+01
7.385839939117431641e+01 1.275075149536132812e+01 3.003538322448730469e+01 3.608983612060546875e+01
7.330048561096191406e+01 1.326794815063476562e+01 3.002753829956054688e+01 3.582262420654296875e+01
7.269713020324707031e+01 1.383951759338378906e+01 3.014669418334960938e+01 3.571390914916992188e+01
7.120464801788330078e+01 1.334709930419921875e+01 3.009865379333496094e+01 3.611267089843750000e+01
7.066825675964355469e+01 1.440354347229003906e+01 3.018883132934570312e+01 3.569660568237304688e+01
6.960813999176025391e+01 1.421521759033203125e+01 3.026189994812011719e+01 3.580609130859375000e+01
6.907073593139648438e+01 1.389042472839355469e+01 3.033463287353515625e+01 3.593526077270507812e+01
6.890907669067382812e+01 1.428946495056152344e+01 3.014040374755859375e+01 3.570218276977539062e+01
6.931089878082275391e+01 1.383433914184570312e+01 3.020040702819824219e+01 3.577861785888671875e+01
6.977982330322265625e+01 1.325853919982910156e+01 3.031837463378906250e+01 3.590021896362304688e+01
6.924287033081054688e+01 1.408119964599609375e+01 3.032506561279296875e+01 3.543563842773437500e+01
6.999195957183837891e+01 1.343912506103515625e+01 3.018453788757324219e+01 3.574482727050781250e+01
6.977502536773681641e+01 1.447014999389648438e+01 3.053663444519042969e+01 3.497495269775390625e+01
6.956597900390625000e+01 1.452343750000000000e+01 3.040611267089843750e+01 3.526963806152343750e+01
7.031795787811279297e+01 1.322810745239257812e+01 3.038511085510253906e+01 3.628195953369140625e+01
6.979043197631835938e+01 1.426518058776855469e+01 3.053351593017578125e+01 3.496873855590820312e+01
6.906909179687500000e+01 1.462383842468261719e+01 3.038833618164062500e+01 3.510185623168945312e+01
6.893040466308593750e+01 1.348563766479492188e+01 3.013229370117187500e+01 3.620566558837890625e+01
6.915308952331542969e+01 1.440220069885253906e+01 3.001919937133789062e+01 3.528521347045898438e+01
6.802111434936523438e+01 1.361524391174316406e+01 3.004103851318359375e+01 3.567661666870117188e+01
6.771571063995361328e+01 1.445462799072265625e+01 2.979639244079589844e+01 3.511767578125000000e+01
6.787877368927001953e+01 1.423617744445800781e+01 2.981448936462402344e+01 3.569776535034179688e+01
6.855858135223388672e+01 1.385317802429199219e+01 2.984319496154785156e+01 3.578320693969726562e+01
6.840033054351806641e+01 1.507737922668457031e+01 2.970435905456542969e+01 3.550440597534179688e+01
6.866664314270019531e+01 1.452631759643554688e+01 3.007413864135742188e+01 3.576674652099609375e+01
6.785817050933837891e+01 1.588093948364257812e+01 2.985131645202636719e+01 3.489946746826171875e+01
6.762540912628173828e+01 1.534252548217773438e+01 2.982668113708496094e+01 3.550409698486328125e+01
6.756693458557128906e+01 1.421841621398925781e+01 2.998221969604492188e+01 3.599782943725585938e+01
6.698183250427246094e+01 1.573534965515136719e+01 2.953722000122070312e+01 3.486963272094726562e+01
6.733882141113281250e+01 1.436285209655761719e+01 3.008712768554687500e+01 3.596087265014648438e+01
6.746150684356689453e+01 1.564755821228027344e+01 2.978223228454589844e+01 3.518264389038085938e+01
6.726990318298339844e+01 1.508073043823242188e+01 2.984068679809570312e+01 3.555163574218750000e+01
6.644670677185058594e+01 1.557613563537597656e+01 2.978953933715820312e+01 3.513283157348632812e+01
6.688164997100830078e+01 1.483750915527343750e+01 3.001102256774902344e+01 3.575676727294921875e+01
6.636271286010742188e+01 1.458755683898925781e+01 3.004750823974609375e+01 3.553839492797851562e+01
6.611347866058349609e+01 1.480730819702148438e+01 3.029992866516113281e+01 3.535385131835937500e+01
6.598150539398193359e+01 1.503604125976562500e+01 3.020353889465332031e+01 3.526424407958984375e+01
6.584551334381103516e+01 1.514077186584472656e+01 3.018777275085449219e+01 3.542758560180664062e+01
6.675374126434326172e+01 1.540251922607421875e+01 2.966767311096191406e+01 3.534111785888671875e+01
6.602001667022705078e+01 1.497463989257812500e+01 3.021777915954589844e+01 3.548580169677734375e+01
6.615179061889648438e+01 1.557344627380371094e+01 3.007163238525390625e+01 3.507291793823242188e+01
6.665263938903808594e+01 1.528169059753417969e+01 3.003735733032226562e+01 3.536089706420898438e+01
6.649906635284423828e+01 1.590684509277343750e+01 3.035655784606933594e+01 3.494849395751953125e+01
6.618212318420410156e+01 1.487948226928710938e+01 3.035018539428710938e+01 3.582307434082031250e+01
6.625920009613037109e+01 1.504395675659179688e+01 3.020421028137207031e+01 3.548526000976562500e+01
6.542365264892578125e+01 1.596737098693847656e+01 3.040843200683593750e+01 3.505136489868164062e+01
6.527505111694335938e+01 1.518795013427734375e+01 3.101371002197265625e+01 3.538874053955078125e+01
6.511117172241210938e+01 1.585494041442871094e+01 3.085196685791015625e+01 3.507920455932617188e+01
6.489273357391357422e+01 1.571895790100097656e+01 3.050165748596191406e+01 3.506630325317382812e+01
6.519823455810546875e+01 1.468473815917968750e+01 3.044271850585937500e+01 3.513082122802734375e+01
6.533018302917480469e+01 1.506964111328125000e+01 3.025584793090820312e+01 3.468738555908203125e+01
6.596913909912109375e+01 1.536217308044433594e+01 2.992263793945312500e+01 3.493592453002929688e+01
6.578861141204833984e+01 1.382708358764648438e+01 2.986804389953613281e+01 3.566151428222656250e+01
6.602346611022949219e+01 1.476598930358886719e+01 2.952219009399414062e+01 3.499152755737304688e+01
6.670033168792724609e+01 1.349479675292968750e+01 2.915553474426269531e+01 3.550207519531250000e+01
6.619735240936279297e+01 1.418883514404296875e+01 2.902398109436035156e+01 3.484820556640625000e+01
6.650536441802978516e+01 1.341691780090332031e+01 2.888653373718261719e+01 3.574674606323242188e+01
6.711994457244873047e+01 1.393593978881835938e+01 2.913903236389160156e+01 3.521240997314453125e+01
6.637188625335693359e+01 1.442102622985839844e+01 2.973565864562988281e+01 3.492627334594726562e+01
6.602385234832763672e+01 1.463692855834960938e+01 2.975213050842285156e+01 3.536016082763671875e+01
6.613709926605224609e+01 1.431640052795410156e+01 3.012797737121582031e+01 3.568712997436523438e+01
6.637891387939453125e+01 1.420430755615234375e+01 3.011784362792968750e+01 3.544323730468750000e+01
6.611754703521728516e+01 1.491518783569335938e+01 2.959763908386230469e+01 3.468949127197265625e+01
6.574572467803955078e+01 1.343654060363769531e+01 3.045592308044433594e+01 3.552343368530273438e+01
6.598340320587158203e+01 1.384815406799316406e+01 2.954378318786621094e+01 3.471277999877929688e+01
6.591449642181396484e+01 1.299974822998046875e+01 3.015742683410644531e+01 3.507573699951171875e+01
6.630644321441650391e+01 1.310013580322265625e+01 2.990423393249511719e+01 3.513010406494140625e+01
6.642576599121093750e+01 1.286082839965820312e+01 3.001892089843750000e+01 3.525343322753906250e+01
6.608747673034667969e+01 1.297332191467285156e+01 3.066713333129882812e+01 3.612016677856445312e+01
6.600368690490722656e+01 1.295069503784179688e+01 3.154781723022460938e+01 3.689468383789062500e+01
6.579540920257568359e+01 1.274249458312988281e+01 3.154393196105957031e+01 3.665611648559570312e+01
6.575321006774902344e+01 1.228765869140625000e+01 3.128641128540039062e+01 3.663555145263671875e+01
6.557985115051269531e+01 1.230266952514648438e+01 3.162228012084960938e+01 3.691957092285156250e+01
6.543285274505615234e+01 1.323611831665039062e+01 3.113121223449707031e+01 3.618069458007812500e+01
6.471583366394042969e+01 1.238753509521484375e+01 3.119220352172851562e+01 3.686771392822265625e+01
6.414846611022949219e+01 1.211297988891601562e+01 3.212649917602539062e+01 3.724606323242187500e+01
6.397182464599609375e+01 1.247697067260742188e+01 3.230612182617187500e+01 3.707339477539062500e+01
6.345214653015136719e+01 1.191995811462402344e+01 3.179399490356445312e+01 3.696078109741210938e+01
6.396223449707031250e+01 1.541012954711914062e+01 3.255329895019531250e+01 3.365332031250000000e+01
6.688858222961425781e+01 1.239634513854980469e+01 2.980009078979492188e+01 3.540450668334960938e+01
6.483308219909667969e+01 1.179963684082031250e+01 3.213124465942382812e+01 3.656508636474609375e+01
6.491234111785888672e+01 1.153948211669921875e+01 3.174167823791503906e+01 3.705155181884765625e+01
6.452770614624023438e+01 1.125894927978515625e+01 3.187488555908203125e+01 3.726134490966796875e+01
6.502984809875488281e+01 1.107013893127441406e+01 3.223305892944335938e+01 3.724834060668945312e+01
6.436780357360839844e+01 1.114637756347656250e+01 3.205435562133789062e+01 3.652385711669921875e+01
6.466347599029541016e+01 1.129820823669433594e+01 3.179200553894042969e+01 3.636521530151367188e+01
6.455681037902832031e+01 1.129571914672851562e+01 3.212386703491210938e+01 3.652905273437500000e+01
6.404652404785156250e+01 1.059460449218750000e+01 3.246107482910156250e+01 3.645394134521484375e+01
6.508521842956542969e+01 1.096567153930664062e+01 3.198193740844726562e+01 3.639350891113281250e+01
6.439039230346679688e+01 1.019661903381347656e+01 3.213312530517578125e+01 3.687805557250976562e+01
6.419556999206542969e+01 1.064808845520019531e+01 3.279404067993164062e+01 3.643275833129882812e+01
6.352017784118652344e+01 1.185954093933105469e+01 3.332616043090820312e+01 3.590522384643554688e+01
6.271157264709472656e+01 1.093199539184570312e+01 3.451084518432617188e+01 3.729074096679687500e+01
6.287143135070800781e+01 1.050315284729003906e+01 3.435606002807617188e+01 3.696332168579101562e+01
6.329966163635253906e+01 1.242647743225097656e+01 3.311773300170898438e+01 3.561621475219726562e+01
6.234543800354003906e+01 1.054565429687500000e+01 3.434995651245117188e+01 3.727083587646484375e+01
6.306335449218750000e+01 1.130174255371093750e+01 3.331079101562500000e+01 3.655820465087890625e+01
6.330494689941406250e+01 1.019914245605468750e+01 3.272509765625000000e+01 3.669705963134765625e+01
6.295995521545410156e+01 1.302926254272460938e+01 3.203094100952148438e+01 3.454411315917968750e+01
6.361434936523437500e+01 1.168673706054687500e+01 3.199014282226562500e+01 3.649091339111328125e+01
6.295837974548339844e+01 1.311597442626953125e+01 3.194227981567382812e+01 3.530278778076171875e+01
6.423717117309570312e+01 1.226719474792480469e+01 3.209990692138671875e+01 3.438451766967773438e+01
6.259195137023925781e+01 1.115169143676757812e+01 3.139591598510742188e+01 3.617033386230468750e+01
6.154589462280273438e+01 1.177636528015136719e+01 3.152143096923828125e+01 3.487557601928710938e+01
6.058681106567382812e+01 1.064518737792968750e+01 3.208090972900390625e+01 3.564446258544921875e+01
6.136183547973632812e+01 1.103795051574707031e+01 3.216034698486328125e+01 3.564656448364257812e+01
4.667665290832519531e+01 2.104473686218261719e+01 3.184785842895507812e+01 3.190845870971679688e+01
4.591281127929687500e+01 2.119992351531982422e+01 3.306153106689453125e+01 3.100052070617675781e+01
4.509263229370117188e+01 2.445701503753662109e+01 3.014050292968750000e+01 2.786913490295410156e+01
4.688698196411132812e+01 2.464931106567382812e+01 2.949281311035156250e+01 2.789942932128906250e+01
4.678157615661621094e+01 2.464137077331542969e+01 3.007188796997070312e+01 2.762027359008789062e+01
4.665988159179687500e+01 2.523665523529052734e+01 3.055824279785156250e+01 2.837122535705566406e+01
4.711510658264160156e+01 2.547412586212158203e+01 3.005718612670898438e+01 2.789912223815917969e+01
4.677186775207519531e+01 2.580066394805908203e+01 3.428331375122070312e+01 2.846803855895996094e+01
5.154219818115234375e+01 2.071199035644531250e+01 3.899901580810546875e+01 3.240586090087890625e+01
6.210382843017578125e+01 9.765073776245117188e+00 2.994705963134765625e+01 3.491225051879882812e+01
5.700948715209960938e+01 1.023660850524902344e+01 3.434004974365234375e+01 3.423027420043945312e+01
5.433120536804199219e+01 1.092178535461425781e+01 3.663562393188476562e+01 3.759844589233398438e+01
4.973268318176269531e+01 1.675857734680175781e+01 4.217437362670898438e+01 3.483817672729492188e+01
5.073258399963378906e+01 1.605727958679199219e+01 3.579948043823242188e+01 3.351208877563476562e+01
5.034000396728515625e+01 1.895226764678955078e+01 3.931771850585937500e+01 3.134189414978027344e+01
5.106835365295410156e+01 2.015847778320312500e+01 3.549805831909179688e+01 2.880889892578125000e+01
5.130423545837402344e+01 2.209836196899414062e+01 3.746193313598632812e+01 2.832318878173828125e+01
5.283421134948730469e+01 2.175249290466308594e+01 3.549998855590820312e+01 2.780438613891601562e+01
5.428669548034667969e+01 2.180429172515869141e+01 3.236405563354492188e+01 2.730264854431152344e+01
5.634577751159667969e+01 2.095073318481445312e+01 3.066100692749023438e+01 2.828701019287109375e+01
5.760905647277832031e+01 2.041303062438964844e+01 2.926172256469726562e+01 2.837607192993164062e+01
5.927480030059814453e+01 1.952026557922363281e+01 2.849872398376464844e+01 2.822384262084960938e+01
6.002005290985107422e+01 1.896388435363769531e+01 2.841072273254394531e+01 2.875194931030273438e+01
6.132586956024169922e+01 1.876963329315185547e+01 2.811560249328613281e+01 2.867924690246582031e+01
6.255004024505615234e+01 1.908349514007568359e+01 2.718054389953613281e+01 2.938463783264160156e+01
6.169675350189208984e+01 1.938985061645507812e+01 2.816655158996582031e+01 2.812168121337890625e+01
6.166557788848876953e+01 1.974827384948730469e+01 2.779308128356933594e+01 2.901829910278320312e+01
6.019140052795410156e+01 2.053152847290039062e+01 2.914373397827148438e+01 2.852987670898437500e+01
5.877297782897949219e+01 2.041454696655273438e+01 2.972029495239257812e+01 2.863522338867187500e+01
5.738361930847167969e+01 2.139368629455567117e+01 3.102554702758789062e+01 2.917915725708007812e+01
5.602714920043945312e+01 2.274960231781006570e+01 3.143754577636718750e+01 2.875416755676269531e+01
5.491061973571777344e+01 2.277109241485596414e+01 3.165777206420898438e+01 2.767624473571777344e+01
5.385803794860839844e+01 2.390603542327881570e+01 3.113602828979492188e+01 2.874569892883300781e+01
5.402334690093994141e+01 2.420324707031250711e+01 3.156687736511230469e+01 2.810218048095703125e+01
5.262662029266357422e+01 2.460514736175537820e+01 3.065498542785644531e+01 2.741956520080566406e+01
5.296700286865234375e+01 2.431546115875244851e+01 2.756638336181640625e+01 2.778005790710449219e+01
5.286826610565185547e+01 2.386462211608887429e+01 2.670678901672363281e+01 2.777804183959960938e+01
5.208194446563720703e+01 2.416694450378418679e+01 2.631771659851074219e+01 2.824266433715820312e+01
5.164037418365478516e+01 2.472918701171875711e+01 2.693190574645996094e+01 2.765759277343750000e+01
5.099746608734130859e+01 2.416767692565918679e+01 2.734751319885253906e+01 2.770261001586914062e+01
5.072699642181396484e+01 2.414368915557862039e+01 2.709636878967285156e+01 2.818194389343261719e+01
4.972589588165283203e+01 2.450455665588379617e+01 2.685354423522949219e+01 2.871682357788085938e+01
4.922914409637451172e+01 2.500646495819092507e+01 2.705328559875488281e+01 2.834971809387207031e+01
4.850432872772216797e+01 2.506749248504639382e+01 2.751552772521972656e+01 2.810016059875488281e+01
4.763212394714355469e+01 2.515499210357666726e+01 2.746989822387695312e+01 2.870498466491699219e+01
4.649169540405273438e+01 2.533321666717530007e+01 2.797287750244140625e+01 2.748458290100097656e+01
4.589853572845458984e+01 2.477289867401123757e+01 2.774207496643066406e+01 2.759418678283691406e+01
4.500804042816162109e+01 2.479244518280030007e+01 2.833887672424316406e+01 2.842386817932128906e+01
4.462149620056152344e+01 2.496245861053467507e+01 2.755949020385742188e+01 2.775726509094238281e+01
4.330100822448730469e+01 2.531373500823975320e+01 2.724604415893554688e+01 2.778717994689941406e+01
4.246833133697509766e+01 2.524230289459229226e+01 2.906857109069824219e+01 2.719250297546386719e+01
4.098048400878906250e+01 2.602273654937744851e+01 2.647551727294921875e+01 2.689700126647949219e+01
3.959941864013671164e+01 2.578575611114501953e+01 2.682026672363281961e+01 2.688701438903808594e+01
3.816924285888671875e+01 2.554161071777343750e+01 2.756951141357421875e+01 2.741071319580078125e+01
3.723428916931152344e+01 2.565402507781982422e+01 2.884545516967773438e+01 2.755899238586425781e+01
3.689028739929199219e+01 2.557814216613769531e+01 2.852745437622070312e+01 2.722673416137695312e+01
3.583221721649169922e+01 2.637558555603027344e+01 2.967090034484863281e+01 2.745719528198242188e+01
6.497985553741455078e+01 8.586063385009765625e+00 2.931861686706542969e+01 3.477815246582031250e+01
6.432723426818847656e+01 9.067798614501953125e+00 2.933688735961914062e+01 3.474926757812500000e+01
6.431198596954345703e+01 9.960393905639648438e+00 2.954926872253417969e+01 3.464887619018554688e+01
6.454090881347656250e+01 1.016859436035156250e+01 2.997515106201171875e+01 3.413348388671875000e+01
6.494771957397460938e+01 1.040568923950195312e+01 2.942352294921875000e+01 3.401831817626953125e+01
6.531853294372558594e+01 1.038944816589355469e+01 2.975710678100585938e+01 3.387681961059570312e+01
6.557185935974121094e+01 1.123974609375000000e+01 2.960273361206054688e+01 3.362458801269531250e+01
6.568277740478515625e+01 1.001910781860351562e+01 2.938758850097656250e+01 3.433737182617187500e+01
6.568815326690673828e+01 1.148995018005371094e+01 2.954144859313964844e+01 3.356075668334960938e+01
6.571073150634765625e+01 1.160942649841308594e+01 2.981346893310546875e+01 3.363725662231445312e+01
6.554069328308105469e+01 1.132835578918457031e+01 2.952476119995117188e+01 3.399320602416992188e+01
6.512108898162841797e+01 1.152392005920410156e+01 2.937439918518066406e+01 3.389614486694335938e+01
6.497536087036132812e+01 1.218261909484863281e+01 2.947344970703125000e+01 3.341547775268554688e+01
6.431858348846435547e+01 1.236118698120117188e+01 2.961842536926269531e+01 3.327803802490234375e+01
6.483691024780273438e+01 1.288949203491210938e+01 2.970258331298828125e+01 3.328643798828125000e+01
6.494696807861328125e+01 1.309423255920410156e+01 2.915733337402343750e+01 3.309267044067382812e+01
6.553126907348632812e+01 1.436207771301269531e+01 2.937618255615234375e+01 3.346019363403320312e+01
6.592806148529052734e+01 1.484038352966308594e+01 2.973843574523925781e+01 3.342797470092773438e+01
6.610205459594726562e+01 1.522652244567871094e+01 2.939942932128906250e+01 3.323904037475585938e+01
6.523938179016113281e+01 1.502401542663574219e+01 2.949847030639648438e+01 3.341997909545898438e+01
6.462584209442138672e+01 1.501470756530761719e+01 2.948538398742675781e+01 3.336726760864257812e+01
6.433676433563232422e+01 1.504687309265136719e+01 2.929458808898925781e+01 3.316020584106445312e+01
6.394889068603515625e+01 1.568964385986328125e+01 2.936213684082031250e+01 3.296975708007812500e+01
6.363007450103759766e+01 1.514702606201171875e+01 2.941311454772949219e+01 3.352553558349609375e+01
6.356875801086425781e+01 1.588713455200195312e+01 2.966278457641601562e+01 3.316829681396484375e+01
6.359003543853759766e+01 1.669408226013183594e+01 2.973300743103027344e+01 3.310629653930664062e+01
6.384801101684570312e+01 1.620786476135253906e+01 2.999343872070312500e+01 3.358117294311523438e+01
6.378437042236328125e+01 1.688686752319335938e+01 2.979837036132812500e+01 3.321303558349609375e+01
6.332628726959228516e+01 1.699563026428222656e+01 2.984415245056152344e+01 3.325828170776367188e+01
6.345926189422607422e+01 1.629745864868164062e+01 2.985642433166503906e+01 3.388227081298828125e+01
6.420782661437988281e+01 1.670790672302246094e+01 2.988460922241210938e+01 3.365636062622070312e+01
6.389917945861816406e+01 1.658694267272949219e+01 2.968806076049804688e+01 3.385125350952148438e+01
6.444206523895263672e+01 1.705398368835449219e+01 2.974993324279785156e+01 3.348778152465820312e+01
6.417482089996337891e+01 1.779714012145996094e+01 2.984818077087402344e+01 3.314908218383789062e+01
6.475530147552490234e+01 1.782857513427734375e+01 2.980852699279785156e+01 3.359206390380859375e+01
6.507109737396240234e+01 1.814413452148437500e+01 2.961158943176269531e+01 3.357488250732421875e+01
6.549498653411865234e+01 1.907519531250000000e+01 2.968912696838378906e+01 3.294731903076171875e+01
6.588101577758789062e+01 1.777175140380859375e+01 2.966614532470703125e+01 3.403502655029296875e+01
6.520618629455566406e+01 1.853763580322265625e+01 2.957951736450195312e+01 3.338005828857421875e+01
6.529948329925537109e+01 1.903801918029785156e+01 2.984265327453613281e+01 3.304467391967773438e+01
6.573470211029052734e+01 1.782546234130859375e+01 2.981437110900878906e+01 3.393770599365234375e+01
6.508859252929687500e+01 1.831879043579101562e+01 2.951924133300781250e+01 3.335223388671875000e+01
6.480793476104736328e+01 1.813755798339843750e+01 2.964385032653808594e+01 3.330388641357421875e+01
6.425922012329101562e+01 1.804975128173828125e+01 2.979626464843750000e+01 3.305730438232421875e+01
6.447997093200683594e+01 1.765796661376953125e+01 2.965683364868164062e+01 3.324788665771484375e+01
6.402912425994873047e+01 1.897613334655761719e+01 2.968082618713378906e+01 3.265887069702148438e+01
6.389282417297363281e+01 1.788460922241210938e+01 2.946993637084960938e+01 3.343494415283203125e+01
6.205174350738525391e+01 1.807161521911621094e+01 2.998242759704589844e+01 3.336514663696289062e+01
6.099657058715820312e+01 1.906939506530761719e+01 2.974680328369140625e+01 3.301767349243164062e+01
6.002176856994628906e+01 1.800321006774902344e+01 2.995457077026367188e+01 3.342015457153320312e+01
5.898522758483886719e+01 1.927472496032714844e+01 2.988077163696289062e+01 3.278450393676757812e+01
5.644382381439208984e+01 1.821337127685546875e+01 3.044237709045410156e+01 3.296987152099609375e+01
5.537657451629638672e+01 1.954806518554687500e+01 2.992100715637207031e+01 3.246309661865234375e+01
5.319021129608154297e+01 1.937709999084472656e+01 3.014856147766113281e+01 3.265950393676757812e+01
5.198890686035156250e+01 1.877397537231445312e+01 3.015534210205078125e+01 3.304944610595703125e+01
4.975860881805419922e+01 1.901885986328125000e+01 3.005203437805175781e+01 3.262889862060546875e+01
4.899266147613525391e+01 2.018722343444824219e+01 3.003089714050292969e+01 3.226238632202148438e+01
4.777287769317626953e+01 1.879222106933593750e+01 3.027329063415527344e+01 3.310314178466796875e+01
4.757250308990478516e+01 1.935489463806152344e+01 3.016272544860839844e+01 3.265436935424804688e+01
4.567154979705810547e+01 1.936031723022460938e+01 3.055233955383300781e+01 3.236784362792968750e+01
4.493160820007324219e+01 1.916845893859863281e+01 3.040578079223632812e+01 3.257737350463867188e+01
4.408769321441650391e+01 2.034557151794433594e+01 3.044280052185058594e+01 3.234364700317382812e+01
4.386500358581542969e+01 1.871995735168457031e+01 3.004183578491210938e+01 3.300587081909179688e+01
4.256855106353759766e+01 2.035234832763671875e+01 3.062441825866699219e+01 3.212738037109375000e+01
4.263597488403320312e+01 1.995893096923828125e+01 3.005583190917968750e+01 3.274382781982421875e+01
4.237784385681152344e+01 1.991796302795410156e+01 3.012835311889648438e+01 3.273813247680664062e+01
4.327838420867919922e+01 1.958502388000488281e+01 3.029114723205566406e+01 3.301753616333007812e+01
4.346230030059814453e+01 1.912716102600097656e+01 3.045573997497558594e+01 3.301145553588867188e+01
4.487245750427246094e+01 2.005449867248535156e+01 3.035806655883789062e+01 3.254890060424804688e+01
4.573630905151367188e+01 2.038557624816894531e+01 3.041345214843750000e+01 3.223980331420898438e+01
4.756674766540527344e+01 1.947671890258789062e+01 2.971976852416992188e+01 3.223948669433593750e+01
4.972393703460693359e+01 1.974787712097167969e+01 2.956046485900878906e+01 3.162628555297851562e+01
5.003045177459716797e+01 2.027967929840088601e+01 2.989704322814941406e+01 3.117897605895996094e+01
5.209602737426757812e+01 2.059399223327638140e+01 2.950373840332031250e+01 3.080231094360351562e+01
5.254543781280517578e+01 2.074209308624268999e+01 2.968926048278808594e+01 3.082659721374511719e+01
5.382024002075195312e+01 2.046904182434083452e+01 2.931916046142578125e+01 3.023674392700195312e+01
5.466936969757080078e+01 2.035848426818849077e+01 2.939283561706542969e+01 2.970817184448242188e+01
5.523959159851074219e+01 2.113250732421876421e+01 2.917466354370117188e+01 2.957936096191406250e+01
5.601737308502197266e+01 2.095535659790040484e+01 2.929731559753417969e+01 2.939591979980468750e+01
5.689144325256347656e+01 2.037344360351563921e+01 2.940471267700195312e+01 2.994481658935546875e+01
5.822782897949218750e+01 2.154506492614747515e+01 2.940979003906250000e+01 2.896590805053710938e+01
5.957203865051269531e+01 1.998618030548097835e+01 2.919636917114257812e+01 2.930506706237792969e+01
5.976295852661132812e+01 2.131639957427980647e+01 2.928253936767578125e+01 2.865299797058105469e+01
6.103525829315185547e+01 2.039481163024904475e+01 2.923521614074707031e+01 2.867922592163085938e+01
6.091591453552246094e+01 2.109884166717531429e+01 2.892068862915039062e+01 2.802147102355957031e+01
6.202093982696533203e+01 2.089232540130617366e+01 2.907559776306152344e+01 2.868278694152832031e+01
6.204003715515136719e+01 2.113792800903322444e+01 2.865958023071289062e+01 2.732955169677734375e+01
6.337482357025146484e+01 2.040847301483156429e+01 2.842208290100097656e+01 2.743523597717285156e+01
6.273440742492675781e+01 2.285702323913576350e+01 2.917434310913085938e+01 2.620389938354492188e+01
6.361656188964843750e+01 2.139870166778566585e+01 2.858493804931640625e+01 2.710361289978027344e+01
6.418796253204345703e+01 2.166890811920168147e+01 2.850631523132324219e+01 2.645310783386230469e+01
6.489161968231201172e+01 2.177326583862306819e+01 2.873398780822753906e+01 2.639154815673828125e+01
6.393296909332275391e+01 2.137689685821535335e+01 2.895506858825683594e+01 2.736331748962402344e+01
6.458313941955566406e+01 2.303160190582277522e+01 2.854097366333007812e+01 2.483601188659667969e+01
6.462806606292724609e+01 2.185151767730714312e+01 2.926927375793457031e+01 2.698927116394042969e+01
6.491254520416259766e+01 2.335571575164796343e+01 2.886735343933105469e+01 2.489911842346191406e+01
6.564572811126708984e+01 2.166039562225343218e+01 2.908998298645019531e+01 2.746489906311035156e+01
6.668910026550292969e+01 2.239752769470216265e+01 2.893366622924804688e+01 2.836180496215820312e+01
6.681329154968261719e+01 2.472347640991212359e+01 2.889758682250976562e+01 2.469817352294921875e+01
6.724090671539306641e+01 2.222903823852539773e+01 2.913335227966308594e+01 2.710952758789062500e+01
6.866252040863037109e+01 2.323644065856934304e+01 2.899229621887207031e+01 2.759717941284179688e+01
6.953606510162353516e+01 2.614577960968018289e+01 2.898375511169433594e+01 2.409522056579589844e+01
7.015880107879638672e+01 2.256009387969971414e+01 2.857568550109863281e+01 2.670450401306152344e+01
7.090200424194335938e+01 2.271200847625733132e+01 2.881462860107421875e+01 2.705497932434082031e+01
7.249278831481933594e+01 2.334350109100342507e+01 2.846407699584960938e+01 2.597490119934082031e+01
7.338574123382568359e+01 2.246010208129883523e+01 2.807324409484863281e+01 2.553456115722656250e+01
7.329333209991455078e+01 2.248289775848389382e+01 2.935509300231933594e+01 2.628852272033691406e+01
7.445994949340820312e+01 2.335547542572022195e+01 2.836573791503906250e+01 2.455892372131347656e+01
7.507918453216552734e+01 2.516194534301758523e+01 2.845179176330566406e+01 2.370118713378906250e+01
7.672242927551269531e+01 2.401745414733887429e+01 2.848318099975585938e+01 2.508246994018554688e+01
7.703414249420166016e+01 2.408803749084472656e+01 2.934398460388183594e+01 2.486683273315429688e+01
7.747925090789794922e+01 1.852157306671142578e+01 2.915052986145019531e+01 2.835973930358886719e+01
7.855181503295898438e+01 2.283617210388183594e+01 2.882282257080078125e+01 2.462496566772460938e+01
7.948929977416992188e+01 2.345096302032469993e+01 2.866013336181640625e+01 2.453344535827636719e+01
7.968330478668212891e+01 2.530235481262205610e+01 2.894119834899902344e+01 2.411156845092773438e+01
7.955525016784667969e+01 2.018049716949461470e+01 2.976776504516601562e+01 2.783212852478027344e+01
8.076240825653076172e+01 2.275517654418943891e+01 2.835497474670410156e+01 2.443901824951171875e+01
8.004555034637451172e+01 2.447024917602537641e+01 2.949302864074707031e+01 2.518163299560546875e+01
7.987440490722656250e+01 3.071611213684080610e+01 2.973986816406250000e+01 2.297715377807617188e+01
7.977687644958496094e+01 2.950309467315673118e+01 2.855546188354492188e+01 2.085918235778808594e+01
7.852254009246826172e+01 3.152920532226561079e+01 2.922387886047363281e+01 2.177815246582031250e+01
7.739226150512695312e+01 3.253176593780516157e+01 3.126938629150390625e+01 2.175234794616699219e+01
7.640833950042724609e+01 3.528019618988036399e+01 3.141856575012207031e+01 2.459838294982910156e+01
7.795923995971679688e+01 3.597506523132323508e+01 2.806062316894531250e+01 3.146853256225586648e+01
7.650185203552246094e+01 3.521958065032958984e+01 2.748215866088867188e+01 1.866469001770019531e+01
7.554860305786132812e+01 3.514579582214355469e+01 2.897560882568359375e+01 1.874907302856445312e+01
7.551772975921630859e+01 3.548622226715087891e+01 2.946138191223144531e+01 1.827947807312011719e+01
7.587854766845703125e+01 3.624564552307129617e+01 3.050041198730468750e+01 2.576940536499023438e+01
7.642769527435302734e+01 3.916664409637451882e+01 2.942074775695800781e+01 2.872446632385253196e+01
7.776261138916015625e+01 3.915684413909912820e+01 2.986086273193359375e+01 2.653241157531737571e+01
7.885266971588134766e+01 4.066297626495361328e+01 3.156525230407714844e+01 3.002879905700683594e+01
7.810562992095947266e+01 3.995111083984375000e+01 2.973744773864746094e+01 3.045693206787109375e+01
7.992874717712402344e+01 4.098251724243164062e+01 3.121798324584960938e+01 3.239113616943359375e+01
8.003877258300781250e+01 4.126814460754394531e+01 3.047273254394531250e+01 3.270512008666992188e+01
8.060686779022216797e+01 4.196264457702636719e+01 2.975132179260253906e+01 3.009190750122070312e+01
8.122133636474609375e+01 4.174082374572753906e+01 2.989646911621093750e+01 2.910561752319335938e+01
8.039770126342773438e+01 4.208077526092529297e+01 2.942697143554687500e+01 2.821447181701660156e+01
8.068867588043212891e+01 4.209524536132812500e+01 3.176811027526855469e+01 3.012754821777343750e+01
8.001051521301269531e+01 4.253899383544921875e+01 2.998122024536132812e+01 2.977169799804687500e+01
7.944463729858398438e+01 4.340851974487304688e+01 2.990686798095703125e+01 2.865042114257812500e+01
8.001875591278076172e+01 4.261464786529541016e+01 2.991581153869628906e+01 2.863049125671386719e+01
7.947814178466796875e+01 4.305952644348144531e+01 2.942368316650390625e+01 2.871809005737304688e+01
7.878770828247070312e+01 4.381095218658447976e+01 2.990737152099609375e+01 2.882504844665526633e+01
7.936446189880371094e+01 4.416624641418457031e+01 3.010719680786132812e+01 2.843520736694335938e+01
8.008627700805664062e+01 4.470399475097656250e+01 3.010569763183593750e+01 2.833395385742187500e+01
7.891770076751708984e+01 4.560271644592285867e+01 3.002526283264160156e+01 2.941565322875975852e+01
8.041130352020263672e+01 4.490937900543212891e+01 2.954696846008300781e+01 2.811018943786621094e+01
7.906511211395263672e+01 4.521620178222656250e+01 2.953578376770019531e+01 2.971328735351562500e+01
7.934872245788574219e+01 4.446823883056640625e+01 2.931233596801757812e+01 2.824517059326171875e+01
7.887501144409179688e+01 4.438635349273681641e+01 2.932638549804687500e+01 2.962232017517089844e+01
7.832477188110351562e+01 4.563898372650146484e+01 2.973595428466796875e+01 2.835630989074707031e+01
7.829218769073486328e+01 4.625101375579834695e+01 2.940909385681152344e+01 2.947509956359862571e+01
7.854783248901367188e+01 4.550154781341552734e+01 2.898390960693359375e+01 2.945981025695800781e+01
7.823139476776123047e+01 4.545604324340821023e+01 2.949499702453613281e+01 3.057416534423827414e+01
7.922546958923339844e+01 4.607455253601074219e+01 2.923070907592773438e+01 3.157668685913085938e+01
7.864678668975830078e+01 4.569199848175048828e+01 2.938699913024902344e+01 2.925675010681152344e+01
7.953787136077880859e+01 4.588740539550781250e+01 2.926391029357910156e+01 2.977439117431640625e+01
7.787097835540771484e+01 4.590872001647949219e+01 2.968157386779785156e+01 2.937422561645507812e+01
7.942189788818359375e+01 4.570246505737304688e+01 2.810228729248046875e+01 3.112492370605468750e+01
7.763478374481201172e+01 4.484645938873291016e+01 2.978182411193847656e+01 3.107689476013183594e+01
7.856439208984375000e+01 4.551487350463867188e+01 2.901851654052734375e+01 3.237187194824218750e+01
