3.670000000000000000e+02 1.770000000000000000e+02 1.700000000000000000e+01 1.700000000000000000e+01
3.662189979553222656e+02 1.762355790138244629e+02 1.753684997558593750e+01 1.599226665496826172e+01
3.673620586395263672e+02 1.760733785629272461e+02 1.742761611938476562e+01 1.723105812072753906e+01
3.670232877731323242e+02 1.759707469940185547e+02 1.685141181945800781e+01 1.723110580444335938e+01
3.662997779846191406e+02 1.761093196868896484e+02 1.706899261474609375e+01 1.747840499877929688e+01
3.655655632019042969e+02 1.758985233306884766e+02 1.736911010742187500e+01 1.732512283325195312e+01
3.655862321853637695e+02 1.759099636077880859e+02 1.726120567321777344e+01 1.670003890991210938e+01
3.655664348602294922e+02 1.760690402984619141e+02 1.768059158325195312e+01 1.800117874145507812e+01
3.656448640823364258e+02 1.760819206237792969e+02 1.691779136657714844e+01 1.734663391113281250e+01
3.644825658798217773e+02 1.759851131439208984e+02 1.760150337219238281e+01 1.782231521606445312e+01
3.643204669952392578e+02 1.762156763076782227e+02 1.807316970825195312e+01 1.784210014343261719e+01
3.645263500213623047e+02 1.761931962966918945e+02 1.789738082885742188e+01 1.710331535339355469e+01
3.648722658157348633e+02 1.758185644149780273e+02 1.742269706726074219e+01 1.741299629211425781e+01
3.634252920150756836e+02 1.753455486297607422e+02 1.821096229553222656e+01 1.803953933715820312e+01
3.638704366683959961e+02 1.757702875137329102e+02 1.786767005920410156e+01 1.759362602233886719e+01
3.641504039764404297e+02 1.759432821273803711e+02 1.708030319213867188e+01 1.783403968811035156e+01
3.629476289749145508e+02 1.759081554412841797e+02 1.779404258728027344e+01 1.767267227172851562e+01
3.628077096939086914e+02 1.760010900497436523e+02 1.879907798767089844e+01 1.775612068176269531e+01
3.627796020507812500e+02 1.754887599945068359e+02 1.792936706542968750e+01 1.800236129760742188e+01
3.625269651412963867e+02 1.767424011230468750e+02 1.712924385070800781e+01 1.726491546630859375e+01
3.618508863449096680e+02 1.757211799621582031e+02 1.846064186096191406e+01 1.814750671386718750e+01
3.619268016815185547e+02 1.755257110595703125e+02 1.798020553588867188e+01 1.769775390625000000e+01
3.617477846145629883e+02 1.757472877502441406e+02 1.833228111267089844e+01 1.849812316894531250e+01
3.611207056045532227e+02 1.755281467437744141e+02 1.834633445739746094e+01 1.811371231079101562e+01
3.608742628097534180e+02 1.754254245758056641e+02 1.857071876525878906e+01 1.855466842651367188e+01
3.603712110519409180e+02 1.748936691284179688e+02 2.036281013488769531e+01 1.959101867675781250e+01
3.598944549560546875e+02 1.742928543090820312e+02 1.965026092529296875e+01 1.925756835937500000e+01
3.595079736709594727e+02 1.746352634429931641e+02 2.006560325622558594e+01 1.948990249633789062e+01
3.594057607650756836e+02 1.749306507110595703e+02 1.986525917053222656e+01 1.964185714721679688e+01
3.597526636123657227e+02 1.743687438964843750e+02 2.039282798767089844e+01 1.923590850830078125e+01
3.595073032379150391e+02 1.748626794815063477e+02 1.927447891235351562e+01 1.933383750915527344e+01
3.595993509292602539e+02 1.742817697525024414e+02 1.845674705505371094e+01 1.967993736267089844e+01
3.596792430877685547e+02 1.743746871948242188e+02 1.913524246215820312e+01 1.979283905029296875e+01
3.594248619079589844e+02 1.748177986145019531e+02 1.940064239501953125e+01 2.010287475585937500e+01
3.585091609954833984e+02 1.748655261993408203e+02 2.016992568969726562e+01 2.003165054321289062e+01
3.584062891006469727e+02 1.748854084014892578e+02 1.921433830261230469e+01 1.970965194702148438e+01
3.580328674316406250e+02 1.741961622238159180e+02 2.008928680419921875e+01 2.026788520812988281e+01
3.573885841369628906e+02 1.738692636489868164e+02 1.989332580566406250e+01 2.058150291442871094e+01
3.572482233047485352e+02 1.738560276031494141e+02 1.926258659362792969e+01 2.012494277954101562e+01
3.576090841293334961e+02 1.744175205230712891e+02 2.001356697082519531e+01 2.106407546997070312e+01
3.572519998550415039e+02 1.743579416275024414e+02 1.963036918640136719e+01 2.064089775085449219e+01
3.568489208221435547e+02 1.737251110076904297e+02 1.946185684204101562e+01 2.124486923217773438e+01
3.561747379302978516e+02 1.740860128402709961e+02 2.000487899780273438e+01 2.088891029357910156e+01
3.557912664413452148e+02 1.734706687927246094e+02 2.069769477844238281e+01 2.015367889404296875e+01
3.566693096160888672e+02 1.733495836257934570e+02 1.965161514282226562e+01 2.074453544616699219e+01
3.561195936203002930e+02 1.736164474487304688e+02 2.014814949035644531e+01 2.166617584228515625e+01
3.563284997940063477e+02 1.738732490539550781e+02 1.881382560729980469e+01 2.055661773681640625e+01
3.559106578826904297e+02 1.728484163284301758e+02 2.136614608764648438e+01 2.192931938171386719e+01
3.555105266571044922e+02 1.729541521072387695e+02 2.113205337524414062e+01 2.260304832458496094e+01
3.550285329818725586e+02 1.722362165451049805e+02 2.110674476623535156e+01 2.282283973693847656e+01
3.545171031951904297e+02 1.717449493408203125e+02 2.089836502075195312e+01 2.272772216796875000e+01
3.544889783859252930e+02 1.728822126388549805e+02 2.115437507629394531e+01 2.227240943908691406e+01
3.538509988784790039e+02 1.721717710494995117e+02 2.032458305358886719e+01 2.132542610168457031e+01
3.541463756561279297e+02 1.721360931396484375e+02 2.061697769165039062e+01 2.269039916992187500e+01
3.543214054107666016e+02 1.723455085754394531e+02 1.951556777954101562e+01 2.285360717773437500e+01
3.531879386901855469e+02 1.728560152053833008e+02 2.037891387939453125e+01 2.249797630310058594e+01
3.532847976684570312e+02 1.721501731872558594e+02 2.233487701416015625e+01 2.322685241699218750e+01
3.533648891448974609e+02 1.721776676177978516e+02 2.132138442993164062e+01 2.228953933715820312e+01
3.523782348632812500e+02 1.722349567413330078e+02 2.223647308349609375e+01 2.363678359985351562e+01
3.520440464019775391e+02 1.720515928268432617e+02 2.297851943969726562e+01 2.301683235168457031e+01
3.507405052185058594e+02 1.710320100784301758e+02 2.365077209472656250e+01 2.397224235534667969e+01
3.507590351104736328e+02 1.714509382247924805e+02 2.289712905883789062e+01 2.426970863342285156e+01
3.502894449234008789e+02 1.715439348220825195e+02 2.287926292419433594e+01 2.399643516540527344e+01
3.503257551193237305e+02 1.717744245529174805e+02 2.145547676086425781e+01 2.238147926330566406e+01
3.503438453674316406e+02 1.719966192245483398e+02 2.158934783935546875e+01 2.282081031799316406e+01
3.498357172012329102e+02 1.719132804870605469e+02 2.137121391296386719e+01 2.324687194824218750e+01
3.491530895233154297e+02 1.715918684005737305e+02 2.186183547973632812e+01 2.323945045471191406e+01
3.492195568084716797e+02 1.714810905456542969e+02 2.139790725708007812e+01 2.344354248046875000e+01
3.488411111831665039e+02 1.722807798385620117e+02 2.236298942565917969e+01 2.320628547668457031e+01
3.484736099243164062e+02 1.719750442504882812e+02 2.138262939453125000e+01 2.301813507080078125e+01
3.476997489929199219e+02 1.718872661590576172e+02 2.260363769531250000e+01 2.354699325561523438e+01
3.469191570281982422e+02 1.717195682525634766e+02 2.370782852172851562e+01 2.386943435668945312e+01
3.466887292861938477e+02 1.711480941772460938e+02 2.547118949890136719e+01 2.406916809082031250e+01
3.471714611053466797e+02 1.710948038101196289e+02 2.415137100219726562e+01 2.472371482849121094e+01
3.468510961532592773e+02 1.714115324020385742e+02 2.266597938537597656e+01 2.431155586242675781e+01
3.461156663894653320e+02 1.708278636932373047e+02 2.581320762634277344e+01 2.473113632202148438e+01
3.450101718902587891e+02 1.699111032485961914e+02 2.533970260620117188e+01 2.655947685241699219e+01
3.451047525405883789e+02 1.702801399230957031e+02 2.263131523132324219e+01 2.609434509277343750e+01
3.446961202621459961e+02 1.703537559509277344e+02 2.579264259338378906e+01 2.628955078125000000e+01
3.444988307952880859e+02 1.696649322509765625e+02 2.251790237426757812e+01 2.680960083007812500e+01
3.434628639221191406e+02 1.704740247726440430e+02 2.401417541503906250e+01 2.453466224670410156e+01
3.434722166061401367e+02 1.688558368682861328e+02 2.634523200988769531e+01 2.752544021606445312e+01
3.422222852706909180e+02 1.689090566635131836e+02 2.605272865295410156e+01 2.752459907531738281e+01
3.419744949340820312e+02 1.680107078552246094e+02 2.731842041015625000e+01 2.823606109619140625e+01
3.412655525207519531e+02 1.698066072463989258e+02 2.250873565673828125e+01 2.690221214294433594e+01
3.406593961715698242e+02 1.688535461425781250e+02 2.716350746154785156e+01 2.743048858642578125e+01
3.402535877227783203e+02 1.689554519653320312e+02 2.723432540893554688e+01 2.740143585205078125e+01
3.395619316101074219e+02 1.686428442001342773e+02 2.617086029052734375e+01 2.802508735656738281e+01
3.392727022171020508e+02 1.687601671218872070e+02 2.824530601501464844e+01 2.797227287292480469e+01
3.385784521102905273e+02 1.697737560272216797e+02 2.403139686584472656e+01 2.742076492309570312e+01
3.379223327636718750e+02 1.689118194580078125e+02 2.861864471435546875e+01 2.817399597167968750e+01
3.377932786941528320e+02 1.670445022583007812e+02 2.858077812194824219e+01 2.958001708984375000e+01
3.361371746063232422e+02 1.687092075347900391e+02 2.577653884887695312e+01 2.890710830688476562e+01
3.357108449935913086e+02 1.694687423706054688e+02 2.913157844543457031e+01 2.721231842041015625e+01
3.352455244064331055e+02 1.682384376525878906e+02 2.630026435852050781e+01 2.786544036865234375e+01
3.343276405334472656e+02 1.689693250656127930e+02 2.797663879394531250e+01 2.817813301086425781e+01
3.333078308105468750e+02 1.690212984085083008e+02 2.631392669677734375e+01 2.784496879577636719e+01
3.335556774139404297e+02 1.697699613571166992e+02 2.622496414184570312e+01 2.810544013977050781e+01
3.323750162124633789e+02 1.694552783966064453e+02 2.957669639587402344e+01 2.745814895629882812e+01
3.298065223693847656e+02 1.691762733459472656e+02 3.380435943603515625e+01 2.787570953369140625e+01
3.289229068756103516e+02 1.692543296813964844e+02 3.342100143432617188e+01 2.772718811035156250e+01
3.285197067260742188e+02 1.687486219406127930e+02 3.265924072265625000e+01 2.912917518615722656e+01
3.299485635757446289e+02 1.689628639221191406e+02 3.127441215515136719e+01 2.833565521240234375e+01
3.304187269210815430e+02 1.683410110473632812e+02 2.547906684875488281e+01 2.931234741210937500e+01
3.317005023956298828e+02 1.694382352828979492e+02 2.711379623413085938e+01 2.578376960754394531e+01
3.319168748855590820e+02 1.700891151428222656e+02 2.221855735778808594e+01 2.585778808593750000e+01
3.343121566772460938e+02 1.702291564941406250e+02 2.111689758300781250e+01 2.423667907714843750e+01
3.357129592895507812e+02 1.706619663238525391e+02 2.236277770996093750e+01 2.205553817749023438e+01
3.264373102188110352e+02 1.698978786468505859e+02 2.339310264587402344e+01 2.077042007446289062e+01
3.244481744766235352e+02 1.687088260650634766e+02 2.498958396911621094e+01 2.300237655639648438e+01
3.225016107559204102e+02 1.692897911071777344e+02 2.677430534362792969e+01 2.489585876464843750e+01
3.223502759933471680e+02 1.684362754821777344e+02 2.346886634826660156e+01 2.639299774169921875e+01
3.213124103546142578e+02 1.680130081176757812e+02 2.668471908569335938e+01 2.755591583251953125e+01
3.211810703277587891e+02 1.678922805786132812e+02 2.673997116088867188e+01 3.101313018798828125e+01
3.191645250320434570e+02 1.676265411376953125e+02 3.172242546081542969e+01 3.202606964111328125e+01
3.186847019195556641e+02 1.667235593795776367e+02 3.157889175415039062e+01 3.149551582336425781e+01
3.187927942276000977e+02 1.653160018920898438e+02 2.942991447448730469e+01 3.383293151855468750e+01
3.177992134094238281e+02 1.652870960235595703e+02 2.800119018554687500e+01 3.339603042602539062e+01
3.169549741744995117e+02 1.660410575866699219e+02 2.812395668029785156e+01 3.372457885742187500e+01
3.160438728332519531e+02 1.643264198303222656e+02 2.944696044921875000e+01 3.561095428466796875e+01
3.142314481735229492e+02 1.647393875122070312e+02 3.030945777893066406e+01 3.521417236328125000e+01
3.132694892883300781e+02 1.654258346557617188e+02 3.134995269775390625e+01 3.428187561035156250e+01
3.126703186035156250e+02 1.649253463745117188e+02 3.134570312500000000e+01 3.460150146484375000e+01
3.118483896255493164e+02 1.645303611755371094e+02 3.131539726257324219e+01 3.565009307861328125e+01
3.102269687652587891e+02 1.655379695892333984e+02 3.300852584838867188e+01 3.522662734985351562e+01
3.105182676315307617e+02 1.638239498138427734e+02 3.093538856506347656e+01 3.589683914184570312e+01
3.080695323944091797e+02 1.653440437316894531e+02 3.572053909301757812e+01 3.502129364013671875e+01
3.080591106414794922e+02 1.643486824035644531e+02 3.252768325805664062e+01 3.589398956298828125e+01
3.067284984588623047e+02 1.645871448516845703e+02 3.373958206176757812e+01 3.595708847045898438e+01
3.053100261688232422e+02 1.642816581726074219e+02 3.595643997192382812e+01 3.624289703369140625e+01
3.039682064056396484e+02 1.634837074279785156e+02 4.170608901977539062e+01 3.757415008544921875e+01
3.032304687500000000e+02 1.643711795806884766e+02 4.297566223144531250e+01 3.646778488159179688e+01
3.019833831787109375e+02 1.641902942657470703e+02 4.068621826171875000e+01 3.704656600952148438e+01
3.017200393676757812e+02 1.637454147338867188e+02 4.128761291503906250e+01 3.699514770507812500e+01
2.997748126983642578e+02 1.635757656097412109e+02 3.438390731811523438e+01 3.729683303833007812e+01
2.986078071594238281e+02 1.632137336730957031e+02 4.150455474853515625e+01 3.839250946044921875e+01
2.976538009643554688e+02 1.636291465759277344e+02 4.390356445312500000e+01 3.838117218017578125e+01
2.967046890258789062e+02 1.634057750701904297e+02 4.334039306640625000e+01 3.870662307739257812e+01
2.956145591735839844e+02 1.613663597106933594e+02 4.439383697509765625e+01 4.050060272216796875e+01
2.942933521270751953e+02 1.614618530273437500e+02 4.277050399780273438e+01 3.985354614257812500e+01
2.910114212036132812e+02 1.627649211883544922e+02 4.680560302734375000e+01 3.958002090454101562e+01
2.916204414367675781e+02 1.617197608947753906e+02 3.807498931884765625e+01 3.922386932373046875e+01
2.903793029785156250e+02 1.610197467803955078e+02 3.355564880371093750e+01 4.045875167846679688e+01
2.887691001892089844e+02 1.620939292907714844e+02 3.715673065185546875e+01 4.025356292724609375e+01
2.876922702789306641e+02 1.616623115539550781e+02 3.529542160034179688e+01 3.951074981689453125e+01
2.862929115295410156e+02 1.617574024200439453e+02 3.905651092529296875e+01 4.068273544311523438e+01
2.845327129364013672e+02 1.615658836364746094e+02 3.593669509887695312e+01 4.030834197998046875e+01
2.832592029571533203e+02 1.612772674560546875e+02 4.060766220092773438e+01 4.123809814453125000e+01
2.823400325775146484e+02 1.606989078521728516e+02 3.852734756469726562e+01 4.071245956420898438e+01
2.812990016937255859e+02 1.599838352203369141e+02 3.629376602172851562e+01 4.216779708862304688e+01
2.800716667175292969e+02 1.598987026214599609e+02 3.857050323486328125e+01 4.247941970825195312e+01
2.790440311431884766e+02 1.586122074127197266e+02 4.103271102905273438e+01 4.535407638549804688e+01
2.771505241394042969e+02 1.590663261413574219e+02 3.833782196044921875e+01 4.318489837646484375e+01
2.750272426605224609e+02 1.594419479370117188e+02 3.887654495239257812e+01 4.402920532226562500e+01
2.748351726531982422e+02 1.584271945953369141e+02 4.212031936645507812e+01 4.561396408081054688e+01
2.727557754516601562e+02 1.585100479125976562e+02 3.939036560058593750e+01 4.541064453125000000e+01
2.716834068298339844e+02 1.584299373626708984e+02 3.850247955322265625e+01 4.589955520629882812e+01
2.695817813873291016e+02 1.580274658203125000e+02 4.043746566772460938e+01 4.607032775878906250e+01
2.680888652801513672e+02 1.575909252166748047e+02 3.997742080688476562e+01 4.601102066040039062e+01
2.659142894744873047e+02 1.570294208526611328e+02 4.017708206176757812e+01 4.712731552124023438e+01
2.634028396606445312e+02 1.566469287872314453e+02 4.247679138183593750e+01 4.901113510131835938e+01
2.621564178466796875e+02 1.552112541198730469e+02 4.330686950683593750e+01 5.026866912841796875e+01
2.603662071228027344e+02 1.550641670227050781e+02 4.469470977783203125e+01 5.073955535888671875e+01
2.585696105957031250e+02 1.552023162841796875e+02 4.560867309570312500e+01 5.108027648925781250e+01
2.556526756286621094e+02 1.544268302917480469e+02 6.034934234619140625e+01 5.190447235107421875e+01
2.527216777801513672e+02 1.531533794403076172e+02 6.082332229614257812e+01 5.407638931274414062e+01
2.508512821197509766e+02 1.535811634063720703e+02 4.744442367553710938e+01 5.274285507202148438e+01
2.493023300170898438e+02 1.554391784667968750e+02 4.596609497070312500e+01 5.211952209472656250e+01
2.490485591888427734e+02 1.538715038299560547e+02 4.799832534790039062e+01 5.446529006958007812e+01
2.443322086334228516e+02 1.547310447692871094e+02 4.725483322143554688e+01 5.239244842529296875e+01
2.432387161254882812e+02 1.540207118988037109e+02 5.030528259277343750e+01 5.389754104614257812e+01
2.398118247985839844e+02 1.551177558898925781e+02 5.197556304931640625e+01 5.329624176025390625e+01
2.361495532989501953e+02 1.547517833709716797e+02 5.431214523315429688e+01 5.387166213989257812e+01
2.334789485931396484e+02 1.537953395843505859e+02 5.318671035766601562e+01 5.473115921020507812e+01
2.308263473510742188e+02 1.526951885223388672e+02 6.717243957519531250e+01 5.684257888793945312e+01
2.246797637939453125e+02 1.487463550567626953e+02 7.691757202148437500e+01 6.092924118041992188e+01
2.202386054992675781e+02 1.483606281280517578e+02 8.080208587646484375e+01 6.063279342651367188e+01
2.174109687805175781e+02 1.483797817230224609e+02 8.138985443115234375e+01 6.087759780883789062e+01
2.160136032104492188e+02 1.445417976379394531e+02 8.190467834472656250e+01 6.443824005126953125e+01
2.130303611755371094e+02 1.476136074066162109e+02 8.324897003173828125e+01 6.302569961547851562e+01
2.074058189392089844e+02 1.478585319519042969e+02 8.315555572509765625e+01 6.329680633544921875e+01
2.042354888916015625e+02 1.455513038635253906e+02 8.588412475585937500e+01 6.580548858642578125e+01
1.986637840270996094e+02 1.475174827575683594e+02 8.870432281494140625e+01 6.401558685302734375e+01
1.955793075561523438e+02 1.450687408447265625e+02 9.016288757324218750e+01 6.646467590332031250e+01
1.908130493164062500e+02 1.445095787048339844e+02 9.117773437500000000e+01 6.840477752685546875e+01
1.879965133666992188e+02 1.434659156799316406e+02 9.481132507324218750e+01 6.903546905517578125e+01
1.832225837707519531e+02 1.443965492248535156e+02 9.788686370849609375e+01 6.872428131103515625e+01
1.772360420227050781e+02 1.439915924072265625e+02 1.008418197631835938e+02 7.000212097167968750e+01
1.746804466247558594e+02 1.420693321228027344e+02 1.018506240844726562e+02 7.288127899169921875e+01
1.689670295715332031e+02 1.406887130737304688e+02 1.050501937866210938e+02 7.373272705078125000e+01
1.603475914001464844e+02 1.419817047119140625e+02 1.072546157836914062e+02 7.209529113769531250e+01
1.556848144531250000e+02 1.391410064697265625e+02 1.092258300781250000e+02 7.628071594238281250e+01
1.512712364196777344e+02 1.386284523010253906e+02 1.128462295532226562e+02 7.715018463134765625e+01
1.453564224243164062e+02 1.353829498291015625e+02 1.158367767333984375e+02 8.098204040527343750e+01
1.406701431274414062e+02 1.356742477416992188e+02 1.192669525146484375e+02 8.068603515625000000e+01
1.341929092407226847e+02 1.328492240905762003e+02 1.211789703369140625e+02 8.345641326904296875e+01
1.242019805908203409e+02 1.331854934692383097e+02 1.284727478027343750e+02 8.474798583984375000e+01
1.187783432006836222e+02 1.300297851562500284e+02 1.330289154052734375e+02 8.807600402832031250e+01
1.114633636474609659e+02 1.296063613891601847e+02 1.363307495117187500e+02 8.990322875976562500e+01
1.053276748657226562e+02 1.286826591491699219e+02 1.388671417236328125e+02 9.203533172607421875e+01
9.727657318115234375e+01 1.281159133911132812e+02 1.419191741943359375e+02 9.295828247070312500e+01
8.929911041259765625e+01 1.263523063659667969e+02 1.480769805908203125e+02 9.492745208740234375e+01
7.983271026611328125e+01 1.251106719970703125e+02 1.555188751220703125e+02 9.759516906738281250e+01
7.199272155761718750e+01 1.242859115600585938e+02 1.591923828125000000e+02 9.873431396484375000e+01
6.238268280029296875e+01 1.204075508117675781e+02 1.632663421630859375e+02 1.033432388305664062e+02
5.246125030517578125e+01 1.172393302917480469e+02 1.713752899169921875e+02 1.078591232299804688e+02
4.390281677246093750e+01 1.159291763305664062e+02 1.752506408691406250e+02 1.103302612304687500e+02
3.368841552734375000e+01 1.152569046020507812e+02 1.797356567382812500e+02 1.114425659179687500e+02
2.135115051269531250e+01 1.169026374816894531e+02 1.918851013183593750e+02 1.112645034790039062e+02
8.586975097656250000e+00 1.135763511657714844e+02 2.013030395507812500e+02 1.168440170288085938e+02
1.268707275390625000e+00 1.088888053894042969e+02 2.063688964843750000e+02 1.227105636596679688e+02
0.000000000000000000e+00 1.069746665954589844e+02 2.026378326416015625e+02 1.258318710327148438e+02
0.000000000000000000e+00 1.050029754638671875e+02 1.953039932250976562e+02 1.286219940185546875e+02
0.000000000000000000e+00 1.031678771972656250e+02 1.927152824401855469e+02 1.311125640869140625e+02
0.000000000000000000e+00 1.001303100585937500e+02 1.864942836761474609e+02 1.353335723876953125e+02
0.000000000000000000e+00 1.021939086914062500e+02 1.762868757247924805e+02 1.334885406494140625e+02
0.000000000000000000e+00 1.267071647644042969e+02 1.690772147178649902e+02 1.074000167846679688e+02
6.230957293510437012e+01 1.183574447631835938e+02 1.031066284179687500e+02 1.116952819824218750e+02
6.737647891044616699e+01 1.636742248535156250e+02 9.023828887939453125e+01 6.622557067871093750e+01
3.972933459281921387e+01 1.725408630371093750e+02 1.008860626220703125e+02 5.790669250488281250e+01
4.665752673149108887e+01 1.720659160614013672e+02 8.555668640136718750e+01 5.488612747192382812e+01
