5.000000000000000000e+00 1.660000000000000000e+02 1.600000000000000000e+01 1.900000000000000000e+01
3.978406906127929688e+00 1.679029631614685059e+02 1.947677993774414062e+01 1.589059162139892578e+01
4.361865997314453125e+00 1.677746706008911133e+02 1.947276306152343750e+01 1.603354454040527344e+01
4.152195930480957031e+00 1.676292524337768555e+02 1.910969352722167969e+01 1.617875099182128906e+01
4.555750846862792969e+00 1.676486253738403320e+02 1.956488990783691406e+01 1.595278739929199219e+01
4.724666595458984375e+00 1.673968372344970703e+02 1.918865203857421875e+01 1.622214889526367188e+01
4.872442245483398438e+00 1.672153072357177734e+02 1.916027450561523438e+01 1.626347732543945312e+01
5.018409729003906250e+00 1.670691595077514648e+02 1.920315551757812500e+01 1.624241828918457031e+01
5.391223907470703125e+00 1.667318830490112305e+02 1.903299713134765625e+01 1.640025520324707031e+01
5.418146133422851562e+00 1.674112043380737305e+02 1.952125167846679688e+01 1.630655097961425781e+01
5.852947235107421875e+00 1.666253099441528320e+02 1.893888092041015625e+01 1.656147575378417969e+01
5.169390678405761719e+00 1.673112049102783203e+02 1.948520851135253906e+01 1.650689315795898438e+01
5.623627662658691406e+00 1.665174970626831055e+02 1.919354057312011719e+01 1.666678810119628906e+01
5.843920707702636719e+00 1.665470046997070312e+02 1.948497962951660156e+01 1.670689392089843750e+01
5.998033523559570312e+00 1.670639362335205078e+02 1.947665786743164062e+01 1.685766983032226562e+01
6.492009162902832031e+00 1.667215833663940430e+02 1.910677909851074219e+01 1.678463935852050781e+01
6.672174453735351562e+00 1.666661205291748047e+02 1.904765701293945312e+01 1.696270370483398438e+01
6.875243186950683594e+00 1.666196222305297852e+02 1.922366523742675781e+01 1.707686424255371094e+01
6.872719764709472656e+00 1.662707300186157227e+02 1.916120719909667969e+01 1.698293876647949219e+01
6.387037277221679688e+00 1.667139492034912109e+02 1.991955947875976562e+01 1.738380050659179688e+01
6.817776679992675781e+00 1.663059225082397461e+02 1.962236595153808594e+01 1.735390663146972656e+01
6.784820556640625000e+00 1.662579565048217773e+02 1.954984283447265625e+01 1.760312843322753906e+01
7.228367805480957031e+00 1.657994766235351562e+02 1.997672080993652344e+01 1.766123962402343750e+01
7.478117942810058594e+00 1.656479759216308594e+02 2.004147529602050781e+01 1.784876251220703125e+01
8.039349555969238281e+00 1.656815643310546875e+02 2.006844139099121094e+01 1.766401672363281250e+01
7.999699592590332031e+00 1.654454803466796875e+02 1.971974754333496094e+01 1.810942840576171875e+01
7.926773071289062500e+00 1.654600210189819336e+02 1.988378906250000000e+01 1.810546302795410156e+01
7.903967857360839844e+00 1.653888282775878906e+02 2.037478828430175781e+01 1.820482635498046875e+01
7.666139602661132812e+00 1.662884769439697266e+02 2.111727523803710938e+01 1.880175399780273438e+01
8.801615715026855469e+00 1.656886072158813477e+02 2.050984382629394531e+01 1.824582481384277344e+01
8.665641784667968750e+00 1.657525043487548828e+02 2.048062133789062500e+01 1.813534164428710938e+01
8.653457641601562500e+00 1.655511989593505859e+02 2.081716156005859375e+01 1.841945266723632812e+01
8.470953941345214844e+00 1.660374794006347656e+02 2.085488319396972656e+01 1.865811157226562500e+01
9.584933280944824219e+00 1.658194828033447266e+02 2.143895149230957031e+01 1.817552566528320312e+01
9.102828979492187500e+00 1.661355571746826172e+02 2.144050598144531250e+01 1.885249710083007812e+01
1.005962657928466797e+01 1.658026638031005859e+02 2.132439613342285156e+01 1.844480514526367188e+01
1.013598632812500000e+01 1.656241741180419922e+02 2.112420654296875000e+01 1.890085983276367188e+01
1.026896667480468750e+01 1.656692676544189453e+02 2.148826599121093750e+01 1.907432937622070312e+01
1.047093009948730469e+01 1.653461656570434570e+02 2.129356765747070312e+01 1.876547050476074219e+01
1.126782608032226562e+01 1.652492752075195312e+02 2.175753784179687500e+01 1.914593505859375000e+01
1.207121658325195312e+01 1.653894090652465820e+02 2.145648193359375000e+01 1.911775016784667969e+01
1.274544906616210938e+01 1.653353710174560547e+02 2.077149963378906250e+01 1.955809402465820312e+01
1.318585872650146484e+01 1.650257987976074219e+02 2.041828346252441406e+01 1.941987609863281250e+01
1.377715301513671875e+01 1.652685956954956055e+02 2.125579833984375000e+01 1.960474586486816406e+01
1.423581981658935547e+01 1.652028579711914062e+02 2.124987220764160156e+01 2.033126831054687500e+01
1.390112400054931641e+01 1.657570533752441406e+02 2.158935356140136719e+01 2.014679718017578125e+01
1.403839206695556641e+01 1.653333806991577148e+02 2.153477287292480469e+01 1.956755256652832031e+01
1.515869903564453125e+01 1.652923784255981445e+02 2.200471496582031250e+01 1.948351860046386719e+01
1.481196784973144531e+01 1.649459848403930664e+02 2.183696365356445312e+01 1.968774223327636719e+01
1.545631217956542969e+01 1.655737361907958984e+02 2.240170669555664062e+01 2.057164382934570312e+01
1.581929111480712891e+01 1.650704507827758789e+02 2.181953239440917969e+01 2.030557060241699219e+01
1.641194438934326172e+01 1.646272144317626953e+02 2.238393592834472656e+01 2.027321243286132812e+01
1.654400539398193359e+01 1.638546619415283203e+02 2.176500129699707031e+01 2.169148635864257812e+01
1.737478637695312500e+01 1.645728502273559570e+02 2.200585937500000000e+01 2.156218528747558594e+01
1.839974784851074219e+01 1.648237571716308594e+02 2.218066024780273438e+01 2.132121276855468750e+01
1.839287757873535156e+01 1.645364456176757812e+02 2.218047714233398438e+01 2.150715637207031250e+01
1.931738281250000000e+01 1.648654088973999023e+02 2.272373199462890625e+01 2.161290168762207031e+01
1.894574928283691406e+01 1.641780290603637695e+02 2.346252059936523438e+01 2.248453330993652344e+01
1.899395179748535156e+01 1.639844131469726562e+02 2.393881607055664062e+01 2.307823181152343750e+01
2.024192237854003906e+01 1.635461711883544922e+02 2.444218063354492188e+01 2.272893905639648438e+01
2.079046058654785156e+01 1.635846691131591797e+02 2.448910140991210938e+01 2.374959945678710938e+01
2.053599071502685547e+01 1.627581396102905273e+02 2.506056404113769531e+01 2.399013710021972656e+01
2.172731590270996804e+01 1.631803874969482422e+02 2.544461441040039062e+01 2.411727523803710938e+01
2.319456100463867898e+01 1.625730533599853516e+02 2.599822235107421875e+01 2.465497207641601562e+01
2.365288448333740945e+01 1.625980482101440430e+02 2.682207679748535156e+01 2.494521522521972656e+01
2.372576904296875711e+01 1.624810256958007812e+02 2.706269073486328125e+01 2.550931549072265625e+01
2.533521842956543679e+01 1.623935041427612305e+02 2.705889511108398438e+01 2.560501289367675781e+01
2.483450603485108132e+01 1.616129941940307617e+02 2.852005195617675781e+01 2.647608375549316406e+01
2.601097583770752664e+01 1.611840658187866211e+02 2.852879142761230469e+01 2.650670814514160156e+01
2.697060108184815164e+01 1.615004043579101562e+02 2.838754844665527344e+01 2.733815002441406250e+01
2.762991523742676492e+01 1.614981870651245117e+02 2.849190902709960938e+01 2.677097511291503906e+01
2.851852703094483132e+01 1.609403104782104492e+02 2.879911994934082031e+01 2.781885719299316406e+01
2.842823028564453836e+01 1.604417896270751953e+02 2.928884124755859375e+01 2.757218551635742188e+01
2.986158847808838601e+01 1.593915081024169922e+02 2.892060661315917969e+01 2.868677139282226562e+01
3.045114994049072976e+01 1.589462985992431641e+02 2.968166160583496094e+01 2.894683456420898438e+01
3.168354988098145242e+01 1.579402637481689453e+02 2.962969589233398438e+01 3.076826095581054688e+01
3.275364685058594461e+01 1.579944038391113281e+02 2.925021362304687500e+01 3.058093261718750000e+01
3.376522350311280007e+01 1.580924711227416992e+02 2.945411872863769531e+01 3.132842445373535156e+01
3.487170696258545632e+01 1.569772739410400391e+02 3.039863014221190696e+01 3.199518966674804688e+01
3.458683872222900391e+01 1.564696044921875000e+02 3.089908409118652344e+01 3.374044036865234375e+01
3.592226123809814453e+01 1.569181690216064453e+02 3.118690299987792969e+01 3.298945999145507812e+01
3.715575695037841797e+01 1.579507942199707031e+02 3.149359321594238281e+01 3.092713928222656250e+01
3.886919498443603516e+01 1.588191957473754883e+02 3.176749229431152344e+01 3.065302848815917969e+01
3.965312576293945312e+01 1.580510253906250000e+02 3.290242767333984375e+01 3.064876556396484375e+01
3.999943161010742188e+01 1.567944278717041016e+02 3.319580841064453125e+01 3.350236892700195312e+01
4.114973449707031250e+01 1.567439022064208984e+02 3.338003540039062500e+01 3.305611801147460938e+01
4.321559715270996094e+01 1.571810741424560547e+02 3.333023452758789062e+01 3.302770614624023438e+01
4.485201072692871094e+01 1.591049604415893555e+02 3.385609817504882812e+01 3.179696846008300781e+01
4.468179321289062500e+01 1.581094646453857422e+02 3.464813232421875000e+01 3.250345993041992188e+01
4.498811912536621094e+01 1.576076126098632812e+02 3.628172683715820312e+01 3.302672576904296875e+01
4.556752204895019531e+01 1.575172443389892578e+02 3.790639877319335938e+01 3.320309829711914062e+01
4.608318710327148438e+01 1.572218074798583984e+02 4.225606536865234375e+01 3.453054428100585938e+01
4.831707191467285156e+01 1.563692455291748047e+02 4.141692733764648438e+01 3.524595260620117188e+01
4.953944206237792969e+01 1.570775070190429688e+02 4.101448440551757812e+01 3.597130584716796875e+01
5.395972061157226562e+01 1.564701328277587891e+02 3.819367218017578125e+01 3.579080581665039062e+01
5.499775886535644531e+01 1.567327308654785156e+02 3.904032516479492188e+01 3.639697265625000000e+01
5.593256759643554688e+01 1.565967693328857422e+02 4.096381378173828125e+01 3.687794113159179688e+01
5.853653144836425781e+01 1.558878250122070312e+02 4.091440963745117188e+01 3.743029022216796875e+01
6.087768363952636719e+01 1.562240734100341797e+02 4.115932083129882812e+01 3.734083175659179688e+01
6.252805900573730469e+01 1.565101528167724609e+02 4.101161575317382812e+01 3.781414413452148438e+01
6.451163101196289062e+01 1.558626079559326172e+02 4.191999053955078125e+01 3.858788681030273438e+01
6.494576644897460938e+01 1.546574649810791016e+02 4.424413299560546875e+01 3.919809341430664062e+01
6.746008872985839844e+01 1.543896827697753906e+02 4.375915908813476562e+01 4.047224426269531250e+01
6.928288459777832031e+01 1.546332798004150391e+02 4.573589706420898438e+01 4.080464553833007812e+01
7.108111572265625000e+01 1.533867874145507812e+02 4.661695861816406250e+01 4.142815399169921875e+01
7.466494178771972656e+01 1.542863731384277344e+02 4.673374557495117188e+01 4.161204528808593750e+01
7.487748146057128906e+01 1.529703865051269531e+02 4.801266098022460938e+01 4.314654541015625000e+01
7.851119804382324219e+01 1.527099742889404297e+02 4.902971267700195312e+01 4.355045700073242188e+01
8.097516250610351562e+01 1.529211921691894531e+02 4.934992218017578125e+01 4.446635437011718750e+01
8.329770851135253906e+01 1.522892379760742188e+02 5.025327682495117188e+01 4.531276702880859375e+01
8.603502845764160156e+01 1.517415180206298828e+02 5.145786666870117188e+01 4.661110305786132812e+01
8.785654830932615766e+01 1.513887023925781250e+02 5.298805999755860796e+01 4.670276641845703125e+01
9.001906967163085938e+01 1.513303565979003906e+02 5.551601409912109375e+01 4.749147033691406250e+01
9.328919601440428266e+01 1.511544418334960938e+02 5.592464447021485796e+01 4.794214630126953125e+01
9.613314819335937500e+01 1.511031322479248047e+02 5.788594055175781250e+01 4.815670394897460938e+01
1.001623096466064453e+02 1.504623737335205078e+02 5.825042343139648438e+01 4.918869400024414062e+01
1.027693996429443359e+02 1.492355136871337891e+02 5.928808975219726562e+01 5.023869705200195312e+01
1.062425079345703125e+02 1.489723720550537109e+02 6.080767822265625000e+01 5.195353317260742188e+01
1.095450916290283203e+02 1.496084308624267578e+02 6.251676559448242188e+01 5.255690383911132812e+01
1.101083869934082031e+02 1.491532077789306641e+02 6.722945404052734375e+01 5.270973587036132812e+01
1.126918144226074219e+02 1.485980396270751953e+02 7.055838775634765625e+01 5.396922683715820312e+01
1.163527412414550781e+02 1.476769447326660156e+02 7.241759490966796875e+01 5.533995056152343750e+01
1.235446891784667969e+02 1.470941581726074219e+02 7.007575225830078125e+01 5.663711547851562500e+01
1.284617500305175781e+02 1.465155963897705078e+02 7.037776947021484375e+01 5.810695266723632812e+01
1.327078666687011719e+02 1.454062824249267578e+02 7.201392364501953125e+01 5.886740493774414062e+01
1.386136474609375000e+02 1.453496456146240234e+02 7.303948974609375000e+01 6.127013778686523438e+01
1.423712692260742188e+02 1.445960597991943359e+02 7.721488952636718750e+01 6.132567977905273438e+01
1.465597496032714844e+02 1.442888889312744141e+02 7.936991119384765625e+01 6.308586502075195312e+01
1.474803352355957031e+02 1.432440910339355469e+02 8.648259735107421875e+01 6.444972229003906250e+01
1.553735809326171875e+02 1.415757141113281250e+02 8.716561889648437500e+01 6.704550933837890625e+01
1.622349700927734375e+02 1.409754447937011719e+02 8.779632568359375000e+01 6.870964050292968750e+01
1.675300064086914062e+02 1.401113243103027344e+02 9.137638854980468750e+01 7.031608581542968750e+01
1.733650970458984375e+02 1.390174865722656250e+02 9.436557006835937500e+01 7.213877105712890625e+01
1.796225624084472656e+02 1.384557685852050781e+02 9.949507904052734375e+01 7.406491088867187500e+01
1.872790184020996094e+02 1.376064949035644531e+02 1.027295913696289062e+02 7.685873413085937500e+01
1.934275970458984375e+02 1.373690338134765625e+02 1.057176818847656250e+02 7.762088775634765625e+01
2.003773994445800781e+02 1.356952476501464844e+02 1.111707077026367188e+02 8.055113220214843750e+01
2.099505157470703125e+02 1.349583702087402344e+02 1.140589294433593750e+02 8.342539978027343750e+01
2.185980644226074219e+02 1.342960205078125284e+02 1.186430130004882812e+02 8.552811431884765625e+01
2.265858306884765625e+02 1.323250007629394815e+02 1.244640808105468750e+02 8.816201782226562500e+01
2.347850418090820312e+02 1.310011749267578693e+02 1.321662139892578125e+02 9.180362701416015625e+01
2.445254287719726562e+02 1.299816246032715412e+02 1.393006439208984375e+02 9.532093811035156250e+01
2.546211166381835938e+02 1.282869186401367756e+02 1.453665618896484375e+02 9.827739715576171875e+01
2.645052185058593750e+02 1.281430587768554972e+02 1.571080322265625000e+02 1.004031600952148438e+02
2.748005065917968750e+02 1.266100273132324219e+02 1.650009765625000000e+02 1.046009674072265625e+02
2.857288436889648438e+02 1.245501480102539062e+02 1.759464874267578125e+02 1.086361312866210938e+02
2.967973556518554688e+02 1.222811813354492188e+02 1.809828643798828125e+02 1.130243453979492188e+02
3.122803344726562500e+02 1.212385559082031250e+02 1.769555664062500000e+02 1.177825088500976562e+02
3.265452423095703125e+02 1.171881675720214844e+02 1.619632263183593750e+02 1.231825408935546875e+02
3.340048904418945312e+02 1.173321228027343750e+02 1.550161590576171875e+02 1.272505874633789062e+02
