6.100000000000000000e+01 1.500000000000000000e+02 1.100000000000000000e+01 2.400000000000000000e+01
6.215815734863281250e+01 1.475667982101440430e+02 1.043698120117187500e+01 2.618958473205566406e+01
6.191687583923339844e+01 1.509844150543212891e+02 1.100949478149414062e+01 2.217468643188476562e+01
6.274088764190673828e+01 1.502155961990356445e+02 1.194936943054199219e+01 2.240260505676269531e+01
6.310668563842773438e+01 1.472225933074951172e+02 1.132081604003906250e+01 2.596815490722656250e+01
6.523898553848266602e+01 1.515076990127563477e+02 1.355488109588623047e+01 2.152602577209472656e+01
6.691110849380493164e+01 1.520314064025878906e+02 1.330089855194091797e+01 2.247192764282226562e+01
6.750760889053344727e+01 1.509101190567016602e+02 1.277785778045654297e+01 2.294577217102050781e+01
7.013115549087524414e+01 1.513985633850097656e+02 1.293362712860107422e+01 2.280884933471679688e+01
7.243274402618408203e+01 1.527906494140625000e+02 1.299207878112792969e+01 2.151491928100585938e+01
7.339103460311889648e+01 1.521783761978149414e+02 1.380902576446533203e+01 2.229476356506347656e+01
7.414510393142700195e+01 1.524594669342041016e+02 1.305631923675537109e+01 2.173592376708984375e+01
7.466480922698974609e+01 1.529122552871704102e+02 1.339564704895019531e+01 2.169108009338378906e+01
7.632582807540893555e+01 1.522984476089477539e+02 1.321857547760009766e+01 2.217777442932128906e+01
8.034158468246459961e+01 1.524138288497924805e+02 1.075530719757080078e+01 2.212238121032714844e+01
8.124966859817504883e+01 1.533560209274291992e+02 1.125849819183349609e+01 2.195894813537597656e+01
8.268063449859619141e+01 1.518143463134765625e+02 1.075600242614746094e+01 2.308594512939453125e+01
8.368118143081665039e+01 1.519968395233154297e+02 1.181285381317138672e+01 2.231946945190429688e+01
8.450478410720825195e+01 1.507044782638549805e+02 1.236828517913818359e+01 2.270404624938964844e+01
8.619864368438720703e+01 1.522187814712524414e+02 1.406615257263183594e+01 2.216420173645019531e+01
8.713459539413452148e+01 1.517103948593139648e+02 1.300036334991455078e+01 2.256238365173339844e+01
8.957679653167724609e+01 1.540438137054443359e+02 1.255295753479003906e+01 2.162532043457031250e+01
9.093753910064697266e+01 1.532386827468872070e+02 1.265498161315917969e+01 2.143290138244628906e+01
9.139939928054809570e+01 1.535401639938354492e+02 1.252328395843505859e+01 2.117694664001464844e+01
9.469312191009521484e+01 1.541307649612426758e+02 1.603042793273925781e+01 1.962240791320800781e+01
9.724424076080322266e+01 1.554285507202148438e+02 1.683324241638183594e+01 1.971903610229492188e+01
9.855854415893554688e+01 1.537044124603271484e+02 1.525830841064453125e+01 2.121579742431640625e+01
9.979627037048339844e+01 1.556187448501586914e+02 1.470993423461914062e+01 2.045092964172363281e+01
9.948832750320434570e+01 1.548856077194213867e+02 1.486632442474365234e+01 2.083331871032714844e+01
9.911127567291259766e+01 1.543439130783081055e+02 1.679287528991699219e+01 2.092889213562011719e+01
9.818412303924560547e+01 1.545569400787353516e+02 1.823736763000488281e+01 2.032810211181640625e+01
9.973608779907226562e+01 1.524944925308227539e+02 1.737145233154296875e+01 2.349076271057128906e+01
9.948932361602783203e+01 1.528638935089111328e+02 1.716609001159667969e+01 2.143877410888671875e+01
9.980733585357666016e+01 1.528691682815551758e+02 1.707260704040527344e+01 2.371620368957519531e+01
1.001505279541015625e+02 1.538446006774902344e+02 1.689411926269531250e+01 2.156270980834960938e+01
1.025382614135742188e+02 1.540347080230712891e+02 1.634224700927734375e+01 2.108981323242187500e+01
1.024200191497802734e+02 1.535846738815307617e+02 1.700960922241210938e+01 2.260558128356933594e+01
1.105650315284729004e+02 1.548519954681396484e+02 1.408180522918701172e+01 2.284357452392578125e+01
1.115197458267211914e+02 1.538747940063476562e+02 1.424994468688964844e+01 2.428263473510742188e+01
1.143688802719116211e+02 1.532892999649047852e+02 1.272233772277832031e+01 2.465050697326660156e+01
1.160002398490905762e+02 1.535716381072998047e+02 1.133588504791259766e+01 2.433294677734375000e+01
1.149070639610290527e+02 1.533686695098876953e+02 1.316161060333251953e+01 2.402591705322265625e+01
1.173746886253356934e+02 1.536043376922607422e+02 1.304556751251220703e+01 2.376663208007812500e+01
1.208218340873718262e+02 1.539294672012329102e+02 1.457264041900634766e+01 2.688034248352050781e+01
1.208703546524047852e+02 1.538126831054687500e+02 1.614807701110839844e+01 2.703241348266601562e+01
1.232784714698791504e+02 1.541602468490600586e+02 1.374598979949951172e+01 2.620636558532714844e+01
1.251338491439819336e+02 1.548982210159301758e+02 1.340640449523925781e+01 2.541890907287597656e+01
1.262804627418518066e+02 1.540817785263061523e+02 1.251050853729248047e+01 2.640164756774902344e+01
1.275908627510070801e+02 1.545162115097045898e+02 1.239658260345458984e+01 2.529192924499511719e+01
1.285478048324584961e+02 1.545326318740844727e+02 1.426410865783691406e+01 2.481622505187988281e+01
1.304084768295288086e+02 1.546904802322387695e+02 1.357238197326660156e+01 2.574728584289550781e+01
1.312121348381042480e+02 1.543804311752319336e+02 1.265224552154541016e+01 2.595128440856933594e+01
1.338664646148681641e+02 1.538726701736450195e+02 1.322683334350585938e+01 2.842412757873535156e+01
1.358994917869567871e+02 1.536991424560546875e+02 1.365310382843017578e+01 3.062884902954101562e+01
1.355680179595947266e+02 1.540448179244995117e+02 1.419326400756835938e+01 3.102514457702636719e+01
1.380813431739807129e+02 1.540630521774291992e+02 1.247375011444091797e+01 2.975346946716308594e+01
1.391701297760009766e+02 1.553163919448852539e+02 1.281239700317382812e+01 2.825420570373535156e+01
1.411186757087707520e+02 1.549441356658935547e+02 1.144221401214599609e+01 2.734262847900390625e+01
1.423584823608398438e+02 1.566212053298950195e+02 1.233682250976562500e+01 2.549218177795410156e+01
1.436990885734558105e+02 1.559406290054321289e+02 1.251453495025634766e+01 2.706701087951660156e+01
1.449538440704345703e+02 1.572178812026977539e+02 1.289920425415039062e+01 2.694606971740722656e+01
1.479596962928771973e+02 1.561750106811523438e+02 1.145415019989013672e+01 2.727561569213867188e+01
1.496496715545654297e+02 1.561794338226318359e+02 1.143116378784179688e+01 2.622659301757812500e+01
1.506747560501098633e+02 1.557086429595947266e+02 1.211005210876464844e+01 2.667026519775390625e+01
1.516101489067077637e+02 1.556462564468383789e+02 1.284378147125244141e+01 2.737378883361816406e+01
1.539492859840393066e+02 1.559005088806152344e+02 1.223230266571044922e+01 3.083196640014648438e+01
1.544824314117431641e+02 1.552240848541259766e+02 1.286307907104492188e+01 3.202317810058593750e+01
1.556508240699768066e+02 1.561062116622924805e+02 1.301258373260498047e+01 3.143169212341308594e+01
1.561847820281982422e+02 1.569185781478881836e+02 1.359403610229492188e+01 3.032954216003417969e+01
1.582452054023742676e+02 1.567284593582153320e+02 1.284509181976318359e+01 2.808702278137207031e+01
1.592491769790649414e+02 1.567688474655151367e+02 1.426977348327636719e+01 2.871987724304199219e+01
1.624380364418029785e+02 1.573626966476440430e+02 1.585311412811279297e+01 2.884277915954589844e+01
1.637828273773193359e+02 1.562965784072875977e+02 1.526038742065429688e+01 3.112110328674316406e+01
1.661820330619812012e+02 1.560600595474243164e+02 1.413294315338134766e+01 3.168566322326660156e+01
1.667023234367370605e+02 1.565447788238525391e+02 1.599263858795166016e+01 3.440019989013671875e+01
1.682981700897216797e+02 1.550469379425048828e+02 1.410766220092773438e+01 3.423513031005859375e+01
1.697332019805908203e+02 1.555926055908203125e+02 1.449957656860351562e+01 3.669112014770507812e+01
1.716642541885375977e+02 1.565029277801513672e+02 1.420278739929199219e+01 3.881881713867187500e+01
1.704752941131591797e+02 1.563772773742675781e+02 1.580638504028320312e+01 3.704238510131835938e+01
1.734457430839538574e+02 1.567222900390625000e+02 1.545298862457275391e+01 3.700442886352539062e+01
1.736013669967651367e+02 1.568291549682617188e+02 1.736305427551269531e+01 3.909741592407226562e+01
1.761003828048706055e+02 1.567090358734130859e+02 1.546078681945800781e+01 3.718071746826171875e+01
1.763941040039062500e+02 1.572188320159912109e+02 1.645791625976562500e+01 3.443547058105468750e+01
1.791358442306518555e+02 1.576298141479492188e+02 1.502973365783691406e+01 3.269843673706054688e+01
1.886780099868774414e+02 1.651760997772216797e+02 2.292204093933105469e+01 2.824003601074218750e+01
2.073302192687988281e+02 1.622814884185791016e+02 2.027654266357421875e+01 3.389346313476562500e+01
2.040794305801391602e+02 1.597969856262207031e+02 2.582606315612792969e+01 3.365024185180664062e+01
1.865547418594360352e+02 1.552171802520751953e+02 1.998756217956542969e+01 3.977937316894531250e+01
1.861163978576660156e+02 1.559729194641113281e+02 1.878416442871093750e+01 3.931850051879882812e+01
1.891590681076049805e+02 1.561264533996582031e+02 1.721440315246582031e+01 4.034231948852539062e+01
1.889395542144775391e+02 1.568835239410400391e+02 1.867665481567382812e+01 3.943860626220703125e+01
1.912203779220581055e+02 1.565655250549316406e+02 1.788710975646972656e+01 3.891399002075195312e+01
1.929059009552001953e+02 1.572569427490234375e+02 1.715649795532226562e+01 3.841600418090820312e+01
1.932797632217407227e+02 1.573049736022949219e+02 1.850638389587402344e+01 3.790405654907226562e+01
1.949527902603149414e+02 1.578476009368896484e+02 1.755177879333496094e+01 3.768183898925781250e+01
1.984631819725036621e+02 1.576165866851806641e+02 1.547040271759033203e+01 3.935440063476562500e+01
1.974208087921142578e+02 1.570653877258300781e+02 1.630914688110351562e+01 3.863505935668945312e+01
2.013115477561950684e+02 1.565807266235351562e+02 1.382374286651611328e+01 3.937878036499023438e+01
2.051788339614868164e+02 1.571950950622558594e+02 1.639595603942871094e+01 3.897110366821289062e+01
2.046930155754089355e+02 1.566137714385986328e+02 1.420269107818603516e+01 3.945481109619140625e+01
2.045760641098022461e+02 1.583318920135498047e+02 1.352058601379394531e+01 3.700739288330078125e+01
2.055225763320922852e+02 1.616358375549316406e+02 1.554333305358886719e+01 3.357580947875976562e+01
2.106298971176147461e+02 1.612147579193115234e+02 2.189213752746582031e+01 3.479100036621093750e+01
2.062564191818237305e+02 1.633606834411621094e+02 2.714779090881347656e+01 3.147031784057617188e+01
2.064371223449707031e+02 1.623297719955444336e+02 2.341210174560546875e+01 3.198926353454589844e+01
2.061156482696533203e+02 1.609783782958984375e+02 2.295239639282226562e+01 3.353170394897460938e+01
2.058895368576049805e+02 1.591604194641113281e+02 2.242044258117675781e+01 3.553844833374023438e+01
2.072105274200439453e+02 1.595172882080078125e+02 2.403544235229492188e+01 3.643953323364257812e+01
2.038225040435791016e+02 1.614867057800292969e+02 2.782857894897460938e+01 3.229141616821289062e+01
2.055676269531250000e+02 1.564528999328613281e+02 2.402420043945312500e+01 3.756659317016601562e+01
2.082473907470703125e+02 1.597356395721435547e+02 2.324447631835937500e+01 3.683368682861328125e+01
2.054777603149414062e+02 1.582692871093750000e+02 3.096681976318359375e+01 3.652213668823242188e+01
2.093254461288452148e+02 1.561158657073974609e+02 3.050190162658691406e+01 4.043070983886718750e+01
2.097613887786865234e+02 1.563474960327148438e+02 3.459955978393554688e+01 4.111256027221679688e+01
2.125031356811523438e+02 1.581181240081787109e+02 3.154866790771484375e+01 3.980053710937500000e+01
2.249533615112304688e+02 1.559230747222900391e+02 2.140158843994140625e+01 4.145549774169921875e+01
2.298454494476318359e+02 1.579488010406494141e+02 1.731460189819335938e+01 4.259243011474609375e+01
2.332519721984863281e+02 1.579447441101074219e+02 1.623802185058593750e+01 4.249755477905273438e+01
2.340929574966430664e+02 1.584616374969482422e+02 1.688141441345214844e+01 4.232029724121093750e+01
2.353307266235351562e+02 1.585530910491943359e+02 1.563787841796875000e+01 4.130060577392578125e+01
2.367296547889709473e+02 1.578649024963378906e+02 1.518805217742919922e+01 4.150720596313476562e+01
2.381004562377929688e+02 1.576713199615478516e+02 1.591596984863281250e+01 4.206493377685546875e+01
2.394248580932617188e+02 1.572259063720703125e+02 1.579878234863281250e+01 4.325437545776367188e+01
2.424038429260253906e+02 1.575239467620849609e+02 1.516921997070312500e+01 4.382345581054687500e+01
2.437214498519897461e+02 1.582245750427246094e+02 1.739557075500488281e+01 4.381013107299804688e+01
2.437160196304321289e+02 1.579745578765869141e+02 1.841972923278808594e+01 4.316538238525390625e+01
2.459049310684204102e+02 1.581199474334716797e+02 1.922784996032714844e+01 4.428932952880859375e+01
2.462233610153198242e+02 1.588798847198486328e+02 1.975686836242675781e+01 4.376097106933593750e+01
2.483146839141845703e+02 1.592042312622070312e+02 1.979646682739257812e+01 4.114893722534179688e+01
2.498867263793945312e+02 1.597503643035888672e+02 2.037434387207031250e+01 4.236087036132812500e+01
2.513865289688110352e+02 1.603113746643066406e+02 1.753893852233886719e+01 4.142953872680664062e+01
2.543750076293945312e+02 1.589307918548583984e+02 1.621147918701171875e+01 4.402811431884765625e+01
2.565239500999450684e+02 1.590979728698730469e+02 1.469623279571533203e+01 4.396198654174804688e+01
2.586975741386413574e+02 1.593434658050537109e+02 1.348860263824462891e+01 4.274977874755859375e+01
2.597108325958251953e+02 1.592293548583984375e+02 1.552913284301757812e+01 4.426598739624023438e+01
2.603412027359008789e+02 1.582049770355224609e+02 1.716274833679199219e+01 4.342327880859375000e+01
2.615151472091674805e+02 1.588877067565917969e+02 1.949948310852050781e+01 4.363711166381835938e+01
2.608991470336914062e+02 1.599684810638427734e+02 2.070089721679687500e+01 4.417681884765625000e+01
2.620432481765747070e+02 1.590909214019775391e+02 2.238817405700683594e+01 4.441724395751953125e+01
2.627771158218383789e+02 1.596882019042968750e+02 2.217155265808105469e+01 4.503870773315429688e+01
2.652112369537353516e+02 1.589327106475830078e+02 2.097690963745117188e+01 4.562873077392578125e+01
2.668754901885986328e+02 1.591239585876464844e+02 1.975397109985351562e+01 4.485435867309570312e+01
2.696787204742431641e+02 1.594223613739013672e+02 1.790468215942382812e+01 4.415269470214843750e+01
2.728556880950927734e+02 1.594456481933593750e+02 1.616754531860351562e+01 4.498955154418945312e+01
2.746802344322204590e+02 1.595014572143554688e+02 1.502283191680908203e+01 4.428085708618164062e+01
2.752658405303955078e+02 1.589393329620361328e+02 1.601568984985351562e+01 4.514608764648437500e+01
2.773977928161621094e+02 1.587390575408935547e+02 1.544207000732421875e+01 4.513714599609375000e+01
2.783453207015991211e+02 1.592140026092529297e+02 1.745858192443847656e+01 4.517802429199218750e+01
2.782840824127197266e+02 1.602628211975097656e+02 1.973018264770507812e+01 4.434902572631835938e+01
2.793475255966186523e+02 1.603255920410156250e+02 2.126840400695800781e+01 4.384630966186523438e+01
2.823312959671020508e+02 1.603616962432861328e+02 1.991671562194824219e+01 4.388450622558593750e+01
2.822719020843505859e+02 1.609803047180175781e+02 2.083478927612304688e+01 4.403226852416992188e+01
2.831610984802246094e+02 1.604267578125000000e+02 2.083231353759765625e+01 4.469241714477539062e+01
2.869024915695190430e+02 1.607305927276611328e+02 1.843593788146972656e+01 4.480692291259765625e+01
2.896938667297363281e+02 1.600926151275634766e+02 1.660051727294921875e+01 4.332263946533203125e+01
2.913362708091735840e+02 1.597938957214355469e+02 1.427468585968017578e+01 4.409758377075195312e+01
2.932367343902587891e+02 1.605421295166015625e+02 1.408716964721679688e+01 4.448213577270507812e+01
2.946639904975891113e+02 1.611705627441406250e+02 1.504389095306396484e+01 4.420507431030273438e+01
2.963701810836791992e+02 1.608807773590087891e+02 1.626527595520019531e+01 4.454509735107421875e+01
2.959573259353637695e+02 1.614762649536132812e+02 1.965416526794433594e+01 4.383517837524414062e+01
2.973451528549194336e+02 1.613993225097656250e+02 2.178277015686035156e+01 4.444958114624023438e+01
2.973549995422363281e+02 1.614368515014648438e+02 2.291498565673828125e+01 4.496771621704101562e+01
2.992754125595092773e+02 1.613710403442382812e+02 2.460765266418457031e+01 4.560904312133789062e+01
2.997146005630493164e+02 1.612101058959960938e+02 2.360525321960449219e+01 4.441475296020507812e+01
3.017627782821655273e+02 1.610354652404785156e+02 2.386831855773925781e+01 4.470591354370117188e+01
3.056461725234985352e+02 1.594040050506591797e+02 2.066076469421386719e+01 4.440371704101562500e+01
3.074009819030761719e+02 1.604532947540283203e+02 1.836319732666015625e+01 4.627433776855468750e+01
3.107588033676147461e+02 1.607472305297851562e+02 1.420121955871582031e+01 4.553683090209960938e+01
3.121338891983032227e+02 1.594902076721191406e+02 1.472598838806152344e+01 4.595135879516601562e+01
3.127152147293090820e+02 1.613340950012207031e+02 1.492582511901855469e+01 4.430782699584960938e+01
3.141609773635864258e+02 1.615489540100097656e+02 1.629116630554199219e+01 4.420058059692382812e+01
3.153004703521728516e+02 1.607959766387939453e+02 1.817662429809570312e+01 4.479625701904296875e+01
3.158030614852905273e+02 1.608864555358886719e+02 1.846321296691894531e+01 4.432836532592773438e+01
3.158457918167114258e+02 1.608225803375244141e+02 2.026125907897949219e+01 4.499196624755859375e+01
3.181928644180297852e+02 1.607018547058105469e+02 2.035911369323730469e+01 4.614271926879882812e+01
3.192603597640991211e+02 1.611343135833740234e+02 1.934472846984863281e+01 4.542517089843750000e+01
3.224048328399658203e+02 1.612847633361816406e+02 1.768080520629882812e+01 4.542969894409179688e+01
3.240547542572021484e+02 1.608976707458496094e+02 1.556133651733398438e+01 4.625732040405273438e+01
3.264971718788146973e+02 1.612989082336425781e+02 1.465274333953857422e+01 4.564384078979492188e+01
3.271361289024353027e+02 1.610743541717529297e+02 1.573748493194580078e+01 4.575498199462890625e+01
3.284257287979125977e+02 1.609690895080566406e+02 1.686735343933105469e+01 4.641618728637695312e+01
3.298073148727416992e+02 1.611832351684570312e+02 1.717283821105957031e+01 4.503074264526367188e+01
3.324278869628906250e+02 1.608375797271728516e+02 1.706168365478515625e+01 3.837350463867187500e+01
3.327139444351196289e+02 1.628737487792968750e+02 1.687560844421386719e+01 4.229629898071289062e+01
3.328988208770751953e+02 1.612133235931396484e+02 1.857084274291992188e+01 4.416360473632812500e+01
3.332291097640991211e+02 1.624978961944580078e+02 1.893859291076660156e+01 3.775076293945312500e+01
3.362344961166381836e+02 1.636777248382568359e+02 1.843608283996582031e+01 3.470970916748046875e+01
3.392453670501708984e+02 1.627437047958374023e+02 1.796666336059570312e+01 3.189229393005371094e+01
3.411618795394897461e+02 1.619542808532714844e+02 1.788354682922363281e+01 3.457928085327148438e+01
3.421908521652221680e+02 1.624398174285888672e+02 1.748658943176269531e+01 3.511289978027343750e+01
3.445603842735290527e+02 1.625994520187377930e+02 1.577556324005126953e+01 2.839397239685058594e+01
3.483390984535217285e+02 1.624522075653076172e+02 1.563492870330810547e+01 3.209499359130859375e+01
3.481465444564819336e+02 1.625049648284912109e+02 1.769629859924316406e+01 3.204269409179687500e+01
3.499851894378662109e+02 1.624268512725830078e+02 1.703655624389648438e+01 3.210734558105468750e+01
3.515887117385864258e+02 1.630078849792480469e+02 1.478362083435058594e+01 3.162387466430664062e+01
3.534965019226074219e+02 1.642566280364990234e+02 1.488114929199218750e+01 2.852893829345703125e+01
3.548686356544494629e+02 1.641533384323120117e+02 1.451555156707763672e+01 2.740196037292480469e+01
3.565161619186401367e+02 1.640977792739868164e+02 1.323579597473144531e+01 2.756532478332519531e+01
3.569893898963928223e+02 1.646830272674560547e+02 1.484437084197998047e+01 2.569445037841796875e+01
3.605247917175292969e+02 1.633003768920898438e+02 1.299062347412109375e+01 2.581963729858398438e+01
3.609699449539184570e+02 1.636077585220336914e+02 1.403809928894042969e+01 2.755407905578613281e+01
3.631093831062316895e+02 1.624574394226074219e+02 1.313567256927490234e+01 2.762406539916992188e+01
3.646119151115417480e+02 1.624704608917236328e+02 1.481525516510009766e+01 2.746931457519531250e+01
3.649796142578125000e+02 1.632358598709106445e+02 1.567330932617187500e+01 3.199689674377441406e+01
3.662854442596435547e+02 1.631297721862792969e+02 1.705776596069335938e+01 3.479690170288085938e+01
3.670325832366943359e+02 1.621926193237304688e+02 1.877081680297851562e+01 3.819897842407226562e+01
3.683578138351440430e+02 1.634464931488037109e+02 1.749608802795410156e+01 3.659282684326171875e+01
3.695750312805175781e+02 1.642429943084716797e+02 1.709351348876953125e+01 3.363884735107421875e+01
3.711079978942871094e+02 1.642643184661865234e+02 1.685646820068359375e+01 3.715561676025390625e+01
3.730237751007080078e+02 1.650141868591308594e+02 1.769585037231445312e+01 3.358748245239257812e+01
3.750201015472412109e+02 1.627619895935058594e+02 1.697909927368164062e+01 3.943724441528320312e+01
3.770859088897705078e+02 1.635679893493652344e+02 1.580846023559570312e+01 4.220902633666992188e+01
3.784075498580932617e+02 1.615582561492919922e+02 1.533513832092285156e+01 4.368746948242187500e+01
3.796107630729675293e+02 1.625045909881591797e+02 1.524552249908447266e+01 3.776924133300781250e+01
3.829940986633300781e+02 1.627543716430664062e+02 1.425969696044921875e+01 3.437504196166992188e+01
3.826581029891967773e+02 1.630362844467163086e+02 1.585165596008300781e+01 3.089603233337402344e+01
3.862804265022277832e+02 1.637567663192749023e+02 1.457962703704833984e+01 2.963754081726074219e+01
3.850110664367675781e+02 1.635147085189819336e+02 1.433373260498046875e+01 2.881915855407714844e+01
3.884122667312622070e+02 1.641293783187866211e+02 1.902117729187011719e+01 2.778089714050292969e+01
3.895371408462524414e+02 1.646918172836303711e+02 1.911837577819824219e+01 2.570057487487792969e+01
3.924801816940307617e+02 1.638245811462402344e+02 1.970659828186035156e+01 2.527701950073242188e+01
3.935016818046569824e+02 1.645186786651611328e+02 1.579474735260009766e+01 2.537974548339843750e+01
3.952268419265747070e+02 1.638752155303955078e+02 1.575157737731933594e+01 2.390615081787109375e+01
3.956049032211303711e+02 1.635249385833740234e+02 1.746996498107910156e+01 2.619097900390625000e+01
3.964567346572875977e+02 1.645872716903686523e+02 1.715175437927246094e+01 2.538038444519042969e+01
3.996308574676513672e+02 1.647549076080322266e+02 1.667667770385742188e+01 2.688332366943359375e+01
3.997628316879272461e+02 1.620208625793457031e+02 1.763892555236816406e+01 3.281576919555664062e+01
4.005098228454589844e+02 1.636715040206909180e+02 1.755514526367187500e+01 3.067546653747558594e+01
4.031885805130004883e+02 1.632121734619140625e+02 1.689619255065917969e+01 3.401511001586914062e+01
4.037876291275024414e+02 1.619739971160888672e+02 1.656862449645996094e+01 4.033654022216796875e+01
4.044608602523803711e+02 1.623982734680175781e+02 1.949618721008300781e+01 4.477370834350585938e+01
4.045733823776245117e+02 1.631467971801757812e+02 2.044124794006347656e+01 4.493399429321289062e+01
4.058923978805541992e+02 1.622292327880859375e+02 2.172130012512207031e+01 4.756641006469726562e+01
4.091963434219360352e+02 1.622171459197998047e+02 2.122606468200683594e+01 4.421521759033203125e+01
4.117762165069580078e+02 1.640687675476074219e+02 1.889698410034179688e+01 4.307460403442382812e+01
4.138817758560180664e+02 1.625711994171142578e+02 1.576764488220214844e+01 4.636405181884765625e+01
4.153168611526489258e+02 1.619583263397216797e+02 1.603663444519042969e+01 4.640632629394531250e+01
4.161962060928344727e+02 1.619394626617431641e+02 1.666468620300292969e+01 4.606508636474609375e+01
4.173686714172363281e+02 1.626565704345703125e+02 1.818634796142578125e+01 4.665094375610351562e+01
4.195167379379272461e+02 1.629248466491699219e+02 1.990669441223144531e+01 4.662356185913085938e+01
4.207056522369384766e+02 1.637452812194824219e+02 1.937668991088867188e+01 4.604384231567382812e+01
4.224341592788696289e+02 1.641285762786865234e+02 1.901456260681152344e+01 4.569761657714843750e+01
4.220554523468017578e+02 1.643389797210693359e+02 2.026095199584960938e+01 4.603645324707031250e+01
4.241345167160034180e+02 1.641219387054443359e+02 2.036097908020019531e+01 4.573744201660156250e+01
4.260914497375488281e+02 1.658842945098876953e+02 1.935455322265625000e+01 4.278659057617187500e+01
4.285755615234375000e+02 1.649605922698974609e+02 1.821041870117187500e+01 4.649867248535156250e+01
4.297903318405151367e+02 1.649289608001708984e+02 1.682129859924316406e+01 4.438733673095703125e+01
4.314417057037353516e+02 1.647826175689697266e+02 1.669372177124023438e+01 4.679009246826171875e+01
4.332096347808837891e+02 1.629764480590820312e+02 1.664406204223632812e+01 4.928306198120117188e+01
4.349118232727050781e+02 1.633377246856689453e+02 1.621527099609375000e+01 4.670995330810546875e+01
4.347521562576293945e+02 1.641856880187988281e+02 1.757289695739746094e+01 4.867193222045898438e+01
4.366957845687866211e+02 1.648722667694091797e+02 1.797148323059082031e+01 4.516742706298828125e+01
4.365088195800781250e+02 1.650972213745117188e+02 2.151026153564453125e+01 4.600683975219726562e+01
4.374627828598022461e+02 1.657570400238037109e+02 2.228870582580566406e+01 4.449776458740234375e+01
4.388931741714477539e+02 1.645734386444091797e+02 2.011742210388183594e+01 4.466233062744140625e+01
4.422783555984497070e+02 1.642308921813964844e+02 1.786482048034667969e+01 4.525744247436523438e+01
4.446182947158813477e+02 1.638976955413818359e+02 1.684586143493652344e+01 4.576958465576171875e+01
4.450647172927856445e+02 1.634443531036376953e+02 1.740827751159667969e+01 4.391516113281250000e+01
4.481475591659545898e+02 1.639309978485107422e+02 1.719875526428222656e+01 4.439833068847656250e+01
4.497193660736083984e+02 1.640273876190185547e+02 1.501678085327148438e+01 4.378822326660156250e+01
4.507794837951660156e+02 1.650691776275634766e+02 1.474636840820312500e+01 4.188256072998046875e+01
4.516305756568908691e+02 1.643601913452148438e+02 1.569779491424560547e+01 4.409149551391601562e+01
4.535806121826171875e+02 1.650215587615966797e+02 1.540615844726562500e+01 4.355426025390625000e+01
4.548459639549255371e+02 1.648651466369628906e+02 1.454878711700439453e+01 4.241300582885742188e+01
4.554948835372924805e+02 1.654554138183593750e+02 1.482296180725097656e+01 4.278191757202148438e+01
4.565438265800476074e+02 1.651163291931152344e+02 1.473285007476806641e+01 4.334003829956054688e+01
4.562414684295654297e+02 1.658316917419433594e+02 1.502180099487304688e+01 4.275320816040039062e+01
4.570355687141418457e+02 1.648068923950195312e+02 1.473931789398193359e+01 4.358742904663085938e+01
4.553604221343994141e+02 1.639065933227539062e+02 1.635769271850585938e+01 4.406847763061523438e+01
4.516778898239135742e+02 1.608599376678466797e+02 1.798427772521972656e+01 4.565628051757812500e+01
4.411267518997192383e+02 1.626988563537597656e+02 2.936787986755371094e+01 4.144530868530273438e+01
