1.000000000000000000e+00 1.710000000000000000e+02 1.800000000000000000e+01 1.400000000000000000e+01
8.790016174316406250e-02 1.709193458557128906e+02 1.951204681396484375e+01 1.312329864501953125e+01
7.441692352294921875e-01 1.709612212181091309e+02 1.970901489257812500e+01 1.379349231719970703e+01
0.000000000000000000e+00 1.710383434295654297e+02 1.967726898193359375e+01 1.262411880493164062e+01
3.277101516723632812e-01 1.713865094184875488e+02 1.970061302185058594e+01 1.367186641693115234e+01
4.219493865966796875e-01 1.712666044235229492e+02 2.008765792846679688e+01 1.309380531311035156e+01
6.341667175292968750e-01 1.713795280456542969e+02 1.998549652099609375e+01 1.374508666992187500e+01
2.492475509643554688e-01 1.708921451568603516e+02 2.025012397766113281e+01 1.286117935180664062e+01
9.699420928955078125e-01 1.707796669006347656e+02 2.020666885375976562e+01 1.365468597412109375e+01
2.701225280761718750e-01 1.713542604446411133e+02 2.063977813720703125e+01 1.335291862487792969e+01
6.345291137695312500e-01 1.704910831451416016e+02 2.037881469726562500e+01 1.311143112182617188e+01
6.536865234375000000e-01 1.712694683074951172e+02 2.014823150634765625e+01 1.330870437622070312e+01
5.962600708007812500e-01 1.705489721298217773e+02 2.022578430175781250e+01 1.382465553283691406e+01
1.698936462402343750e+00 1.708511915206909180e+02 1.952845764160156250e+01 1.352887153625488281e+01
9.364538192749023438e-01 1.704547533988952637e+02 2.016557502746582031e+01 1.329168033599853516e+01
6.109046936035156250e-01 1.715131888389587402e+02 2.011774444580078125e+01 1.250204944610595703e+01
0.000000000000000000e+00 1.707313218116760254e+02 2.041317558288574219e+01 1.283395671844482422e+01
0.000000000000000000e+00 1.706395640373229980e+02 1.968258762359619141e+01 1.342725467681884766e+01
0.000000000000000000e+00 1.716388235092163086e+02 2.072102975845336914e+01 1.303225898742675781e+01
5.423977375030517578e-01 1.708296580314636230e+02 2.173078536987304688e+01 1.380136203765869141e+01
1.073517084121704102e+00 1.707124586105346680e+02 2.251328849792480469e+01 1.336964607238769531e+01
9.051201343536376953e-01 1.710237379074096680e+02 2.237333679199218750e+01 1.395242500305175781e+01
3.545563220977783203e-01 1.712638521194458008e+02 2.399756622314453125e+01 1.364655876159667969e+01
9.010183811187744141e-01 1.702222228050231934e+02 2.423592567443847656e+01 1.399419116973876953e+01
1.723917245864868164e+00 1.706390161514282227e+02 2.418867683410644531e+01 1.482109642028808594e+01
2.759177446365356445e+00 1.705080533027648926e+02 2.614549255371093750e+01 1.437242794036865234e+01
2.232362985610961914e+00 1.702558817863464355e+02 2.909303474426269531e+01 1.468415927886962891e+01
1.377390146255493164e+00 1.702957477569580078e+02 2.868210792541503906e+01 1.577736282348632812e+01
1.759171485900878906e-02 1.704074549674987793e+02 2.934091377258300781e+01 1.526892948150634766e+01
1.664957284927368164e+00 1.695773434638977051e+02 3.000020790100097656e+01 1.596021938323974609e+01
2.588286638259887695e+00 1.694131441116333008e+02 2.839812469482421875e+01 1.634295463562011719e+01
5.173426866531372070e+00 1.698998708724975586e+02 2.624480438232421875e+01 1.674575996398925781e+01
4.433675050735473633e+00 1.701207923889160156e+02 2.608831405639648438e+01 1.658109283447265625e+01
6.707499742507934570e+00 1.705297422409057617e+02 2.403463745117187500e+01 1.697029304504394531e+01
1.583765268325805664e+00 1.695525894165039062e+02 2.847397041320800781e+01 1.626315307617187500e+01
9.637548923492431641e-01 1.704599008560180664e+02 2.984100532531738281e+01 1.703918266296386719e+01
1.177167177200317383e+00 1.711083869934082031e+02 3.060030746459960938e+01 1.767929077148437500e+01
1.477161645889282227e+00 1.698258466720581055e+02 3.163473320007324219e+01 1.885533332824707031e+01
1.733525514602654027e+00 1.699358263015747070e+02 3.191466140747070312e+01 1.855508232116699219e+01
7.450554370879984845e-01 1.706122665405273438e+02 3.255083465576171875e+01 1.816790008544921875e+01
1.646765947341897629e+00 1.694652128219604492e+02 3.338441467285156250e+01 1.859047889709472656e+01
1.558354616165139817e+00 1.700005760192871094e+02 3.324387741088867188e+01 1.865562438964843750e+01
3.328122377395608567e+00 1.702252855300903320e+02 3.285326766967773438e+01 1.886121177673339844e+01
4.650532007217385910e+00 1.692674970626831055e+02 3.196395683288574219e+01 1.912613868713378906e+01
5.356896638870225047e+00 1.702673215866088867e+02 3.251248550415039062e+01 1.856708717346191406e+01
6.682756662368767309e+00 1.699070749282836914e+02 3.190008735656738281e+01 1.889500236511230469e+01
6.457881212234497070e+00 1.698689365386962891e+02 3.317100524902343750e+01 1.903541183471679688e+01
8.559581041336059570e+00 1.697412910461425781e+02 3.209292602539062500e+01 1.949346160888671875e+01
7.499432802200317383e+00 1.698198947906494141e+02 3.341268539428710938e+01 2.001784896850585938e+01
9.254334688186645508e+00 1.695587606430053711e+02 3.210684585571289062e+01 1.978437995910644531e+01
9.475508928298950195e+00 1.700203552246093750e+02 3.255443572998046875e+01 1.992126464843750000e+01
1.169055676460266113e+01 1.699260463714599609e+02 3.159724044799804688e+01 1.975522232055664062e+01
1.169303822517395020e+01 1.699704647064208984e+02 3.270065307617187500e+01 1.960804367065429688e+01
1.354864239692687988e+01 1.699496011734008789e+02 3.117502975463867188e+01 1.986942100524902344e+01
1.560040020942687988e+01 1.699683742523193359e+02 3.069660568237304688e+01 1.985113906860351562e+01
1.744545102119446511e+01 1.701117563247680664e+02 3.071121597290039062e+01 2.055847740173339844e+01
1.712446331977844949e+01 1.696270885467529297e+02 3.219598770141601562e+01 2.031775283813476562e+01
1.970807385444641113e+01 1.698020582199096680e+02 3.012186050415039062e+01 2.082856178283691406e+01
1.955699276924133301e+01 1.695983781814575195e+02 3.122724533081054688e+01 2.023113059997558594e+01
2.121770977973937988e+01 1.700813379287719727e+02 2.967374801635742188e+01 2.062580680847167969e+01
1.947464680671692605e+01 1.694467830657958984e+02 3.181260681152343750e+01 2.089519119262695312e+01
2.304526257514954324e+01 1.699176197052001953e+02 3.033798599243164062e+01 2.120388412475585938e+01
2.278580021858216043e+01 1.687436399459838867e+02 3.161842346191406250e+01 2.090210151672363281e+01
2.571851468086242676e+01 1.688838634490966797e+02 2.955971908569335938e+01 2.170275497436523438e+01
2.434659218788146973e+01 1.690142927169799805e+02 3.136433219909667969e+01 2.194268989562988281e+01
2.759042954444885964e+01 1.696129693984985352e+02 2.895071601867675781e+01 2.223482322692871094e+01
3.010104775428772683e+01 1.693137311935424805e+02 2.837296867370605469e+01 2.139948463439941406e+01
3.201383042335511675e+01 1.693804407119750977e+02 2.829206275939941406e+01 2.126514244079589844e+01
3.087530064582826839e+01 1.692875185012817383e+02 2.974388885498046875e+01 2.202987480163574219e+01
3.360373425483705034e+01 1.694999494552612305e+02 2.916598129272460938e+01 2.193741798400878906e+01
3.331142735481263628e+01 1.699097490310668945e+02 3.006745910644531250e+01 2.222277641296386719e+01
3.468726468086244097e+01 1.699094829559326172e+02 3.041529464721679688e+01 2.248884963989257812e+01
3.621833252906801448e+01 1.691898031234741211e+02 3.128129005432129617e+01 2.279287147521972656e+01
3.523030495643617854e+01 1.692138805389404297e+02 3.193526268005371804e+01 2.382261276245117188e+01
3.631402516365054112e+01 1.691897792816162109e+02 3.223253631591796875e+01 2.368227005004882812e+01
3.649056172370913487e+01 1.691023998260498047e+02 3.355535125732421875e+01 2.373291397094726562e+01
3.633764958381655674e+01 1.693972005844116211e+02 3.428966522216796875e+01 2.453635597229003906e+01
3.850351834297183728e+01 1.692857065200805664e+02 3.399288558959960227e+01 2.479131889343261719e+01
3.951910328865054822e+01 1.695764036178588867e+02 3.385893249511718039e+01 2.470391273498535156e+01
4.121439099311831455e+01 1.691617794036865234e+02 3.449184799194335938e+01 2.483030319213867188e+01
4.148213124275210362e+01 1.688179931640625000e+02 3.536113739013671875e+01 2.524104309082031250e+01
4.176516842842104893e+01 1.688736724853515625e+02 3.626094436645507812e+01 2.599648284912109375e+01
4.320511364936832166e+01 1.693003301620483398e+02 3.656629562377928977e+01 2.599447822570800781e+01
4.436314320564272862e+01 1.691710758209228516e+02 3.703611755371093750e+01 2.635124588012695312e+01
4.517019391059878330e+01 1.688793153762817383e+02 3.751076126098632812e+01 2.620297813415527344e+01
4.593293118476870518e+01 1.688568191528320312e+02 3.811118698120117188e+01 2.661256408691406250e+01
4.741163182258608799e+01 1.691350555419921875e+02 3.870368194580078125e+01 2.654067993164062500e+01
4.919596791267397862e+01 1.689236688613891602e+02 3.906387329101562500e+01 2.683065605163574219e+01
4.985600590705874424e+01 1.692396860122680664e+02 3.915729522705078125e+01 2.715202140808105469e+01
5.114306378364565830e+01 1.688798255920410156e+02 4.015982437133789062e+01 2.781861114501953125e+01
5.272842526435854893e+01 1.679249801635742188e+02 4.034598922729492188e+01 2.837847900390625000e+01
5.382298588752749424e+01 1.685045671463012695e+02 4.043932342529296875e+01 2.824609947204589844e+01
5.513648915290835362e+01 1.681486911773681641e+02 4.183267211914062500e+01 2.854717636108398438e+01
5.580974888801577549e+01 1.685089101791381836e+02 4.230895233154296875e+01 2.876870918273925781e+01
5.775945782661440830e+01 1.685967473983764648e+02 4.309703445434570312e+01 2.879333686828613281e+01
5.839658474922183018e+01 1.686664266586303711e+02 4.362736129760742188e+01 2.947166633605957031e+01
6.097832226753237705e+01 1.685117864608764648e+02 4.332536697387695312e+01 2.957313728332519531e+01
6.211712765693667393e+01 1.685236902236938477e+02 4.407772445678710938e+01 3.001734733581542969e+01
6.392103505134585362e+01 1.674105987548828125e+02 4.455195617675781250e+01 3.055229187011718750e+01
6.564660763740542393e+01 1.676406526565551758e+02 4.530552291870117188e+01 3.097740745544433594e+01
6.720778965950015049e+01 1.678484563827514648e+02 4.624036407470703125e+01 3.152142524719238281e+01
6.869249081611636143e+01 1.679073305130004883e+02 4.712536239624023438e+01 3.163660240173339844e+01
7.045339131355288487e+01 1.677513809204101562e+02 4.738720703125000000e+01 3.218865966796875000e+01
7.164316868782046299e+01 1.678219776153564453e+02 4.873775482177734375e+01 3.255889511108398438e+01
7.389832425117495518e+01 1.672826595306396484e+02 4.879772567749023438e+01 3.292087173461914062e+01
7.530267071723940830e+01 1.672488250732421875e+02 4.995035171508789062e+01 3.381935119628906250e+01
7.705200505256655674e+01 1.665415191650390625e+02 5.098145294189453125e+01 3.421481323242187500e+01
7.880928730964663487e+01 1.662025794982910156e+02 5.159165954589843750e+01 3.504587554931640625e+01
8.137385678291323643e+01 1.669642925262451172e+02 5.202933883666992188e+01 3.511453628540039062e+01
8.304168629646304112e+01 1.669021091461181641e+02 5.315269470214843750e+01 3.531876754760742188e+01
8.482447171211245518e+01 1.660193252563476562e+02 5.407261276245117188e+01 3.610174560546875000e+01
8.768325352668765049e+01 1.663862838745117188e+02 5.485654449462890625e+01 3.583528137207031250e+01
8.978121876716616612e+01 1.671772174835205078e+02 5.611883544921875000e+01 3.664187240600585938e+01
9.146148419380190830e+01 1.674742565155029297e+02 5.707387161254882812e+01 3.655075454711914062e+01
9.419626736640933018e+01 1.667297496795654297e+02 5.754983139038085938e+01 3.734416580200195312e+01
9.635918927192692252e+01 1.668178291320800781e+02 5.857870864868165484e+01 3.797257232666015625e+01
9.824008107185369454e+01 1.665289859771728516e+02 5.989067077636718750e+01 3.871270370483398438e+01
1.001361916065216633e+02 1.664295310974121094e+02 6.159280395507812500e+01 3.934256744384765625e+01
1.035187561511993977e+02 1.654048614501953125e+02 6.224019622802734375e+01 4.012722778320312500e+01
1.053014633655548664e+02 1.665799579620361328e+02 6.327991485595703125e+01 4.026066207885742188e+01
1.082941391468048664e+02 1.660318431854248047e+02 6.414345550537109375e+01 4.094437026977539062e+01
1.107401955127716633e+02 1.658677024841308594e+02 6.567799377441406250e+01 4.171630096435546875e+01
1.128969528675079914e+02 1.653883037567138672e+02 6.741082000732421875e+01 4.259431838989257812e+01
1.161224319934845539e+02 1.657943763732910156e+02 6.897348785400390625e+01 4.291602325439453125e+01
1.200494835376740070e+02 1.658801708221435547e+02 6.997070312500000000e+01 4.377345657348632812e+01
1.234060585498810383e+02 1.653357887268066406e+02 7.101766967773437500e+01 4.464250946044921875e+01
1.265968201160431477e+02 1.649457168579101562e+02 7.290758514404296875e+01 4.559785461425781250e+01
1.296399528980255695e+02 1.657918243408203125e+02 7.441561889648437500e+01 4.592845153808593750e+01
1.326815216541290852e+02 1.649335727691650391e+02 7.516614532470703125e+01 4.703307723999023438e+01
1.360652496814728352e+02 1.658204536437988281e+02 7.672759246826171875e+01 4.712543487548828125e+01
1.391765015125275227e+02 1.650321102142333984e+02 7.900444793701171875e+01 4.821367263793945312e+01
1.434828598499298664e+02 1.650145263671875000e+02 8.051880645751953125e+01 4.877398681640625000e+01
1.472077362537384602e+02 1.652094783782958984e+02 8.273613739013671875e+01 4.948025894165039062e+01
1.504640724658966633e+02 1.651186084747314453e+02 8.409779357910156250e+01 5.085178756713867188e+01
1.545963966846466633e+02 1.644072017669677734e+02 8.605906677246093750e+01 5.223337173461914062e+01
1.583983757495880695e+02 1.651021041870117188e+02 8.931808471679687500e+01 5.291397094726562500e+01
1.627968323230743977e+02 1.650018367767333984e+02 9.136476898193359375e+01 5.400766372680664062e+01
1.681122848987579914e+02 1.639738292694091797e+02 9.311591339111328125e+01 5.543379592895507812e+01
1.721897118091583820e+02 1.641672554016113281e+02 9.603637695312500000e+01 5.606705474853515625e+01
1.772412827014923664e+02 1.647227344512939453e+02 9.814670562744140625e+01 5.695881271362304688e+01
1.830056717395783039e+02 1.642402477264404297e+02 1.006043167114257812e+02 5.863600540161132812e+01
1.883412430286408039e+02 1.632202167510986328e+02 1.048593826293945312e+02 6.074531173706054688e+01
1.930276978015900227e+02 1.638956184387207031e+02 1.075728988647460938e+02 6.108969879150390625e+01
1.984664223194122883e+02 1.643614845275878906e+02 1.111832427978515625e+02 6.263364410400390625e+01
2.042614510059357258e+02 1.633870582580566406e+02 1.154190826416015625e+02 6.477017974853515625e+01
2.102941429615021320e+02 1.646601715087890625e+02 1.185944519042968750e+02 6.464704895019531250e+01
2.169610130786896320e+02 1.658822669982910156e+02 1.218822021484375000e+02 6.628037261962890625e+01
2.246464836597443195e+02 1.642853012084960938e+02 1.261289062500000000e+02 6.906716918945312500e+01
2.309463036060333820e+02 1.643859748840332031e+02 1.316163635253906250e+02 7.051361846923828125e+01
2.385507118701935383e+02 1.642893829345703125e+02 1.352395477294921875e+02 7.210035705566406250e+01
2.452394478321076008e+02 1.642170829772949219e+02 1.416695098876953125e+02 7.354759979248046875e+01
2.543830254077911945e+02 1.667581977844238281e+02 1.463168334960937500e+02 7.413208770751953125e+01
2.640788338184356689e+02 1.642431526184081747e+02 1.510815887451171875e+02 7.836664581298828125e+01
2.728906776905059814e+02 1.652004318237304403e+02 1.578582305908203125e+02 7.895809936523437500e+01
2.823361885547637939e+02 1.641228027343749716e+02 1.648301544189453125e+02 8.187971496582031250e+01
2.916669075489044189e+02 1.640396842956542685e+02 1.724708099365234375e+02 8.411901092529296875e+01
2.999580452442169189e+02 1.655112419128417685e+02 1.773350372314453125e+02 8.631310272216796875e+01
3.110061104297637939e+02 1.641868896484374716e+02 1.747514190673828125e+02 8.899678039550781250e+01
3.218572304248809814e+02 1.650220680236815838e+02 1.665966644287109375e+02 8.814203643798828125e+01
3.302653877735137939e+02 1.635712051391600994e+02 1.619284210205078125e+02 9.019430541992187500e+01
