2.150000000000000000e+02 1.670000000000000000e+02 1.130000000000000000e+02 6.300000000000000000e+01
2.243754234313964844e+02 1.658387145996093750e+02 1.087084732055664062e+02 6.096389770507812500e+01
2.337606430053710938e+02 1.668988666534423828e+02 1.037147674560546875e+02 5.951330184936523438e+01
2.423689346313476562e+02 1.672579307556152344e+02 1.002026214599609375e+02 5.710260772705078125e+01
2.511106910705566406e+02 1.677006149291992188e+02 9.576393890380859375e+01 5.575212097167968750e+01
2.595113487243652344e+02 1.679892826080322266e+02 9.211652374267578125e+01 5.382252120971679688e+01
2.654106750488281250e+02 1.672023925781250000e+02 8.863970947265625000e+01 5.280392456054687500e+01
2.728222351074218750e+02 1.680013141632080078e+02 8.545584106445312500e+01 5.066048812866210938e+01
2.789118080139160156e+02 1.691790199279785156e+02 8.241384124755859375e+01 4.905547332763671875e+01
2.855038642883300781e+02 1.690960922241210938e+02 7.931999969482421875e+01 4.767678833007812500e+01
2.912688140869140625e+02 1.693698978424072266e+02 7.665148925781250000e+01 4.604072189331054688e+01
2.961186447143554688e+02 1.698448963165283203e+02 7.470219421386718750e+01 4.516601181030273438e+01
3.021318511962890625e+02 1.691883296966552734e+02 7.186497497558593750e+01 4.432710647583007812e+01
3.063728828430175781e+02 1.705014362335205078e+02 7.033794403076171875e+01 4.269480514526367188e+01
3.106224365234375000e+02 1.695464572906494141e+02 6.856208801269531250e+01 4.195769882202148438e+01
3.157387580871582031e+02 1.710224037170410156e+02 6.626241302490234375e+01 4.097942352294921875e+01
3.201008186340332031e+02 1.720112438201904297e+02 6.411605072021484375e+01 3.999356460571289062e+01
3.237265472412109375e+02 1.721167335510253906e+02 6.256173706054687500e+01 3.862700653076171875e+01
3.267428112030029297e+02 1.717466487884521484e+02 6.166456985473632812e+01 3.799910354614257812e+01
3.307674407958984375e+02 1.724454746246337891e+02 5.942788696289062500e+01 3.684162521362304688e+01
3.353821315765380859e+02 1.724102993011474609e+02 5.740016555786132812e+01 3.626637649536132812e+01
3.380014801025390625e+02 1.726400547027587891e+02 5.629673767089843750e+01 3.547439193725585938e+01
3.410558910369873047e+02 1.723411407470703125e+02 5.505929946899414062e+01 3.462939453125000000e+01
3.443373069763183594e+02 1.726816730499267578e+02 5.393329620361328125e+01 3.391476058959960938e+01
3.474434108734130859e+02 1.720681304931640625e+02 5.270091629028320312e+01 3.373492431640625000e+01
3.502010746002197266e+02 1.733419952392578125e+02 5.126137924194335938e+01 3.307922363281250000e+01
3.528745899200439453e+02 1.729725074768066406e+02 5.008031845092773438e+01 3.229370880126953125e+01
3.553254928588867188e+02 1.723117599487304688e+02 4.936914062500000000e+01 3.159352111816406250e+01
3.574314937591552734e+02 1.734905662536621094e+02 4.817097854614257812e+01 3.124829864501953125e+01
3.595331249237060547e+02 1.733424320220947266e+02 4.705035781860351562e+01 3.066822433471679688e+01
3.625648498535156250e+02 1.729746131896972656e+02 4.565890502929687500e+01 2.990259552001953125e+01
3.650510559082031250e+02 1.732264013290405273e+02 4.479853820800781250e+01 2.970196723937988281e+01
3.671669597625732422e+02 1.736006574630737305e+02 4.414580154418945312e+01 2.929375648498535156e+01
3.693108005523681641e+02 1.743004512786865234e+02 4.293566513061523438e+01 2.862810134887695312e+01
3.711759929656982422e+02 1.742485074996948242e+02 4.239130020141601562e+01 2.822258949279785156e+01
3.728877086639404297e+02 1.739541893005371094e+02 4.154965591430664062e+01 2.758730316162109375e+01
3.743850765228271484e+02 1.734784374237060547e+02 4.093968582153320312e+01 2.771620559692382812e+01
3.767422752380371094e+02 1.735096111297607422e+02 4.035224151611328125e+01 2.733757400512695312e+01
3.787518062591552734e+02 1.736256513595581055e+02 3.969356155395507812e+01 2.675264930725097656e+01
3.803198490142822266e+02 1.736682720184326172e+02 3.881336593627929688e+01 2.607536697387695312e+01
3.814979991912841797e+02 1.739354228973388672e+02 3.840810012817382812e+01 2.554211807250976562e+01
3.829547462463378906e+02 1.744392461776733398e+02 3.799861907958984375e+01 2.518110847473144531e+01
3.846437263488769531e+02 1.745605392456054688e+02 3.738498687744140625e+01 2.545201873779296875e+01
3.867171211242675781e+02 1.754775876998901367e+02 3.649378967285156250e+01 2.493304634094238281e+01
3.886483917236328125e+02 1.756922922134399414e+02 3.575820159912109375e+01 2.454356956481933594e+01
3.898024806976318359e+02 1.759217386245727539e+02 3.493709945678710938e+01 2.386503410339355469e+01
3.911909523010253906e+02 1.749337081909179688e+02 3.500839233398437500e+01 2.326420593261718750e+01
3.926888771057128906e+02 1.752628641128540039e+02 3.378887176513671875e+01 2.253754997253417969e+01
3.938375949859619141e+02 1.751233053207397461e+02 3.324984359741210938e+01 2.260428047180175781e+01
3.956709842681884766e+02 1.758820438385009766e+02 3.268525314331054688e+01 2.243081283569335938e+01
3.960273838043212891e+02 1.751620063781738281e+02 3.210584640502929688e+01 2.195812225341796875e+01
3.971537380218505859e+02 1.751587390899658203e+02 3.167695236206054688e+01 2.189432907104492188e+01
3.987129211425781250e+02 1.757638216018676758e+02 3.122018432617187500e+01 2.175902366638183594e+01
3.999326314926147461e+02 1.761279830932617188e+02 3.064454841613769531e+01 2.149063110351562500e+01
4.009905862808227539e+02 1.768401784896850586e+02 3.041921806335449219e+01 2.118908882141113281e+01
4.023027286529541016e+02 1.771768989562988281e+02 3.003149795532226562e+01 2.071656036376953125e+01
4.034612360000610352e+02 1.763020753860473633e+02 3.016574668884277344e+01 1.999413108825683594e+01
4.045348787307739258e+02 1.762756614685058594e+02 2.901557731628417969e+01 2.074452209472656250e+01
4.047921237945556641e+02 1.765643501281738281e+02 2.907303237915039062e+01 2.040819549560546875e+01
4.062659740447998047e+02 1.763673849105834961e+02 2.878063583374023438e+01 1.989527320861816406e+01
4.068301219940185547e+02 1.773061590194702148e+02 2.832060623168945312e+01 1.984839057922363281e+01
4.083548812866210938e+02 1.766379470825195312e+02 2.793576812744140625e+01 1.871746826171875000e+01
4.095652723312377930e+02 1.764996833801269531e+02 2.738451576232910156e+01 1.953544616699218750e+01
4.098517770767211914e+02 1.767097768783569336e+02 2.710373497009277344e+01 1.922017097473144531e+01
4.109529542922973633e+02 1.775046558380126953e+02 2.694003868103027344e+01 1.917111587524414062e+01
4.118432064056396484e+02 1.773824319839477539e+02 2.663841629028320312e+01 1.887116813659667969e+01
4.129071407318115234e+02 1.775119657516479492e+02 2.626457595825195312e+01 1.899804115295410156e+01
4.135433483123779297e+02 1.782073068618774414e+02 2.582921218872070312e+01 1.853551292419433594e+01
4.145551567077636719e+02 1.784067001342773438e+02 2.552098083496093750e+01 1.838135528564453125e+01
4.146439695358276367e+02 1.777769851684570312e+02 2.597088813781738281e+01 1.803067779541015625e+01
4.162022132873535156e+02 1.776727342605590820e+02 2.496248626708984375e+01 1.800925254821777344e+01
4.169040317535400391e+02 1.773180141448974609e+02 2.517827224731445312e+01 1.788447189331054688e+01
4.173775892257690430e+02 1.766945400238037109e+02 2.477852058410644531e+01 1.758863449096679688e+01
4.182678194046020508e+02 1.775966882705688477e+02 2.375698661804199219e+01 1.744170188903808594e+01
4.190931863784790039e+02 1.775780782699584961e+02 2.402638053894042969e+01 1.728745460510253906e+01
4.199381904602050781e+02 1.777724065780639648e+02 2.354483795166015625e+01 1.725872993469238281e+01
4.203771429061889648e+02 1.776964254379272461e+02 2.351510047912597656e+01 1.694912910461425781e+01
4.213109188079833984e+02 1.778461809158325195e+02 2.300104904174804688e+01 1.683311271667480469e+01
4.217447052001953125e+02 1.771063718795776367e+02 2.315335083007812500e+01 1.696689796447753906e+01
4.223091363906860352e+02 1.769216918945312500e+02 2.282435417175292969e+01 1.626190948486328125e+01
4.223515043258666992e+02 1.776478366851806641e+02 2.255563545227050781e+01 1.632490921020507812e+01
4.233281393051147461e+02 1.780184617042541504e+02 2.225259590148925781e+01 1.577715587615966797e+01
4.242192449569702148e+02 1.779784855842590332e+02 2.176384162902832031e+01 1.586132717132568359e+01
4.243357276916503906e+02 1.778893842697143555e+02 2.151930999755859375e+01 1.587181282043457031e+01
4.253165559768676758e+02 1.770203227996826172e+02 2.161840629577636719e+01 1.570849227905273438e+01
4.260295276641845703e+02 1.774953532218933105e+02 2.081023025512695312e+01 1.549775791168212891e+01
4.267204256057739258e+02 1.778758139610290527e+02 2.076657676696777344e+01 1.530481433868408203e+01
4.267556705474853516e+02 1.768117361068725586e+02 2.079826736450195312e+01 1.537317848205566406e+01
4.275377283096313477e+02 1.779360237121582031e+02 2.066893577575683594e+01 1.514749145507812500e+01
4.285279874801635742e+02 1.773851227760314941e+02 2.074093818664550781e+01 1.465195751190185547e+01
4.285045976638793945e+02 1.771595807075500488e+02 2.067789268493652344e+01 1.464927577972412109e+01
4.287174072265625000e+02 1.776235122680664062e+02 1.998170471191406250e+01 1.484505462646484375e+01
4.296670970916748047e+02 1.761591501235961914e+02 2.020680618286132812e+01 1.412563133239746094e+01
4.299073600769042969e+02 1.764494810104370117e+02 1.987500762939453125e+01 1.487394905090332031e+01
4.307495203018188477e+02 1.774784016609191895e+02 1.994729423522949219e+01 1.457216548919677734e+01
4.313532886505126953e+02 1.770685205459594727e+02 2.004875564575195312e+01 1.491164970397949219e+01
4.317069368362426758e+02 1.764836792945861816e+02 2.095359611511230469e+01 1.452225780487060547e+01
4.322766742706298828e+02 1.759852452278137207e+02 2.030815505981445312e+01 1.471077632904052734e+01
4.330153131484985352e+02 1.757108964920043945e+02 1.985954856872558594e+01 1.521519279479980469e+01
4.329285068511962891e+02 1.760741162300109863e+02 1.958028030395507812e+01 1.502060604095458984e+01
4.333137168884277344e+02 1.764722342491149902e+02 1.898297882080078125e+01 1.458010578155517578e+01
4.343429994583129883e+02 1.769227533340454102e+02 1.893126487731933594e+01 1.407995414733886719e+01
4.345648794174194336e+02 1.759161748886108398e+02 1.919548988342285156e+01 1.447126960754394531e+01
4.345030469894409180e+02 1.760788316726684570e+02 1.864161109924316406e+01 1.487632560729980469e+01
4.351080589294433594e+02 1.771658139228820801e+02 1.927739715576171875e+01 1.463948726654052734e+01
4.351430788040161133e+02 1.778158783912658691e+02 1.959334373474121094e+01 1.453077983856201172e+01
4.354404287338256836e+02 1.773771576881408691e+02 1.941509437561035156e+01 1.413257122039794922e+01
4.355813474655151367e+02 1.772450408935546875e+02 1.924502754211425781e+01 1.427774047851562500e+01
4.358325862884521484e+02 1.772490177154541016e+02 1.870482254028320312e+01 1.384257888793945312e+01
4.364841833114624023e+02 1.768116636276245117e+02 1.806349372863769531e+01 1.388552284240722656e+01
4.370435953140258789e+02 1.773313913345336914e+02 1.829122734069824219e+01 1.392724418640136719e+01
4.383241910934448242e+02 1.778034477233886719e+02 1.819983100891113281e+01 1.373940277099609375e+01
4.386587486267089844e+02 1.767409911155700684e+02 1.838022613525390625e+01 1.328341007232666016e+01
4.392093610763549805e+02 1.773510508537292480e+02 1.820620536804199219e+01 1.386456775665283203e+01
4.396405668258666992e+02 1.779282155036926270e+02 1.817657279968261719e+01 1.358249187469482422e+01
4.401798152923583984e+02 1.771018652915954590e+02 1.830319976806640625e+01 1.359314060211181641e+01
4.405019207000732422e+02 1.775024418830871582e+02 1.817859649658203125e+01 1.310890483856201172e+01
4.402709360122680664e+02 1.780743999481201172e+02 1.776354789733886719e+01 1.285084915161132812e+01
4.404378681182861328e+02 1.781901836395263672e+02 1.724350357055664062e+01 1.296825027465820312e+01
4.410752954483032227e+02 1.774501557350158691e+02 1.700738334655761719e+01 1.260450649261474609e+01
4.415302953720092773e+02 1.780658845901489258e+02 1.721492576599121094e+01 1.275118446350097656e+01
4.421741886138916016e+02 1.777508540153503418e+02 1.723489379882812500e+01 1.297420215606689453e+01
4.422270259857177734e+02 1.767683434486389160e+02 1.708595657348632812e+01 1.310246562957763672e+01
4.422905340194702148e+02 1.770226063728332520e+02 1.683374214172363281e+01 1.332759380340576172e+01
4.424782304763793945e+02 1.758372688293457031e+02 1.720684623718261719e+01 1.301423645019531250e+01
4.431000995635986328e+02 1.768873686790466309e+02 1.716733551025390625e+01 1.253884220123291016e+01
4.433105220794677734e+02 1.740667023658752441e+02 1.771301269531250000e+01 1.381437587738037109e+01
4.429003582000732422e+02 1.737154831886291504e+02 1.834177398681640625e+01 1.493682384490966797e+01
4.434840831756591797e+02 1.739395604133605957e+02 1.748030853271484375e+01 1.401341152191162109e+01
4.441675701141357422e+02 1.731681585311889648e+02 1.786180114746093750e+01 1.538523292541503906e+01
4.439325389862060547e+02 1.732798724174499512e+02 1.782297515869140625e+01 1.528302860260009766e+01
4.452124280929565430e+02 1.736864781379699707e+02 1.733310508728027344e+01 1.495384883880615234e+01
4.459816474914550781e+02 1.727326436042785645e+02 1.649531173706054688e+01 1.504131984710693359e+01
4.460718698501586914e+02 1.735487565994262695e+02 1.650023078918457031e+01 1.467138481140136719e+01
4.460169038772583008e+02 1.747532076835632324e+02 1.639473152160644531e+01 1.388038730621337891e+01
4.464744935035705566e+02 1.749443984031677246e+02 1.598362636566162109e+01 1.380053043365478516e+01
4.473273038864135742e+02 1.747525615692138672e+02 1.605100059509277344e+01 1.370542144775390625e+01
4.474983720779418945e+02 1.744283661842346191e+02 1.619976234436035156e+01 1.396685314178466797e+01
4.473909945487976074e+02 1.747671618461608887e+02 1.598729419708251953e+01 1.363625431060791016e+01
4.482309288978576660e+02 1.743818149566650391e+02 1.537436199188232422e+01 1.336716461181640625e+01
4.481234345436096191e+02 1.741967148780822754e+02 1.501956462860107422e+01 1.398356914520263672e+01
4.478636865615844727e+02 1.744446969032287598e+02 1.524933052062988281e+01 1.383573818206787109e+01
4.480920991897583008e+02 1.747681045532226562e+02 1.555130577087402344e+01 1.320196151733398438e+01
4.485676779747009277e+02 1.750334911346435547e+02 1.536895847320556641e+01 1.336774444580078125e+01
4.497088298797607422e+02 1.751152472496032715e+02 1.464414596557617188e+01 1.275001239776611328e+01
4.493886446952819824e+02 1.761320972442626953e+02 1.400140476226806641e+01 1.180481719970703125e+01
4.498994011878967285e+02 1.764663677215576172e+02 1.460821819305419922e+01 1.169123840332031250e+01
4.498121819496154785e+02 1.748888592720031738e+02 1.452061748504638672e+01 1.257702541351318359e+01
4.493875727653503418e+02 1.750617046356201172e+02 1.476279926300048828e+01 1.205059814453125000e+01
4.496562395095825195e+02 1.762171678543090820e+02 1.536610603332519531e+01 1.129702186584472656e+01
4.510419187545776367e+02 1.772222781181335449e+02 1.413251304626464844e+01 1.091301059722900391e+01
4.517862629890441895e+02 1.759838132858276367e+02 1.366255092620849609e+01 1.148373603820800781e+01
4.523493132591247559e+02 1.771586885452270508e+02 1.365502643585205078e+01 1.063807106018066406e+01
4.516726746559143066e+02 1.756393709182739258e+02 1.304389095306396484e+01 1.152326393127441406e+01
4.525842394828796387e+02 1.767297043800354004e+02 1.361003208160400391e+01 1.072918605804443359e+01
4.529458975791931152e+02 1.755757761001586914e+02 1.273584079742431641e+01 1.098037910461425781e+01
4.535280990600585938e+02 1.770315160751342773e+02 1.319575500488281250e+01 1.020816612243652344e+01
4.537819995880126953e+02 1.769064559936523438e+02 1.179699707031250000e+01 1.009104537963867188e+01
4.537761864662170410e+02 1.773565530776977539e+02 1.220724773406982422e+01 1.000000000000000000e+01
4.544551978111267090e+02 1.772823371887207031e+02 1.303154087066650391e+01 1.004525947570800781e+01
4.540837407112121582e+02 1.777661952972412109e+02 1.377638912200927734e+01 1.029711723327636719e+01
4.543729476928710938e+02 1.773440432548522949e+02 1.283362579345703125e+01 1.071939373016357422e+01
4.543074402809143066e+02 1.782280397415161133e+02 1.362623882293701172e+01 1.019061279296875000e+01
4.543107624053955078e+02 1.779630675315856934e+02 1.349408721923828125e+01 1.065229701995849609e+01
4.549105243682861328e+02 1.782339744567871094e+02 1.447618103027343750e+01 1.051075172424316406e+01
4.552204852104187012e+02 1.785461025238037109e+02 1.497832965850830078e+01 1.032195091247558594e+01
4.545203609466552734e+02 1.769827356338500977e+02 1.520462036132812500e+01 1.106785202026367188e+01
4.556497569084167480e+02 1.774225459098815918e+02 1.503461933135986328e+01 1.046172237396240234e+01
4.553212513923645020e+02 1.770326933860778809e+02 1.403642559051513672e+01 1.069836711883544922e+01
4.567881364822387695e+02 1.780071754455566406e+02 1.303859519958496094e+01 1.000000000000000000e+01
4.565496344566345215e+02 1.771427984237670898e+02 1.284461688995361328e+01 1.000000000000000000e+01
4.564015474319458008e+02 1.774746332168579102e+02 1.195935630798339844e+01 1.000000000000000000e+01
4.571346297264099121e+02 1.773827748298645020e+02 1.247045230865478516e+01 1.000000000000000000e+01
4.563852553367614746e+02 1.757057294845581055e+02 1.307301425933837891e+01 1.000000000000000000e+01
4.568570404052734375e+02 1.755057201385498047e+02 1.306817626953125000e+01 1.000000000000000000e+01
4.574338741302490234e+02 1.752390084266662598e+02 1.283728408813476562e+01 1.000000000000000000e+01
4.567293133735656738e+02 1.758575382232666016e+02 1.318039608001708984e+01 1.000000000000000000e+01
4.557551059722900391e+02 1.739103002548217773e+02 1.516210174560546875e+01 1.026150321960449219e+01
4.566608114242553711e+02 1.747049932479858398e+02 1.534866142272949219e+01 1.009665489196777344e+01
4.567911849021911621e+02 1.748363628387451172e+02 1.436951160430908203e+01 1.000000000000000000e+01
4.573726181983947754e+02 1.761188941001892090e+02 1.322748470306396484e+01 1.000000000000000000e+01
4.579990420341491699e+02 1.761333312988281250e+02 1.472054386138916016e+01 1.047628688812255859e+01
