3.000000000000000000e+01 1.720000000000000000e+02 2.600000000000000000e+01 1.600000000000000000e+01
2.987449264526367188e+01 1.706616535186767578e+02 2.643881225585937500e+01 1.766299819946289062e+01
2.974746990203857422e+01 1.704569635391235352e+02 2.665284156799316406e+01 1.791977500915527344e+01
3.043347930908203125e+01 1.708085050582885742e+02 2.702892303466796875e+01 1.824372291564941406e+01
3.137803745269775391e+01 1.708531208038330078e+02 2.714591789245605469e+01 1.808471298217773438e+01
3.199943828582763672e+01 1.707510395050048828e+02 2.739760017395019531e+01 1.813190078735351562e+01
3.186276626586914062e+01 1.705076427459716797e+02 2.745896911621093750e+01 1.808340835571289062e+01
3.204052066802978516e+01 1.701950302124023438e+02 2.757073020935058594e+01 1.813502502441406250e+01
3.251338481903076172e+01 1.704108686447143555e+02 2.783688545227050781e+01 1.861280250549316406e+01
3.371411800384521484e+01 1.703375205993652344e+02 2.777511024475097656e+01 1.821765136718750000e+01
3.359798049926757812e+01 1.708480958938598633e+02 2.784355926513671875e+01 1.849143028259277344e+01
3.433795642852783203e+01 1.703161745071411133e+02 2.816005516052246094e+01 1.792243766784667969e+01
3.522505760192871094e+01 1.703925561904907227e+02 2.834731674194335938e+01 1.872616386413574219e+01
3.536236858367920632e+01 1.706721286773681641e+02 2.833548927307128906e+01 1.876370620727539062e+01
3.608451843261720171e+01 1.704490146636962891e+02 2.844360351562500000e+01 1.808247756958007812e+01
3.614066410064698687e+01 1.704337253570556641e+02 2.877281761169433594e+01 1.871818923950195312e+01
3.692430782318117366e+01 1.707533521652221680e+02 2.892416572570801492e+01 1.885949134826660156e+01
3.786660385131838780e+01 1.708059024810791016e+02 2.903070831298828125e+01 1.858637619018554688e+01
3.775684642791751600e+01 1.702667341232299805e+02 2.946371650695800071e+01 1.852165412902832031e+01
3.889092922210696202e+01 1.701886425018310547e+02 2.940056800842285156e+01 1.874601364135742188e+01
3.848627471923830967e+01 1.700614871978759766e+02 2.980030059814453125e+01 1.887565994262695312e+01
3.936939907073977452e+01 1.702881736755371094e+02 2.968772315979003906e+01 1.920748901367187500e+01
4.041652870178225498e+01 1.704012384414672852e+02 2.958210372924804688e+01 1.902198600769042969e+01
4.052611160278323155e+01 1.706895751953125000e+02 2.989382934570312500e+01 1.930729675292968750e+01
4.143301868438723545e+01 1.705702219009399414e+02 2.996030998229980469e+01 1.891113090515136719e+01
4.256836605072024327e+01 1.704984436035156250e+02 2.997754096984863281e+01 1.930715942382812500e+01
4.269764137268069248e+01 1.703931264877319336e+02 3.061164474487304688e+01 1.920892524719238281e+01
4.287490463256838780e+01 1.707949399948120117e+02 3.066446685791015625e+01 1.960390663146972656e+01
4.348670291900638318e+01 1.707287559509277344e+02 3.100864982604979758e+01 1.935960388183593750e+01
4.502253627777103162e+01 1.705234537124633789e+02 3.065171241760253196e+01 1.953616905212402344e+01
4.544064235687257991e+01 1.706858568191528320e+02 3.102433967590332742e+01 1.979677391052246094e+01
4.558172225952151280e+01 1.702427587509155273e+02 3.147085571289062500e+01 1.959726142883300781e+01
4.665666961669924717e+01 1.703549442291259766e+02 3.134938812255859375e+01 2.013404464721679688e+01
4.682227325439455967e+01 1.703220930099487305e+02 3.165381622314453125e+01 2.013814735412597656e+01
4.794003582000735264e+01 1.703232555389404297e+02 3.129525184631347656e+01 2.020827102661132812e+01
4.866932773590090733e+01 1.702564134597778320e+02 3.118280601501464844e+01 2.038239860534667969e+01
4.886566352844241123e+01 1.702073802947998047e+02 3.147230148315429688e+01 2.056315994262695312e+01
4.999679183959963780e+01 1.705624656677246094e+02 3.069067382812500000e+01 2.075650024414062500e+01
5.097805976867678623e+01 1.707529697418212891e+02 3.057496261596679688e+01 2.067004013061523438e+01
5.119735717773440342e+01 1.700830888748168945e+02 3.155921936035156250e+01 2.083199119567871094e+01
5.270898723602297764e+01 1.702572727203369141e+02 3.108459663391113281e+01 2.103186416625976562e+01
5.255414676666262608e+01 1.704952478408813477e+02 3.172726249694824219e+01 2.100155448913574219e+01
5.344814777374270420e+01 1.703567457199096680e+02 3.184430503845214844e+01 2.113829994201660156e+01
5.416067123413088780e+01 1.702739286422729492e+02 3.242559051513671875e+01 2.126722908020019531e+01
5.450074768066409092e+01 1.702432069778442383e+02 3.361180114746093750e+01 2.137226676940917969e+01
5.542498397827151280e+01 1.700187492370605469e+02 3.378694915771484375e+01 2.166216278076171875e+01
5.506751060485842686e+01 1.703085660934448242e+02 3.480412673950195312e+01 2.176964759826660156e+01
5.263025283813479405e+01 1.695342197418212891e+02 4.043224334716796875e+01 2.260620498657226562e+01
5.247311210632327061e+01 1.694819297790527344e+02 4.099374771118164062e+01 2.378759765625000000e+01
3.421165466308596592e+01 1.686865167617797852e+02 3.849668884277343750e+01 2.426788139343261719e+01
3.480284500122073865e+01 1.687720880508422852e+02 3.713166809082030539e+01 2.482476615905761719e+01
3.678644943237307530e+01 1.688775415420532227e+02 3.750704956054687500e+01 2.464350700378417969e+01
3.757502365112307530e+01 1.687932500839233398e+02 3.836244201660156250e+01 2.513144111633300781e+01
3.958139419555666905e+01 1.687252264022827148e+02 3.784886169433593750e+01 2.481711769104003906e+01
4.081012916564944959e+01 1.683893384933471680e+02 3.825385665893553977e+01 2.519692420959472656e+01
4.392059516906741123e+01 1.686755132675170898e+02 4.095962142944335938e+01 2.591790199279785156e+01
4.303759574890139561e+01 1.686200428009033203e+02 4.604092788696289062e+01 2.616725540161132812e+01
4.517251777648928623e+01 1.683404264450073242e+02 4.921401596069335938e+01 2.722738838195800781e+01
4.668129730224612217e+01 1.686984405517578125e+02 4.544508361816406250e+01 2.764789581298828125e+01
4.785812187194827061e+01 1.678374319076538086e+02 4.493223953247070312e+01 2.776171302795410156e+01
4.999331092834475498e+01 1.678441829681396484e+02 4.593857955932617188e+01 2.870071029663085938e+01
5.148626136779787998e+01 1.681364707946777344e+02 4.649660873413085938e+01 2.877952575683593750e+01
5.286651802062991123e+01 1.682482776641845703e+02 4.809778976440429688e+01 2.871846389770507812e+01
5.411437416076662998e+01 1.681305818557739258e+02 4.994077682495117188e+01 2.911422538757324219e+01
5.498380279541018467e+01 1.680567913055419922e+02 5.094143676757812500e+01 2.977840805053710938e+01
5.825392913818362217e+01 1.679692993164062500e+02 4.946553039550781250e+01 2.968425750732421875e+01
5.984962844848635655e+01 1.677414150238037109e+02 4.909134674072265625e+01 3.017564010620117188e+01
6.184107589721682530e+01 1.678162813186645508e+02 4.908324432373046875e+01 3.041099357604980469e+01
6.334777069091799717e+01 1.673643522262573242e+02 4.978280639648437500e+01 3.080308723449707031e+01
6.525695800781252842e+01 1.680366363525390625e+02 5.027493286132812500e+01 3.148696136474609375e+01
6.758746337890627842e+01 1.674989509582519531e+02 5.212905883789062500e+01 3.176615905761718750e+01
6.962144088745120030e+01 1.673443870544433594e+02 5.293711090087890625e+01 3.246498107910156250e+01
7.187453079223635655e+01 1.670547828674316406e+02 5.384534454345703125e+01 3.277282714843750000e+01
7.434890365600588780e+01 1.672190246582031250e+02 5.467014312744140625e+01 3.338550567626953125e+01
7.670356178283694248e+01 1.675339488983154297e+02 5.556689071655273438e+01 3.418360519409179688e+01
7.827724647521975498e+01 1.675107860565185547e+02 5.662510299682617188e+01 3.405903244018554688e+01
7.937910842895510655e+01 1.661952590942382812e+02 5.960796356201171875e+01 3.528247833251953125e+01
8.104692077636721592e+01 1.662194328308105469e+02 6.198081970214843750e+01 3.619369506835937500e+01
8.179966735839846592e+01 1.657445983886718750e+02 6.440527343750000000e+01 3.751428985595703125e+01
8.419047546386720171e+01 1.652295722961425781e+02 6.584037780761717329e+01 3.803189086914062500e+01
8.615727233886718750e+01 1.625797595977783203e+02 6.978279113769531250e+01 4.087579727172851562e+01
9.057307815551756391e+01 1.644943141937255859e+02 6.883931732177735796e+01 4.009280014038085938e+01
9.342591094970703125e+01 1.630224246978759766e+02 7.037150573730468750e+01 4.197526931762695312e+01
9.681627655029296875e+01 1.631511363983154297e+02 6.912579345703125000e+01 4.212696456909179688e+01
9.935644149780273438e+01 1.639071140289306641e+02 7.064359283447265625e+01 4.196771621704101562e+01
1.006193504333496094e+02 1.620089950561523438e+02 7.173220062255859375e+01 4.362348175048828125e+01
1.105608711242675781e+02 1.643861160278320312e+02 6.985556793212890625e+01 4.345389556884765625e+01
1.135359153747558594e+02 1.650122337341308594e+02 7.175466156005859375e+01 4.236216735839843750e+01
1.157660522460937500e+02 1.644728794097900391e+02 7.429914855957031250e+01 4.356625747680664062e+01
1.187250328063964844e+02 1.646599540710449219e+02 7.628430938720703125e+01 4.456930541992187500e+01
1.234341430664062500e+02 1.649134483337402344e+02 7.733483886718750000e+01 4.537832641601562500e+01
1.268968811035156250e+02 1.641518383026123047e+02 7.970906066894531250e+01 4.687119674682617188e+01
1.301655311584472656e+02 1.638308048248291016e+02 8.152010345458984375e+01 4.711211013793945312e+01
1.343991317749023438e+02 1.656970672607421875e+02 8.310270690917968750e+01 4.637741851806640625e+01
1.396477470397949219e+02 1.656873588562011719e+02 8.581000518798828125e+01 4.891836547851562500e+01
1.417017593383789062e+02 1.652749843597412109e+02 8.925486755371093750e+01 4.963328170776367188e+01
1.470524063110351562e+02 1.650295448303222656e+02 9.043080139160156250e+01 5.033482360839843750e+01
1.529101524353027344e+02 1.657540283203125000e+02 9.332096099853515625e+01 5.197081756591796875e+01
1.568787727355957031e+02 1.653352851867675781e+02 9.605254364013671875e+01 5.332484436035156250e+01
1.631790351867675781e+02 1.656670742034912109e+02 9.968718719482421875e+01 5.499256515502929688e+01
1.675387954711914062e+02 1.646135997772216797e+02 1.021480865478515625e+02 5.607076644897460938e+01
1.740183258056640625e+02 1.648512783050537109e+02 1.069997863769531250e+02 5.853104782104492188e+01
1.800244407653808594e+02 1.644233837127685547e+02 1.099988479614257812e+02 5.945132064819335938e+01
1.858814506530761719e+02 1.646065139770507812e+02 1.154540786743164062e+02 6.172666168212890625e+01
1.919938240051269531e+02 1.655004749298095703e+02 1.188584518432617188e+02 6.316817092895507812e+01
1.996807823181152344e+02 1.640375595092773438e+02 1.227724990844726562e+02 6.548319244384765625e+01
2.065053176879882812e+02 1.654224929809570312e+02 1.281106719970703125e+02 6.677249908447265625e+01
2.134340820312500000e+02 1.644565467834472656e+02 1.327016601562500000e+02 6.919450378417968750e+01
2.222390441894531250e+02 1.656977310180664062e+02 1.382635498046875000e+02 6.988504791259765625e+01
2.305704498291015625e+02 1.648594131469726278e+02 1.450593261718750000e+02 7.229505157470703125e+01
2.395218353271484375e+02 1.657510032653808310e+02 1.530707092285156250e+02 7.415066528320312500e+01
2.471957778930664062e+02 1.660703773498534872e+02 1.663672943115234375e+02 7.565788269042968750e+01
2.600284042358398438e+02 1.668008651733398153e+02 1.659674835205078125e+02 7.715747833251953125e+01
2.694032592773437500e+02 1.652713165283202841e+02 1.758800354003906250e+02 8.088121795654296875e+01
2.803755187988281250e+02 1.664051818847655682e+02 1.850580139160156250e+02 8.357195281982421875e+01
2.890742645263671875e+02 1.657140235900878054e+02 1.982751464843750000e+02 8.951451110839843750e+01
2.973971557617187500e+02 1.663905220031737429e+02 1.912786560058593750e+02 8.960947799682625714e+01
3.190890579223632812e+02 1.664147167205809978e+02 1.720868682861328125e+02 8.958528327941900216e+01
3.337068862915039062e+02 1.652093839645385742e+02 1.578155059814453125e+02 9.032514190673828125e+01
3.470984497070312500e+02 1.673245801925658895e+02 1.441582946777343750e+02 8.745400238037109375e+01
3.631009140014648438e+02 1.669472455978393270e+02 1.287958221435546875e+02 8.604418182373046875e+01
3.785108108520507812e+02 1.668752775192260742e+02 1.143496551513671875e+02 8.697318267822265625e+01
3.805710678100585938e+02 1.678553304672241211e+02 1.083794403076171875e+02 8.715843200683593750e+01
4.126771965026855469e+02 1.708154211044311523e+02 7.854148101806640625e+01 8.309497070312500000e+01
4.444686565399169922e+02 1.903109064102172852e+02 4.853134346008300781e+01 5.743349838256835938e+01
4.094471731185913086e+02 1.816504507064819336e+02 8.140731811523437500e+01 5.911814880371093750e+01
3.835272588729858398e+02 1.764510297775268555e+02 1.045440521240234375e+02 7.136815643310546875e+01
3.183828649520874023e+02 1.775440587997436523e+02 1.667496795654296875e+02 7.845594120025634766e+01
2.795248098373413086e+02 1.661053233146667480e+02 1.963515014648437500e+02 7.759372711181640625e+01
2.617888250350952148e+02 1.624696497917175293e+02 2.054365386962890625e+02 8.100624847412109375e+01
2.510639486312866211e+02 1.616234011650085449e+02 2.176376342773437500e+02 8.649385070800781250e+01
2.497227315902709961e+02 1.449675745964050293e+02 2.237971801757812500e+02 9.811678314208984375e+01
2.211181707382202148e+02 1.665508494377136230e+02 2.310874176025390625e+02 8.944915056228637695e+01
1.406136426925659180e+02 1.577700269222259521e+02 8.629431915283203125e+01 5.381877899169921875e+01
1.568130140304565430e+02 1.693192059993743896e+02 6.594577789306640625e+01 3.824004364013671875e+01
1.590408926010131836e+02 1.690088880062103271e+02 6.669458007812500000e+01 3.796514129638671875e+01
1.610365858078002930e+02 1.690268533229827881e+02 6.811763763427734375e+01 3.814597702026367188e+01
1.632325925827026367e+02 1.691947057247161865e+02 6.914885711669921875e+01 3.840376281738281250e+01
1.655854673385620117e+02 1.688867681026458740e+02 6.827988433837890625e+01 3.863386535644531250e+01
1.665661764144897461e+02 1.691471459865570068e+02 7.363021850585937500e+01 3.949262619018554688e+01
1.695835752487182617e+02 1.690425164699554443e+02 7.178203582763671875e+01 3.987948226928710938e+01
1.719894552230834961e+02 1.694575326442718506e+02 7.257232666015625000e+01 4.031147384643554688e+01
1.740008306503295898e+02 1.689179322719573975e+02 7.352171325683593750e+01 4.091644668579101562e+01
1.769232816696166992e+02 1.693150002956390381e+02 7.439151763916015625e+01 4.106676864624023438e+01
1.794999189376831055e+02 1.685228707790374756e+02 7.515297698974609375e+01 4.199073410034179688e+01
1.814418058395385742e+02 1.687963159084320068e+02 7.666677093505859375e+01 4.181028366088867188e+01
1.856324758529663086e+02 1.689612615108489990e+02 7.724989318847656250e+01 4.246456909179687500e+01
1.870845212936401367e+02 1.689740750789642334e+02 7.861002349853515625e+01 4.264083099365234375e+01
1.905355100631713867e+02 1.690669991970062256e+02 7.882819366455078125e+01 4.300786972045898438e+01
1.930315122604370117e+02 1.693084352016448975e+02 7.988391876220703125e+01 4.306770706176757812e+01
1.950991773605346680e+02 1.690797326564788818e+02 8.162010955810546875e+01 4.395443344116210938e+01
1.976031446456909180e+02 1.686548593044281006e+02 8.283513641357421875e+01 4.474236679077148438e+01
1.990910863876342773e+02 1.684743382930755615e+02 8.576280212402343750e+01 4.552879333496093750e+01
2.031060247421264648e+02 1.682908532619476318e+02 8.624284362792968750e+01 4.671960067749023438e+01
2.065617704391479492e+02 1.676695344448089600e+02 8.759004974365234375e+01 4.756087112426757812e+01
2.092172994613647461e+02 1.677881886959075928e+02 8.903860473632812500e+01 4.805790710449218750e+01
2.129224309921264648e+02 1.677973001003265381e+02 9.007325744628906250e+01 4.864426803588867188e+01
2.170451383590698242e+02 1.678960950374603271e+02 9.171212005615234375e+01 4.918657684326171875e+01
2.205615148544311523e+02 1.682855203151702881e+02 9.255650329589843750e+01 4.969797897338867188e+01
2.231792249679565430e+02 1.685349633693695068e+02 9.414432525634765625e+01 5.025069808959960938e+01
2.277461080551147461e+02 1.675603387355804443e+02 9.586935424804687500e+01 5.173357772827148438e+01
2.305582456588745117e+02 1.689031045436859131e+02 9.757158660888671875e+01 5.149894332885742188e+01
2.350457029342651367e+02 1.680848977565765381e+02 9.893828582763671875e+01 5.249607467651367188e+01
2.384203519821166992e+02 1.687136247158050537e+02 1.014795761108398438e+02 5.282510757446289062e+01
2.415294637680053711e+02 1.679229924678802490e+02 1.040359191894531250e+02 5.447604370117187500e+01
2.448791685104370117e+02 1.686674306392669678e+02 1.063077621459960938e+02 5.469026184082031250e+01
2.495870618820190430e+02 1.679319608211517334e+02 1.075371780395507812e+02 5.569928741455078125e+01
2.549136571884155273e+02 1.684374425411224365e+02 1.105229949951171875e+02 5.624905395507812500e+01
2.594697904586791992e+02 1.678305032253265381e+02 1.109343490600585938e+02 5.824293136596679688e+01
2.634392385482788086e+02 1.684585359096527100e+02 1.140139770507812500e+02 5.878950881958007812e+01
2.682770414352416992e+02 1.685268762111663818e+02 1.172351303100585938e+02 5.935021591186523438e+01
2.738886671066284180e+02 1.692620332241058350e+02 1.180579910278320312e+02 6.015211868286132812e+01
2.786114416122436523e+02 1.693360879421234131e+02 1.213021087646484375e+02 6.103611373901367188e+01
2.832158346176147461e+02 1.695825669765472412e+02 1.242976989746093750e+02 6.169955825805664062e+01
2.877199544906616211e+02 1.692250421047210693e+02 1.286740112304687500e+02 6.254656600952148438e+01
2.940809621810913086e+02 1.697338922023773193e+02 1.307500915527343750e+02 6.265539169311523438e+01
3.009328527450561523e+02 1.686961247920989990e+02 1.333798675537109375e+02 6.438540649414062500e+01
3.050120763778686523e+02 1.703300893306732178e+02 1.392253570556640625e+02 6.463038635253906250e+01
3.104439992904663086e+02 1.689107167720794678e+02 1.424153747558593750e+02 6.654487609863281250e+01
3.168677053451538086e+02 1.699884107112884521e+02 1.476806335449218750e+02 6.691960906982421875e+01
3.221204137802124023e+02 1.703368566036224365e+02 1.513605499267578125e+02 6.834741210937500000e+01
3.320090932846069336e+02 1.695651280879974365e+02 1.517754516601562500e+02 7.062771606445312500e+01
3.366402578353881836e+02 1.696567265987396524e+02 1.536259460449218750e+02 7.209158325195312500e+01
3.453040227890014648e+02 1.698726613521576212e+02 1.476959772109985352e+02 7.332475280761718750e+01
3.516686968803405762e+02 1.691510846614837646e+02 1.400453338623046875e+02 7.544576263427734375e+01
