7.700000000000000000e+01 1.340000000000000000e+02 1.700000000000000000e+01 1.100000000000000000e+01
7.773017024993896484e+01 1.335286421775817871e+02 1.665624809265136719e+01 1.164530277252197266e+01
7.794510555267333984e+01 1.340304174423217773e+02 1.684687995910644531e+01 1.179505729675292969e+01
7.827343559265136719e+01 1.341660957336425781e+02 1.680649948120117188e+01 1.158915710449218750e+01
7.834776973724365234e+01 1.335244417190551758e+02 1.702160835266113281e+01 1.189729881286621094e+01
7.918222141265869141e+01 1.334993481636047363e+02 1.711902046203613281e+01 1.195012187957763672e+01
7.834835052490234375e+01 1.340706644058227539e+02 1.797168350219726562e+01 1.182529258728027344e+01
7.956303977966308594e+01 1.339496364593505859e+02 1.711870193481445312e+01 1.211607742309570312e+01
8.022695159912109375e+01 1.333725557327270508e+02 1.718632507324218750e+01 1.224157524108886719e+01
8.052670383453369141e+01 1.332860860824584961e+02 1.765506553649902344e+01 1.237759590148925781e+01
8.053195285797119141e+01 1.338649172782897949e+02 1.836674308776855469e+01 1.215458393096923828e+01
8.077128791809082031e+01 1.330763611793518066e+02 1.827968597412109375e+01 1.271214580535888672e+01
8.192515277862548828e+01 1.332354240417480469e+02 1.820145606994628906e+01 1.259100341796875000e+01
8.162919902801513672e+01 1.331700100898742676e+02 1.812320518493652344e+01 1.254970836639404297e+01
8.249175930023193359e+01 1.330542964935302734e+02 1.796278953552246094e+01 1.275140380859375000e+01
8.255141639709472656e+01 1.329263763427734375e+02 1.834320068359375000e+01 1.292742538452148438e+01
8.249766731262207031e+01 1.335758824348449707e+02 1.869646453857421875e+01 1.261263179779052734e+01
8.333594799041748047e+01 1.329973273277282715e+02 1.826808357238769531e+01 1.316953754425048828e+01
8.364013957977294922e+01 1.332418389320373535e+02 1.867186164855957031e+01 1.306002330780029297e+01
8.452176666259765625e+01 1.334095063209533691e+02 1.857447052001953125e+01 1.310163402557373047e+01
8.489863014221191406e+01 1.337346386909484863e+02 1.858427810668945312e+01 1.303555965423583984e+01
8.514583396911621094e+01 1.328273143768310547e+02 1.827333450317382812e+01 1.350504302978515625e+01
8.548217201232910156e+01 1.334253683090209961e+02 1.846436309814453125e+01 1.294764137268066406e+01
8.586022949218750000e+01 1.332699356079101562e+02 1.846733856201171875e+01 1.325054931640625000e+01
8.615300559997558594e+01 1.338790211677551270e+02 1.882500076293945312e+01 1.303520107269287109e+01
8.692421245574951172e+01 1.334137516021728516e+02 1.892064094543457031e+01 1.305147552490234375e+01
8.708117389678955078e+01 1.338335900306701660e+02 1.915306663513183594e+01 1.296821498870849609e+01
8.750727272033691406e+01 1.338454713821411133e+02 1.917261886596679688e+01 1.331004524230957031e+01
8.843773269653320312e+01 1.329862575531005859e+02 1.928198242187500000e+01 1.335137939453125000e+01
8.816988849639892578e+01 1.336740093231201172e+02 2.008647727966308594e+01 1.317352294921875000e+01
8.925811004638671875e+01 1.337214703559875488e+02 1.990864562988281250e+01 1.345079326629638672e+01
8.970598793029785156e+01 1.339791994094848633e+02 2.013306808471679688e+01 1.356054878234863281e+01
9.069535923004150391e+01 1.339436540603637695e+02 2.004737663269042969e+01 1.352403450012207031e+01
9.059390163421630859e+01 1.334965672492980957e+02 2.032329750061035156e+01 1.374057292938232422e+01
9.168500232696533203e+01 1.337142720222473145e+02 2.015756797790527344e+01 1.363889598846435547e+01
9.198629379272460938e+01 1.338486599922180176e+02 2.063365173339843750e+01 1.373266124725341797e+01
9.262908458709716797e+01 1.335134487152099609e+02 2.077412605285644531e+01 1.384827423095703125e+01
9.236685848236083984e+01 1.341547470092773438e+02 2.171592140197753906e+01 1.381153488159179688e+01
9.384516906738281250e+01 1.337822809219360352e+02 2.103094482421875000e+01 1.418443489074707031e+01
9.422710323333740234e+01 1.336448831558227539e+02 2.163575935363769531e+01 1.404038429260253906e+01
9.475428485870361328e+01 1.335764861106872559e+02 2.157183647155761719e+01 1.392951297760009766e+01
9.481293201446533203e+01 1.335058612823486328e+02 2.187878990173339844e+01 1.386640167236328125e+01
9.522303962707519531e+01 1.342376165390014648e+02 2.194981002807617188e+01 1.414097404479980469e+01
9.657666683197021484e+01 1.338024563789367676e+02 2.125071144104003906e+01 1.423017406463623047e+01
9.751870059967041016e+01 1.337753748893737793e+02 2.148982048034667969e+01 1.422771930694580078e+01
9.818197917938232422e+01 1.338887300491333008e+02 2.191606330871582031e+01 1.415538215637207031e+01
9.777579784393310547e+01 1.341990079879760742e+02 2.290537452697753906e+01 1.447130393981933594e+01
9.903740024566650391e+01 1.337146196365356445e+02 2.216788291931152344e+01 1.481306648254394531e+01
9.916077899932861328e+01 1.334011545181274414e+02 2.299996757507324219e+01 1.490143775939941406e+01
9.999190044403076172e+01 1.340578970909118652e+02 2.351371955871582031e+01 1.474789524078369141e+01
1.014203824996948242e+02 1.336879739761352539e+02 2.294083595275878906e+01 1.510534858703613281e+01
1.022026786804199219e+02 1.333579988479614258e+02 2.312393188476562500e+01 1.528798103332519531e+01
1.026001729965209961e+02 1.337815537452697754e+02 2.308069801330566406e+01 1.512734127044677734e+01
1.029867200851440430e+02 1.334373307228088379e+02 2.342469978332519531e+01 1.529424190521240234e+01
1.036851310729980469e+02 1.338080978393554688e+02 2.345296478271484375e+01 1.512207412719726562e+01
1.050032472610473633e+02 1.337847752571105957e+02 2.398673820495605469e+01 1.558001232147216797e+01
1.049848022460937500e+02 1.333265275955200195e+02 2.453643798828125000e+01 1.543722724914550781e+01
1.059326677322387695e+02 1.335364112854003906e+02 2.499072074890136719e+01 1.580077743530273438e+01
1.068230972290039062e+02 1.340713315010070801e+02 2.525804138183593750e+01 1.574662303924560547e+01
1.076045589447021484e+02 1.336542916297912598e+02 2.559907150268554688e+01 1.596378231048583984e+01
1.082115793228149414e+02 1.335388336181640625e+02 2.556899833679199219e+01 1.621628952026367188e+01
1.097893600463867188e+02 1.332863197326660156e+02 2.480156707763671875e+01 1.621091842651367188e+01
1.105711212158203125e+02 1.334571514129638672e+02 2.480903625488281250e+01 1.618897247314453125e+01
1.121823177337646484e+02 1.334302768707275391e+02 2.554307174682617188e+01 1.644876098632812500e+01
1.123707571029663086e+02 1.334459848403930664e+02 2.565567207336425781e+01 1.605191993713378906e+01
1.129354820251464844e+02 1.340340547561645508e+02 2.646105194091796875e+01 1.640522193908691406e+01
1.138507356643676758e+02 1.337145214080810547e+02 2.668498039245605469e+01 1.668331909179687500e+01
1.143307571411132812e+02 1.331357622146606445e+02 2.684866333007812500e+01 1.676691627502441406e+01
1.158438568115234375e+02 1.326312885284423828e+02 2.727700805664062500e+01 1.743656158447265625e+01
1.164218673706054688e+02 1.331604290008544922e+02 2.757924652099609375e+01 1.731564331054687500e+01
1.175175085067749023e+02 1.327806758880615234e+02 2.738996315002441406e+01 1.746686553955078125e+01
1.185337562561035156e+02 1.326671180725097656e+02 2.810572814941406250e+01 1.745952224731445312e+01
1.194100160598754883e+02 1.332092990875244141e+02 2.832757377624511719e+01 1.740482330322265625e+01
1.202879190444946289e+02 1.337148399353027344e+02 2.851975822448730469e+01 1.758459091186523438e+01
1.207043628692626953e+02 1.332474765777587891e+02 2.843092727661132812e+01 1.768586730957031250e+01
1.222871065139770508e+02 1.331412982940673828e+02 2.891313743591308594e+01 1.837456512451171875e+01
1.231547527313232422e+02 1.330664758682250977e+02 2.961861038208007812e+01 1.838717842102050781e+01
1.240942888259887695e+02 1.334217500686645508e+02 2.954926872253417969e+01 1.858362007141113281e+01
1.251839046478271484e+02 1.331112117767333984e+02 2.962018203735351562e+01 1.867016601562500000e+01
1.268352174758911133e+02 1.330224056243896484e+02 3.013776969909667969e+01 1.914006805419921875e+01
1.279934844970703125e+02 1.330560665130615234e+02 3.021265411376953125e+01 1.925699615478515625e+01
1.284567699432373047e+02 1.333908557891845703e+02 2.975255966186523438e+01 1.927900695800781250e+01
1.299646091461181641e+02 1.333651828765869141e+02 3.111294937133789062e+01 1.957389831542968750e+01
1.311610918045043945e+02 1.329557828903198242e+02 3.121593284606933594e+01 1.968034172058105469e+01
1.319002962112426758e+02 1.326657991409301758e+02 3.175492668151855469e+01 2.007485389709472656e+01
1.332446918487548828e+02 1.332285804748535156e+02 3.278194808959960938e+01 2.013383865356445312e+01
1.343922100067138672e+02 1.330139818191528320e+02 3.256352615356445312e+01 2.012552070617675781e+01
1.357037734985351562e+02 1.326968393325805664e+02 3.311387634277343750e+01 2.034540748596191406e+01
1.369160251617431641e+02 1.328527746200561523e+02 3.371419906616210938e+01 2.050893211364746094e+01
1.380775089263916016e+02 1.330958681106567383e+02 3.374827194213867188e+01 2.065294837951660156e+01
1.399720153808593750e+02 1.333014316558837891e+02 3.377989959716796875e+01 2.085553741455078125e+01
1.418028068542480469e+02 1.331361246109008789e+02 3.411293792724609375e+01 2.120122718811035156e+01
1.425417957305908203e+02 1.328617181777954102e+02 3.413678359985351562e+01 2.117528724670410156e+01
1.448659896850585938e+02 1.333843269348144531e+02 3.381405639648437500e+01 2.106251144409179688e+01
1.474355125427246094e+02 1.334876327514648438e+02 3.313441467285156250e+01 2.128495407104492188e+01
1.465566902160644531e+02 1.330181379318237305e+02 3.395971679687500000e+01 2.127453422546386719e+01
1.475328903198242188e+02 1.327315559387207031e+02 3.588735198974609375e+01 2.180086898803710938e+01
1.489085788726806641e+02 1.330830764770507812e+02 3.743041610717773438e+01 2.169641494750976562e+01
1.499917716979980469e+02 1.330117788314819336e+02 3.655097961425781250e+01 2.202743339538574219e+01
1.517133312225341797e+02 1.331706428527832031e+02 3.825742721557617188e+01 2.235601425170898438e+01
1.537526512145996094e+02 1.328427562713623047e+02 3.828469848632812500e+01 2.285295867919921875e+01
1.550453815460205078e+02 1.326032476425170898e+02 3.914519882202148438e+01 2.297409629821777344e+01
1.560019073486328125e+02 1.329706697463989258e+02 3.878217315673828125e+01 2.294497108459472656e+01
1.578804378509521484e+02 1.332485952377319336e+02 4.025698471069335938e+01 2.334930229187011719e+01
1.593609447479248047e+02 1.332307205200195312e+02 3.990195846557617188e+01 2.358417892456054688e+01
1.612956409454345703e+02 1.324850149154663086e+02 4.091984176635742188e+01 2.396198081970214844e+01
1.630121803283691406e+02 1.337446298599243164e+02 4.097483062744140625e+01 2.343391609191894531e+01
1.658944244384765625e+02 1.331459321975708008e+02 4.169093322753906250e+01 2.440175056457519531e+01
1.667692813873291016e+02 1.329385871887207031e+02 4.148722457885742188e+01 2.469268417358398438e+01
1.679279079437255859e+02 1.323694629669189453e+02 4.277400588989257812e+01 2.503050231933593750e+01
1.695854778289794922e+02 1.328449811935424805e+02 4.372545242309570312e+01 2.570095634460449219e+01
1.714353408813476562e+02 1.326679964065551758e+02 4.616961669921875000e+01 2.613761329650878906e+01
1.732964515686035156e+02 1.329458894729614258e+02 4.614044952392578125e+01 2.588273048400878906e+01
1.761315898895263672e+02 1.330403461456298828e+02 4.496652603149414062e+01 2.621878051757812500e+01
1.772605915069580078e+02 1.322903051376342773e+02 4.592776107788085938e+01 2.673683738708496094e+01
1.793033828735351562e+02 1.330003347396850586e+02 4.658425903320312500e+01 2.672598838806152344e+01
1.820016117095947266e+02 1.334106149673461914e+02 4.673380661010742188e+01 2.645897102355957031e+01
1.847179355621337891e+02 1.332136573791503906e+02 4.758439254760742188e+01 2.695092391967773438e+01
1.865887031555175781e+02 1.325128202438354492e+02 4.784696197509765625e+01 2.739491081237792969e+01
1.887159671783447266e+02 1.328766965866088867e+02 4.899863815307617188e+01 2.724276542663574219e+01
1.898703632354736328e+02 1.331662454605102539e+02 4.977796554565429688e+01 2.742509651184082031e+01
1.928825225830078125e+02 1.328829421997070312e+02 5.046710205078125000e+01 2.807829666137695312e+01
1.943088626861572266e+02 1.336495895385742188e+02 5.153576278686523438e+01 2.801359939575195312e+01
1.982945613861083984e+02 1.328511390686035156e+02 5.130884170532226562e+01 2.859189987182617188e+01
1.997585983276367188e+02 1.333918561935424805e+02 5.202334594726562500e+01 2.844984245300292969e+01
2.029359664916992188e+02 1.327286634445190430e+02 5.228079223632812500e+01 2.947270011901855469e+01
2.049157810211181641e+02 1.336641464233398438e+02 5.377402877807617188e+01 2.979285049438476562e+01
2.078964767456054688e+02 1.332724514007568359e+02 5.434779357910156250e+01 3.033693695068359375e+01
2.091892700195312500e+02 1.327976551055908203e+02 5.562496948242187500e+01 3.109617614746093750e+01
2.115840530395507812e+02 1.323866596221923828e+02 5.660981750488281250e+01 3.184020996093750000e+01
2.138037147521972656e+02 1.330592403411865234e+02 5.805553436279296875e+01 3.181620025634765625e+01
2.172220497131347656e+02 1.330085544586181641e+02 5.829389190673828125e+01 3.211334228515625000e+01
2.209338531494140625e+02 1.332364215850830078e+02 5.907444763183593750e+01 3.206620788574218750e+01
2.241865158081054688e+02 1.324435825347900391e+02 6.011495971679687500e+01 3.303642272949218750e+01
2.255157909393310547e+02 1.342634983062744141e+02 6.138254165649414062e+01 3.242338562011718750e+01
2.285479888916015625e+02 1.332217884063720703e+02 6.180578613281250000e+01 3.355372619628906250e+01
2.312841873168945312e+02 1.331868362426757812e+02 6.317938232421875000e+01 3.426314163208007812e+01
2.342464981079101562e+02 1.320348529815673828e+02 6.439611816406250000e+01 3.554685974121093750e+01
2.383207015991210938e+02 1.320689544677734375e+02 6.591343688964843750e+01 3.553464126586914062e+01
2.397984962463378906e+02 1.322524013519287109e+02 6.702733612060546875e+01 3.597849273681640625e+01
2.418490180969238281e+02 1.321669292449951172e+02 6.828766632080078125e+01 3.675345611572265625e+01
2.457321739196777344e+02 1.324871635437011719e+02 6.926041412353515625e+01 3.706713485717773438e+01
2.485282821655273438e+02 1.314941635131835938e+02 7.014511108398437500e+01 3.803990554809570312e+01
2.528974113464355469e+02 1.326718196868896484e+02 7.035774993896484375e+01 3.760475921630859375e+01
2.558588562011718750e+02 1.330895366668701172e+02 7.226173400878906250e+01 3.809430694580078125e+01
2.587470207214355469e+02 1.329542999267578125e+02 7.416295623779296875e+01 3.850725173950195312e+01
2.621934242248535156e+02 1.329402160644531250e+02 7.479984283447265625e+01 3.892529678344726562e+01
2.650653991699218750e+02 1.335347518920898438e+02 7.635391235351562500e+01 3.895323562622070312e+01
2.687764472961425781e+02 1.320706939697265625e+02 7.766982269287109375e+01 3.986011123657226562e+01
2.730725402832031250e+02 1.326001319885253906e+02 7.913764953613281250e+01 3.964963912963867188e+01
2.764027938842773438e+02 1.325883579254150391e+02 8.096244812011718750e+01 4.087698364257812500e+01
2.797038536071777344e+02 1.312037811279296875e+02 8.317118072509765625e+01 4.260597610473632812e+01
2.835473976135253906e+02 1.335619125366210938e+02 8.456751251220703125e+01 4.102380752563476562e+01
2.870456314086914062e+02 1.314894828796386719e+02 8.563342285156250000e+01 4.380395126342773438e+01
2.916991043090820312e+02 1.321412487030029297e+02 8.784378051757812500e+01 4.303493499755859375e+01
2.959520721435546875e+02 1.313118190765380859e+02 8.843495178222656250e+01 4.484210968017578125e+01
3.005781593322753906e+02 1.316565990447998047e+02 9.089475250244140625e+01 4.505312347412109375e+01
3.043232688903808594e+02 1.332325248718261719e+02 9.110396575927734375e+01 4.454619979858398438e+01
3.103405609130859375e+02 1.317852344512939453e+02 9.294053649902343750e+01 4.713401794433593750e+01
3.133662452697753906e+02 1.321998805999755859e+02 9.464215850830078125e+01 4.639887237548828125e+01
3.161729621887207031e+02 1.331188964843750000e+02 9.900482940673828125e+01 4.719893264770507812e+01
3.196058349609375000e+02 1.320706863403320312e+02 1.006725921630859375e+02 4.765958023071289062e+01
3.241241798400878906e+02 1.328961925506591797e+02 1.035524063110351562e+02 4.882515716552734375e+01
3.284234809875488281e+02 1.325221881866455078e+02 1.063206253051757812e+02 4.944377136230468750e+01
3.329761543273925781e+02 1.324793262481689453e+02 1.098033523559570312e+02 5.040434265136718750e+01
3.380137901306152344e+02 1.322880706787109375e+02 1.105144882202148438e+02 5.119868850708007812e+01
3.424565582275390625e+02 1.338111038208007812e+02 1.144289703369140625e+02 5.187326431274414062e+01
3.475429763793945312e+02 1.325355701446533203e+02 1.166403503417968750e+02 5.283625793457031250e+01
3.531143951416015625e+02 1.329708633422851562e+02 1.186096954345703125e+02 5.381271743774414062e+01
3.597672996520996094e+02 1.324128246307373047e+02 1.205752487182617188e+02 5.413787078857421875e+01
3.633550796508789062e+02 1.330353641510009766e+02 1.226574707031250000e+02 5.557104492187500000e+01
3.676858253479003906e+02 1.332601814270019531e+02 1.260084304809570312e+02 5.582099533081054688e+01
3.721908149719238281e+02 1.326031322479248047e+02 1.277091751098632812e+02 5.672893524169921875e+01
3.777046775817871094e+02 1.333100166320800781e+02 1.236446151733398438e+02 5.763520431518554688e+01
3.816955566406250000e+02 1.326302604675292969e+02 1.195462188720703125e+02 5.778988265991210938e+01
3.867546653747558594e+02 1.316296710968017578e+02 1.151673202514648438e+02 5.940953063964843750e+01
3.924373359680175781e+02 1.316438541412353516e+02 1.115626640319824219e+02 5.996755981445312500e+01
3.984028034210205078e+02 1.321723003387451172e+02 1.053956756591796875e+02 5.961547088623046875e+01
