1.900000000000000000e+01 1.690000000000000000e+02 2.300000000000000000e+01 1.900000000000000000e+01
1.969129657745361328e+01 1.705192556381225586e+02 2.485334587097167969e+01 1.791826057434082031e+01
1.954829406738281250e+01 1.692938146591186523e+02 2.442318725585937500e+01 1.875321388244628906e+01
2.029573535919189453e+01 1.690061531066894531e+02 2.518495750427246094e+01 1.891757202148437500e+01
2.083391666412353516e+01 1.699140748977661133e+02 2.511046409606933594e+01 1.923022270202636719e+01
2.288350963592529297e+01 1.688670167922973633e+02 2.482853126525878906e+01 1.921368217468261719e+01
2.391239356994628906e+01 1.697458934783935547e+02 2.336548995971679688e+01 1.954684829711914062e+01
2.469585514068603516e+01 1.683396310806274414e+02 2.309484672546386719e+01 1.984757804870605469e+01
2.699320125579833984e+01 1.698957080841064453e+02 2.233387184143066406e+01 1.949361038208007812e+01
2.780873966217041016e+01 1.689620485305786133e+02 2.219051933288574219e+01 1.960945701599121094e+01
2.937718105316162109e+01 1.689626359939575195e+02 2.147425270080566406e+01 1.995371818542480469e+01
2.918267536163330078e+01 1.702640790939331055e+02 2.130335044860839844e+01 1.923195075988769531e+01
3.135788440704345703e+01 1.695970993041992188e+02 2.110017967224121094e+01 1.991547393798828125e+01
3.244498443603515625e+01 1.690529499053955078e+02 1.987492370605468750e+01 1.987086868286132812e+01
3.345671939849853516e+01 1.698342723846435547e+02 2.025919914245605469e+01 1.983439254760742188e+01
3.453160953521728516e+01 1.699185762405395508e+02 1.960908317565917969e+01 1.991985893249511719e+01
3.510738468170166016e+01 1.702386407852172852e+02 1.970200157165527344e+01 1.949629020690917969e+01
3.503452968597412109e+01 1.734555692672729492e+02 2.007019233703613281e+01 1.739570045471191406e+01
3.660677623748779297e+01 1.723634357452392578e+02 2.041909980773925781e+01 1.721193313598632812e+01
3.835592651367187500e+01 1.734693784713745117e+02 1.873959350585937500e+01 1.702116584777832031e+01
3.974174499511718750e+01 1.731028490066528320e+02 1.850608825683593750e+01 1.716232872009277344e+01
4.125559234619140625e+01 1.733230075836181641e+02 1.861354064941406250e+01 1.672224044799804688e+01
4.330608654022216797e+01 1.732473134994506836e+02 1.803914070129394531e+01 1.801965522766113281e+01
4.467302608489990234e+01 1.732529458999633789e+02 1.939359474182128906e+01 1.496818351745605469e+01
4.629456806182861328e+01 1.716601848602294922e+02 2.174632072448730469e+01 1.758863449096679688e+01
4.841177463531494141e+01 1.715225543975830078e+02 2.269439506530761719e+01 1.732501602172851562e+01
4.989578437805175781e+01 1.728484191894531250e+02 2.737430953979492188e+01 1.595432281494140625e+01
5.036772918701171875e+01 1.717928133010864258e+02 2.531731414794921875e+01 1.805855369567871094e+01
5.431673526763916016e+01 1.707056045532226562e+02 2.914266777038574219e+01 1.879585266113281250e+01
5.493955230712890625e+01 1.703761339187622070e+02 2.750821685791015625e+01 2.013098716735839844e+01
5.591687774658203125e+01 1.711807413101196289e+02 3.271226501464843750e+01 1.800565910339355469e+01
5.836946678161621094e+01 1.700315055847167969e+02 3.554240798950195312e+01 2.024223327636718750e+01
6.010689735412597656e+01 1.689304504394531250e+02 3.389332962036132812e+01 2.218543243408203125e+01
6.131135749816894531e+01 1.682204074859619141e+02 3.426131820678710938e+01 2.183004379272460938e+01
6.458512687683105469e+01 1.690971508026123047e+02 3.557145309448242188e+01 2.137804794311523438e+01
6.434345436096191406e+01 1.710063314437866211e+02 3.783425521850585938e+01 1.995882606506347656e+01
6.496274948120117188e+01 1.716121273040771484e+02 3.880321502685546875e+01 2.065742111206054688e+01
6.878621101379394531e+01 1.722229547500610352e+02 3.887031936645507812e+01 2.141481590270996094e+01
6.689827346801757812e+01 1.714926538467407227e+02 4.336674499511718750e+01 2.295277214050292969e+01
6.311915969848632812e+01 1.724476661682128906e+02 4.963603973388671875e+01 2.223423004150390625e+01
8.023752975463867188e+01 1.713161087036132812e+02 3.699771881103515625e+01 2.567265319824218750e+01
9.080401515960693359e+01 1.721974153518676758e+02 2.853843879699707031e+01 2.353915214538574219e+01
9.598352909088134766e+01 1.738108177185058594e+02 2.621267509460449219e+01 2.131092834472656250e+01
9.272843551635742188e+01 1.727201099395751953e+02 3.202337646484375000e+01 2.116466140747070312e+01
9.705427360534667969e+01 1.728477449417114258e+02 3.216570663452148438e+01 2.190862846374511719e+01
1.019410314559936523e+02 1.723426761627197266e+02 3.082843208312988281e+01 2.386371231079101562e+01
1.059386997222900391e+02 1.718770313262939453e+02 2.777648544311523438e+01 2.369292068481445312e+01
1.087635726928710938e+02 1.719021167755126953e+02 3.778832244873046875e+01 2.375842666625976562e+01
1.099513435363769531e+02 1.701256837844848633e+02 3.173991394042968750e+01 2.854129600524902344e+01
1.088844852447509766e+02 1.699191389083862305e+02 3.405404281616210938e+01 2.895279121398925781e+01
1.093344593048095703e+02 1.702224197387695312e+02 3.603329086303710938e+01 2.955884552001953125e+01
1.108674526214599609e+02 1.696011495590209961e+02 3.864073562622070312e+01 2.948386573791503906e+01
1.133799057006835938e+02 1.701525659561157227e+02 3.966758728027343750e+01 3.010062217712402344e+01
1.122864818572998047e+02 1.691131715774536133e+02 4.360574722290039062e+01 3.081233024597167969e+01
1.168702068328857422e+02 1.697596912384033203e+02 4.195566177368164062e+01 3.072699356079101562e+01
1.192490310668945312e+02 1.694290990829467773e+02 4.463635253906250000e+01 3.142197608947753906e+01
1.191621589660644531e+02 1.696060123443603516e+02 4.641895294189453125e+01 3.186626052856445312e+01
1.208842411041259766e+02 1.688767719268798828e+02 5.041769027709960938e+01 3.214421463012695312e+01
1.267123584747314453e+02 1.691659011840820312e+02 4.746488571166992188e+01 3.297042083740234375e+01
1.267499599456787109e+02 1.686234378814697266e+02 5.209354019165039062e+01 3.392280960083007812e+01
1.298538913726806641e+02 1.688803405761718750e+02 5.344929122924804688e+01 3.395351409912109375e+01
1.336682147979736328e+02 1.691482849121093750e+02 5.366784286499023438e+01 3.441059112548828125e+01
1.379984111785888672e+02 1.686944694519042969e+02 5.293027114868164062e+01 3.526347351074218750e+01
1.403509101867675781e+02 1.677245368957519531e+02 5.617308807373046875e+01 3.651425170898437500e+01
1.468550243377685547e+02 1.685529537200927734e+02 5.407854080200195312e+01 3.636240768432617188e+01
1.395125312805175781e+02 1.677310829162597656e+02 6.494190216064453125e+01 3.755549621582031250e+01
1.417669258117675781e+02 1.679029407501220703e+02 6.669152069091796875e+01 3.788599014282226562e+01
1.440770149230957031e+02 1.680828666687011719e+02 6.968968963623046875e+01 3.877038574218750000e+01
1.474655189514160156e+02 1.689149055480957031e+02 7.058083343505859375e+01 3.910739135742187500e+01
1.514743499755859375e+02 1.684643115997314453e+02 7.177282714843750000e+01 3.985635757446289062e+01
1.558293075561523438e+02 1.686482505798339844e+02 7.285729980468750000e+01 4.040658569335937500e+01
1.590780105590820312e+02 1.678964347839355469e+02 7.469424438476562500e+01 4.148370361328125000e+01
1.627536010742187500e+02 1.682954597473144531e+02 7.631320190429687500e+01 4.179377746582031250e+01
1.665778808593750000e+02 1.683216018676757812e+02 7.817367553710937500e+01 4.294135284423828125e+01
1.707358093261718750e+02 1.676226615905761719e+02 7.978800964355468750e+01 4.404853820800781250e+01
1.740838165283203125e+02 1.674954795837402344e+02 8.083200073242187500e+01 4.453884887695312500e+01
1.781454544067382812e+02 1.683159465789794922e+02 8.347663879394531250e+01 4.508579635620117188e+01
1.828214035034179688e+02 1.677063465118408203e+02 8.513017272949218750e+01 4.613238906860351562e+01
1.874507827758789062e+02 1.681038665771484375e+02 8.700492858886718750e+01 4.665727996826171875e+01
1.928763923645019531e+02 1.670868358612060547e+02 8.927901458740234375e+01 4.856072616577148438e+01
1.972136573791503906e+02 1.675916500091552734e+02 9.094359588623046875e+01 4.893714523315429688e+01
2.025716476440429688e+02 1.663969211578369141e+02 9.477430725097656250e+01 5.037472915649414062e+01
2.078197631835937500e+02 1.676736068725585938e+02 9.699407958984375000e+01 5.129813385009765625e+01
2.132561645507812500e+02 1.667110328674316406e+02 9.849093627929687500e+01 5.282368469238281250e+01
2.191550979614257812e+02 1.667968864440917969e+02 1.017508392333984375e+02 5.301129150390625000e+01
2.249082374572753906e+02 1.681993904113769531e+02 1.047949752807617188e+02 5.393721008300781250e+01
2.315075988769531250e+02 1.666544647216796875e+02 1.068644714355468750e+02 5.564687347412109375e+01
2.384743347167968750e+02 1.685026626586914062e+02 1.101918945312500000e+02 5.571530914306640625e+01
2.438986892700195312e+02 1.682655429840087891e+02 1.140924835205078125e+02 5.718445205688476562e+01
2.508281021118164062e+02 1.677510280609130859e+02 1.176821441650390625e+02 5.877158737182617188e+01
2.588061141967773438e+02 1.673107242584228516e+02 1.201457061767578125e+02 6.118167495727539062e+01
2.664330558776855469e+02 1.687782096862792969e+02 1.251870498657226562e+02 6.218057250976562500e+01
2.738026123046875000e+02 1.681791019439697266e+02 1.290984497070312500e+02 6.368542861938476562e+01
2.825930023193359375e+02 1.669798889160156250e+02 1.322639160156250000e+02 6.588701629638671875e+01
2.903965148925781250e+02 1.683218078613281250e+02 1.387536010742187500e+02 6.687929534912109375e+01
2.982219390869140625e+02 1.674426155090332031e+02 1.454702758789062500e+02 6.850907897949218750e+01
3.080586166381835938e+02 1.681844520568847656e+02 1.484691314697265625e+02 7.028602600097656250e+01
3.159907531738281250e+02 1.684049415588378906e+02 1.543312988281250000e+02 7.105012512207031250e+01
3.241632537841796875e+02 1.692372703552246094e+02 1.632107543945312500e+02 7.534875488281250000e+01
3.334443893432617188e+02 1.667546272277832031e+02 1.571545257568359375e+02 7.765559387207031250e+01
3.454068222045898438e+02 1.674025688171387003e+02 1.466911468505859375e+02 7.907397460937500000e+01
3.563800201416015625e+02 1.697867965698242472e+02 1.366199798583984375e+02 7.933774566650390625e+01
