1.120000000000000000e+02 1.740000000000000000e+02 2.300000000000000000e+01 1.800000000000000000e+01
1.134636888504028320e+02 1.725497741699218750e+02 2.234564018249511719e+01 1.867313385009765625e+01
1.133083162307739258e+02 1.724996881484985352e+02 2.223818016052246094e+01 1.858601188659667969e+01
1.141280813217163086e+02 1.723636312484741211e+02 2.307891273498535156e+01 1.867076301574707031e+01
1.138329162597656250e+02 1.723318319320678711e+02 2.341912078857421875e+01 1.877463722229003906e+01
1.139180517196655273e+02 1.723676519393920898e+02 2.421355628967285156e+01 1.899723243713378906e+01
1.153458652496337891e+02 1.725521144866943359e+02 2.445678329467773438e+01 1.898127365112304688e+01
1.160206613540649414e+02 1.722399692535400391e+02 2.495687675476074219e+01 1.907866287231445312e+01
1.169445075988769531e+02 1.726167287826538086e+02 2.540235137939453125e+01 1.909301948547363281e+01
1.177771263122558594e+02 1.724319696426391602e+02 2.519157409667968750e+01 1.934628105163574219e+01
1.184494972229003906e+02 1.721746959686279297e+02 2.535439300537109375e+01 1.955253219604492188e+01
1.196496162414550781e+02 1.726617279052734375e+02 2.538152313232421875e+01 1.956820678710937500e+01
1.207332143783569336e+02 1.732287902832031250e+02 2.566542243957519531e+01 1.971105194091796875e+01
1.212546510696411133e+02 1.725130367279052734e+02 2.573396873474121094e+01 2.018753433227539062e+01
1.226185913085937500e+02 1.721471910476684570e+02 2.601580047607421875e+01 2.027496147155761719e+01
1.229492111206054688e+02 1.731758270263671875e+02 2.627252960205078125e+01 1.998394012451171875e+01
1.244211082458496094e+02 1.729059076309204102e+02 2.630621337890625000e+01 2.004676628112792969e+01
1.246838884353637695e+02 1.722153615951538086e+02 2.681091880798339844e+01 2.075528144836425781e+01
1.253922348022460938e+02 1.728664073944091797e+02 2.724456787109375000e+01 2.039234542846679688e+01
1.264404382705688477e+02 1.721816387176513672e+02 2.833291435241699219e+01 2.079449081420898438e+01
1.278455801010131836e+02 1.725661010742187500e+02 2.797563362121582031e+01 2.041660308837890625e+01
1.290554294586181641e+02 1.729088306427001953e+02 2.871727371215820312e+01 2.032172012329101562e+01
1.302316865921020508e+02 1.724386453628540039e+02 2.892746543884277344e+01 2.109638786315917969e+01
1.314400968551635742e+02 1.741114149093627930e+02 2.946953773498535156e+01 2.046375465393066406e+01
1.322556896209716797e+02 1.726430931091308594e+02 2.947042465209960938e+01 2.142416381835937500e+01
1.337367792129516602e+02 1.726622304916381836e+02 3.072244071960449219e+01 2.147973823547363281e+01
1.334968624114990234e+02 1.723052043914794922e+02 3.240304183959960938e+01 2.236662673950195312e+01
1.350891685485839844e+02 1.734163751602172852e+02 3.086308288574218750e+01 2.200839805603027344e+01
1.368569068908691406e+02 1.726197624206542969e+02 3.177286529541015625e+01 2.214163970947265625e+01
1.382495765686035156e+02 1.734874868392944336e+02 3.263785552978515625e+01 2.229785346984863281e+01
1.390750179290771484e+02 1.726310091018676758e+02 3.217215347290039062e+01 2.280827903747558594e+01
1.402263526916503906e+02 1.724268236160278320e+02 3.281525421142578125e+01 2.316818809509277344e+01
1.416927757263183594e+02 1.724271697998046875e+02 3.444960784912109375e+01 2.332987976074218750e+01
1.432952175140380859e+02 1.725044860839843750e+02 3.354964828491210938e+01 2.431142425537109375e+01
1.444195079803466797e+02 1.729177379608154297e+02 3.467191696166992188e+01 2.427379226684570312e+01
1.451041011810302734e+02 1.720287933349609375e+02 3.675267410278320312e+01 2.461514282226562500e+01
1.467029972076416016e+02 1.714597377777099609e+02 3.647185134887695312e+01 2.572489547729492188e+01
1.490665168762207031e+02 1.725586662292480469e+02 3.664716339111328125e+01 2.465673828125000000e+01
1.501934432983398438e+02 1.733965358734130859e+02 3.679622650146484375e+01 2.489719009399414062e+01
1.517414093017578125e+02 1.730074806213378906e+02 3.705438995361328125e+01 2.424727630615234375e+01
1.540966949462890625e+02 1.732789545059204102e+02 3.800544738769531250e+01 2.533624839782714844e+01
1.556593933105468750e+02 1.736748437881469727e+02 3.767757415771484375e+01 2.563798332214355469e+01
1.571458568572998047e+02 1.732509069442749023e+02 3.906589889526367188e+01 2.524994087219238281e+01
1.586224956512451172e+02 1.730025253295898438e+02 3.906809616088867188e+01 2.622229003906250000e+01
1.603435802459716797e+02 1.728458833694458008e+02 3.979148483276367188e+01 2.610475730895996094e+01
1.623758087158203125e+02 1.734162702560424805e+02 4.030057525634765625e+01 2.665439796447753906e+01
1.638868274688720703e+02 1.728292140960693359e+02 4.247519302368164062e+01 2.727212905883789062e+01
1.660837287902832031e+02 1.724753580093383789e+02 4.233837890625000000e+01 2.839576530456542969e+01
1.679111938476562500e+02 1.726093997955322266e+02 4.305413055419921875e+01 2.853802108764648438e+01
1.703449897766113281e+02 1.731004257202148438e+02 4.379585266113281250e+01 2.838627624511718750e+01
1.718324203491210938e+02 1.727681446075439453e+02 4.562450408935546875e+01 2.921020126342773438e+01
1.727195739746093750e+02 1.724285020828247070e+02 4.782694244384765625e+01 2.932221031188964844e+01
1.760160198211669922e+02 1.726146383285522461e+02 4.673357772827148438e+01 2.962610054016113281e+01
1.785922317504882812e+02 1.720480890274047852e+02 4.734996795654296875e+01 3.035200309753417969e+01
1.818363628387451172e+02 1.734828310012817383e+02 4.732178878784179688e+01 2.970746421813964844e+01
1.846557674407958984e+02 1.729074916839599609e+02 4.786811447143554688e+01 3.061465835571289062e+01
1.856656723022460938e+02 1.727567176818847656e+02 4.956629180908203125e+01 3.115988922119140625e+01
1.884744930267333984e+02 1.730346679687500000e+02 5.049869918823242188e+01 3.153398132324218750e+01
1.908723144531250000e+02 1.723143138885498047e+02 5.101363372802734375e+01 3.215919876098632812e+01
1.936143283843994141e+02 1.723410396575927734e+02 5.220564651489257812e+01 3.269621658325195312e+01
1.963787250518798828e+02 1.724301166534423828e+02 5.365773391723632812e+01 3.293261337280273438e+01
1.993667030334472656e+02 1.732292346954345703e+02 5.453761291503906250e+01 3.369582748413085938e+01
2.016309852600097656e+02 1.725871887207031250e+02 5.532936096191406250e+01 3.397602844238281250e+01
2.051081314086914062e+02 1.721390819549560547e+02 5.635793304443359375e+01 3.440295791625976562e+01
2.080938644409179688e+02 1.722791023254394531e+02 5.767649078369140625e+01 3.536414337158203125e+01
2.119564208984375000e+02 1.730765666961669922e+02 5.910182952880859375e+01 3.604449844360351562e+01
2.147892093658447266e+02 1.718280467987060547e+02 6.136084365844726562e+01 3.680354690551757812e+01
2.186204605102539062e+02 1.723319644927978516e+02 6.262001800537109375e+01 3.706594467163085938e+01
2.223853530883789062e+02 1.726453704833984375e+02 6.511307525634765625e+01 3.819673156738281250e+01
2.260374145507812500e+02 1.713400897979736328e+02 6.663243865966796875e+01 3.935636520385742188e+01
2.298578071594238281e+02 1.713647384643554688e+02 6.895713806152343750e+01 3.976043701171875000e+01
2.341864585876464844e+02 1.733684158325195312e+02 7.152362060546875000e+01 3.932986450195312500e+01
2.388534240722656250e+02 1.709022178649902344e+02 7.144707489013671875e+01 4.178838348388671875e+01
2.429553947448730469e+02 1.727269878387451172e+02 7.477685546875000000e+01 4.198645401000976562e+01
2.474115982055664062e+02 1.711384048461914062e+02 7.673986053466796875e+01 4.433372497558593750e+01
2.525047492980957031e+02 1.705925579071044922e+02 7.862838745117187500e+01 4.592390823364257812e+01
2.580646209716796875e+02 1.704434795379638672e+02 8.096916961669921875e+01 4.666743850708007812e+01
2.628989181518554688e+02 1.705712413787841797e+02 8.311728668212890625e+01 4.657966995239257812e+01
2.694707527160644531e+02 1.724301872253417969e+02 8.373295593261718750e+01 4.698509979248046875e+01
2.759328880310058594e+02 1.725155124664306641e+02 8.686557006835937500e+01 4.809527206420898438e+01
2.808122406005859375e+02 1.712285728454589844e+02 9.095128631591796875e+01 5.021508026123046875e+01
2.866089630126953125e+02 1.706955528259277344e+02 9.541979217529296875e+01 5.220613861083984375e+01
2.942837982177734375e+02 1.718438224792480469e+02 1.000219650268554688e+02 5.317708587646484375e+01
3.019849166870117188e+02 1.713253498077392578e+02 1.033551101684570312e+02 5.479966354370117188e+01
3.079699020385742188e+02 1.706589908599853516e+02 1.071887588500976562e+02 5.497210311889648438e+01
3.170790176391601562e+02 1.712021675109863281e+02 1.141882400512695312e+02 5.615641021728515625e+01
3.251814765930175781e+02 1.713805923461914062e+02 1.158263397216796875e+02 5.860794067382812500e+01
3.353921623229980469e+02 1.713144416809082031e+02 1.224529724121093750e+02 6.295215606689453125e+01
3.417331275939941406e+02 1.716817054748535156e+02 1.297114410400390625e+02 6.503937530517578125e+01
3.503579978942871094e+02 1.726034660339355469e+02 1.402312316894531250e+02 6.781096649169921875e+01
3.591183052062988281e+02 1.706484680175781534e+02 1.319181060791015625e+02 7.302409362792968750e+01
3.713875045776367188e+02 1.707422447204590412e+02 1.204856033325195312e+02 7.353163909912109375e+01
3.820444107055664062e+02 1.723073348999024006e+02 1.087939529418945312e+02 7.311145019531250000e+01
