4.060000000000000000e+02 1.750000000000000000e+02 2.000000000000000000e+01 1.500000000000000000e+01
4.052418165206909180e+02 1.747321863174438477e+02 1.961158943176269531e+01 1.481869316101074219e+01
4.038194961547851562e+02 1.753638463020324707e+02 2.019099426269531250e+01 1.446831417083740234e+01
4.037539625167846680e+02 1.745031938552856445e+02 2.025579261779785156e+01 1.525102806091308594e+01
4.018107357025146484e+02 1.738725028038024902e+02 2.076131820678710938e+01 1.527954578399658203e+01
4.009992694854736328e+02 1.748189444541931152e+02 2.150984573364257812e+01 1.482918262481689453e+01
3.996050844192504883e+02 1.758997216224670410e+02 2.142032432556152344e+01 1.502271556854248047e+01
3.990450992584228516e+02 1.751637825965881348e+02 2.160815811157226562e+01 1.555064678192138672e+01
3.968654146194458008e+02 1.743320641517639160e+02 2.152908897399902344e+01 1.586364269256591797e+01
3.961707401275634766e+02 1.748590846061706543e+02 2.160523605346679688e+01 1.558551883697509766e+01
3.948400526046752930e+02 1.742551240921020508e+02 2.197506904602050781e+01 1.604122734069824219e+01
3.927318592071533203e+02 1.751068530082702637e+02 2.261410903930664062e+01 1.589634799957275391e+01
3.927529582977294922e+02 1.747504472732543945e+02 2.275413894653320312e+01 1.628630638122558594e+01
3.915797376632690430e+02 1.745144205093383789e+02 2.349449348449707031e+01 1.631078147888183594e+01
3.897622222900390625e+02 1.739672069549560547e+02 2.339129638671875000e+01 1.681599044799804688e+01
3.894248304367065430e+02 1.745122270584106445e+02 2.331447792053222656e+01 1.670144462585449219e+01
3.863706264495849609e+02 1.749855489730834961e+02 2.433321762084960938e+01 1.693806648254394531e+01
3.858271188735961914e+02 1.752296705245971680e+02 2.442560386657714844e+01 1.684197425842285156e+01
3.840814771652221680e+02 1.739056854248046875e+02 2.524651527404785156e+01 1.735200500488281250e+01
3.824251365661621094e+02 1.738535833358764648e+02 2.509416961669921875e+01 1.738583564758300781e+01
3.815437002182006836e+02 1.737653732299804688e+02 2.541567420959472656e+01 1.759946441650390625e+01
3.796998243331909180e+02 1.740280990600585938e+02 2.608907508850097656e+01 1.796249389648437500e+01
3.799251375198364258e+02 1.737136497497558594e+02 2.558173179626464844e+01 1.789847564697265625e+01
3.774866867065429688e+02 1.740129585266113281e+02 2.612792968750000000e+01 1.779129028320312500e+01
3.771440134048461914e+02 1.749005355834960938e+02 2.632771873474121094e+01 1.780409240722656250e+01
3.752638788223266602e+02 1.746300258636474609e+02 2.661296653747558594e+01 1.808127975463867188e+01
3.734006500244140625e+02 1.739712142944335938e+02 2.698431396484375000e+01 1.837129974365234375e+01
3.725672664642333984e+02 1.742339506149291992e+02 2.722227096557617188e+01 1.872727394104003906e+01
3.707365760803222656e+02 1.738425483703613281e+02 2.801652526855468750e+01 1.929300689697265625e+01
3.706292886734008789e+02 1.735489463806152344e+02 2.766846275329589844e+01 1.963053131103515625e+01
3.686192407608032227e+02 1.739414205551147461e+02 2.821717643737792969e+01 1.973216438293457031e+01
3.667448205947875977e+02 1.738485097885131836e+02 2.901891136169433594e+01 1.989969062805175781e+01
3.647180995941162109e+02 1.736657648086547852e+02 2.914680099487304688e+01 2.020820426940917969e+01
3.645758028030395508e+02 1.729304275512695312e+02 2.910971641540527344e+01 2.050283813476562500e+01
3.619132404327392578e+02 1.738883514404296875e+02 3.017901992797851562e+01 2.001448822021484375e+01
3.591794919967651367e+02 1.739036369323730469e+02 3.100186347961425781e+01 2.026334381103515625e+01
3.579134006500244141e+02 1.720956907272338867e+02 3.200748062133789062e+01 2.165674781799316406e+01
3.558610668182373047e+02 1.734169683456420898e+02 3.212872695922851562e+01 2.062066841125488281e+01
3.551351337432861328e+02 1.730593624114990234e+02 3.199762344360351562e+01 2.156622695922851562e+01
3.531414299011230469e+02 1.721317090988159180e+02 3.206356811523437500e+01 2.240779304504394531e+01
3.511317520141601562e+02 1.724948320388793945e+02 3.293767547607421875e+01 2.263758659362792969e+01
3.491605129241943359e+02 1.713218269348144531e+02 3.241890335083007812e+01 2.383032226562500000e+01
3.473103122711181641e+02 1.718949995040893555e+02 3.415916061401367188e+01 2.376961708068847656e+01
3.465582809448242188e+02 1.715119981765747070e+02 3.388200378417968750e+01 2.367411613464355469e+01
3.473417711257934570e+02 1.713998651504516602e+02 3.078174400329589844e+01 2.428767967224121094e+01
3.331730308532714844e+02 1.693154001235961914e+02 4.128014373779296875e+01 2.556923484802246094e+01
3.339532642364501953e+02 1.674458360671997070e+02 3.957863998413085938e+01 2.818078422546386719e+01
3.331860809326171875e+02 1.668937625885009766e+02 3.884834289550781250e+01 2.863908767700195312e+01
3.373924541473388672e+02 1.671785726547241211e+02 3.597392654418945312e+01 2.804670143127441406e+01
3.336663169860839844e+02 1.715855331420898438e+02 3.945276641845703125e+01 2.621067047119140625e+01
3.294683332443237305e+02 1.730343208312988281e+02 3.159730720520019531e+01 2.355307006835937500e+01
3.291759243011474609e+02 1.729042406082153320e+02 3.111030960083007812e+01 2.366230583190917969e+01
3.266791286468505859e+02 1.729265022277832031e+02 3.325315475463867188e+01 2.408155059814453125e+01
3.240914020538330078e+02 1.727658929824829102e+02 3.715004348754882812e+01 2.418840599060058594e+01
3.196539039611816406e+02 1.725167055130004883e+02 3.942470550537109375e+01 2.486103630065917969e+01
3.185082092285156250e+02 1.724545145034790039e+02 3.996561431884765625e+01 2.523682212829589844e+01
3.150802688598632812e+02 1.720555715560913086e+02 4.092964935302734375e+01 2.571002388000488281e+01
3.105090541839599609e+02 1.717666559219360352e+02 4.227665328979492188e+01 2.603046989440917969e+01
3.086262931823730469e+02 1.723962249755859375e+02 4.235847473144531250e+01 2.607237243652343750e+01
3.054513797760009766e+02 1.720271034240722656e+02 4.384843826293945312e+01 2.673442840576171875e+01
3.016045608520507812e+02 1.714996900558471680e+02 4.478551483154296875e+01 2.728452491760253906e+01
2.982940826416015625e+02 1.715167160034179688e+02 4.556584930419921875e+01 2.768185424804687500e+01
2.945313186645507812e+02 1.709150543212890625e+02 4.641971588134765625e+01 2.842318725585937500e+01
2.907184772491455078e+02 1.707834739685058594e+02 4.768646621704101562e+01 2.899172210693359375e+01
2.876923694610595703e+02 1.707923889160156250e+02 4.833882522583007812e+01 2.915992736816406250e+01
2.843392791748046875e+02 1.713090629577636719e+02 4.905860137939453125e+01 2.908451080322265625e+01
2.793381214141845703e+02 1.709013004302978516e+02 5.077052688598632812e+01 3.018966293334960938e+01
2.762850227355957031e+02 1.721465492248535156e+02 5.160997009277343750e+01 3.023514556884765625e+01
2.707236957550048828e+02 1.714814825057983398e+02 5.323796463012695312e+01 3.104445075988769531e+01
2.659097747802734375e+02 1.711557388305664062e+02 5.481964874267578125e+01 3.105961608886718750e+01
2.621949768066406250e+02 1.711835374832153320e+02 5.533963775634765625e+01 3.157175254821777344e+01
2.566119842529296875e+02 1.710453720092773438e+02 5.699694061279296875e+01 3.272817993164062500e+01
2.513338241577148438e+02 1.712582511901855469e+02 5.878398895263671875e+01 3.293485260009765625e+01
2.466733722686767578e+02 1.712716197967529297e+02 6.044972610473632812e+01 3.390950393676757812e+01
2.409332809448242188e+02 1.707335739135742188e+02 6.226604461669921875e+01 3.503254699707031250e+01
2.349096450805664062e+02 1.700155715942382812e+02 6.249114227294921875e+01 3.569847106933593750e+01
2.291398429870605469e+02 1.702681865692138672e+02 6.422709655761718750e+01 3.657461929321289062e+01
2.233607063293457031e+02 1.690591106414794922e+02 6.709843444824218750e+01 3.793735122680664062e+01
2.161124267578125000e+02 1.700093574523925781e+02 6.955284881591796875e+01 3.790050506591796875e+01
2.090875282287597656e+02 1.692803363800048828e+02 7.080424499511718750e+01 3.937760543823242188e+01
2.026294403076171875e+02 1.691564998626708984e+02 7.269846343994140625e+01 3.997623062133789062e+01
1.947748069763183594e+02 1.692126312255859375e+02 7.535395812988281250e+01 4.132250976562500000e+01
1.873003120422363281e+02 1.682141284942626953e+02 7.735905456542968750e+01 4.270264816284179688e+01
1.777908172607421875e+02 1.675785617828369141e+02 8.170099639892578125e+01 4.390624618530273438e+01
1.687208633422851562e+02 1.670987110137939453e+02 8.443080902099609375e+01 4.551003646850585938e+01
1.595093612670898438e+02 1.677579479217529297e+02 8.865309906005859375e+01 4.597201919555664062e+01
1.498567199707031250e+02 1.672604503631591797e+02 9.087850189208984375e+01 4.779010391235351562e+01
1.394252738952636719e+02 1.675984230041503906e+02 9.494221496582031250e+01 4.868303680419921875e+01
1.304826278686523438e+02 1.664391078948974609e+02 9.769487762451171875e+01 5.080049514770507812e+01
1.191812057495117188e+02 1.667590255737304688e+02 1.015157699584960938e+02 5.146125793457031250e+01
1.059173278808593750e+02 1.670138874053955078e+02 1.063863906860351562e+02 5.348067855834960938e+01
9.233101654052734375e+01 1.647078495025634766e+02 1.111433639526367188e+02 5.641984176635742188e+01
7.854855346679687500e+01 1.669590606689453125e+02 1.168666763305664062e+02 5.683721923828125000e+01
6.266489028930664062e+01 1.646849308013916016e+02 1.225718078613281250e+02 5.989725875854492188e+01
4.622972869873046875e+01 1.656506862640380859e+02 1.277120895385742188e+02 6.040987014770507812e+01
2.879700851440429688e+01 1.638888225555419922e+02 1.355577850341796875e+02 6.382010269165039062e+01
1.244489669799804688e+01 1.646801033020019531e+02 1.386415557861328125e+02 6.524181365966796875e+01
7.486991882324218750e-01 1.630225410461425781e+02 1.402543487548828125e+02 6.926256561279296875e+01
0.000000000000000000e+00 1.629557914733886719e+02 1.300091438293457031e+02 7.139292144775390625e+01
2.729322433471679688e+00 1.617886390686035156e+02 1.164059371948242188e+02 7.373357391357421875e+01
2.113454818725585938e+00 1.617209777832031250e+02 1.000123062133789062e+02 7.380432128906250000e+01
