4.000000000000000000e+00 1.690000000000000000e+02 9.000000000000000000e+00 1.300000000000000000e+01
4.227901458740234375e+00 1.686050500869750977e+02 1.097816848754882812e+01 1.238839530944824219e+01
3.927518844604492188e+00 1.695782546997070312e+02 1.142747879028320312e+01 1.243889236450195312e+01
3.669112205505371094e+00 1.691737575531005859e+02 1.149341392517089844e+01 1.197229003906250000e+01
4.082302093505859375e+00 1.688696775436401367e+02 1.163635253906250000e+01 1.257377815246582031e+01
4.943706989288326525e+00 1.687340788841247559e+02 1.190879726409912109e+01 1.272198963165283203e+01
5.078589439392086291e+00 1.693552012443542480e+02 1.135892295837402344e+01 1.221400928497314453e+01
5.273433208465572619e+00 1.697259159088134766e+02 1.151630115509033203e+01 1.257341003417968750e+01
5.164845943450920629e+00 1.684422783851623535e+02 1.186608982086181641e+01 1.257323741912841797e+01
6.300125598907460045e+00 1.690698471069335938e+02 1.090367794036865234e+01 1.290711975097656250e+01
6.979606628417958092e+00 1.685118904113769531e+02 1.079918289184570312e+01 1.253619384765625000e+01
7.193740367889393639e+00 1.693812546730041504e+02 1.115325641632080078e+01 1.286159420013427734e+01
7.940978527069081139e+00 1.685909814834594727e+02 1.121696949005126953e+01 1.283297920227050781e+01
8.094120979309071373e+00 1.689989719390869141e+02 1.069075965881347656e+01 1.273461914062500000e+01
8.626921176910389732e+00 1.686479830741882324e+02 1.123282527923583984e+01 1.354675388336181641e+01
9.685778141021717857e+00 1.691730442047119141e+02 1.103993129730224609e+01 1.343780136108398438e+01
9.642232894897446727e+00 1.692337327003479004e+02 1.139321517944335938e+01 1.302746486663818359e+01
9.804195404052716611e+00 1.689292521476745605e+02 1.201785278320312500e+01 1.414023303985595703e+01
1.072383928298948419e+01 1.692749586105346680e+02 1.135782527923583984e+01 1.373015785217285156e+01
1.141467332839964044e+01 1.687238016128540039e+02 1.144126796722412109e+01 1.351938056945800781e+01
1.131878042221067560e+01 1.691185092926025391e+02 1.159174060821533203e+01 1.431011962890625000e+01
1.209112071990965021e+01 1.687790842056274414e+02 1.128619575500488281e+01 1.413240623474121094e+01
1.270259189605711114e+01 1.686723289489746094e+02 1.148549461364746094e+01 1.425246810913085938e+01
1.322486686706541192e+01 1.681935138702392578e+02 1.188110351562500000e+01 1.458747863769531250e+01
1.301346683502195489e+01 1.682974300384521484e+02 1.199444007873535156e+01 1.415999603271484375e+01
1.346398830413816583e+01 1.680265755653381348e+02 1.166930961608886719e+01 1.490880107879638672e+01
1.424079179763792169e+01 1.683274793624877930e+02 1.174419689178466797e+01 1.488664817810058594e+01
1.474783992767332208e+01 1.680113630294799805e+02 1.204144096374511719e+01 1.541035652160644531e+01
1.606075048446653497e+01 1.684196882247924805e+02 1.183220005035400391e+01 1.574994087219238281e+01
1.633806324005125177e+01 1.681309962272644043e+02 1.256353569030761719e+01 1.564436435699462891e+01
1.654340982437132013e+01 1.690189070701599121e+02 1.189991664886474609e+01 1.577583026885986328e+01
1.682330703735349786e+01 1.687540926933288574e+02 1.261715316772460938e+01 1.563329410552978516e+01
1.747972249984739435e+01 1.681087636947631836e+02 1.180296802520751953e+01 1.670533561706542969e+01
1.787909793853757989e+01 1.683854269981384277e+02 1.279331016540527344e+01 1.567790699005126953e+01
1.859976768493650567e+01 1.676903991699218750e+02 1.239513397216796875e+01 1.652641296386718750e+01
1.930928039550779474e+01 1.680883946418762207e+02 1.203730392456054688e+01 1.552962779998779297e+01
1.986447572708128106e+01 1.686013584136962891e+02 1.187024974822998047e+01 1.611352539062500000e+01
1.989788055419920099e+01 1.669530630111694336e+02 1.281030273437500355e+01 1.715352058410644531e+01
2.107549238204954634e+01 1.671389617919921875e+02 1.208952045440673828e+01 1.703869628906250000e+01
2.160207080841063032e+01 1.668585271835327148e+02 1.283539390563964844e+01 1.785738563537597656e+01
2.159925842285154829e+01 1.678402070999145508e+02 1.244761657714843750e+01 1.715763664245605469e+01
2.341625356674192915e+01 1.667429847717285156e+02 1.253986454010009766e+01 1.936548614501953125e+01
2.358476495742796430e+01 1.668439531326293945e+02 1.255876827239990234e+01 1.950440406799316406e+01
2.449450874328611860e+01 1.678658256530761719e+02 1.251818847656250000e+01 1.714500808715820312e+01
2.474693107604979048e+01 1.676378135681152344e+02 1.311830902099609375e+01 1.702128219604492188e+01
2.535556983947752485e+01 1.678577756881713867e+02 1.315135955810546875e+01 1.844435310363769531e+01
2.598084211349485884e+01 1.675410976409912109e+02 1.422976398468017578e+01 1.790586090087890625e+01
2.582226324081419477e+01 1.675691261291503906e+02 1.484311008453369141e+01 1.887481307983398438e+01
2.629248332977293501e+01 1.669050827026367188e+02 1.517595481872558594e+01 1.979633712768554688e+01
2.700256156921385298e+01 1.666813764572143555e+02 1.512566375732421875e+01 2.133721733093261719e+01
2.792990255355833540e+01 1.674056549072265625e+02 1.458317661285400391e+01 2.087343215942382812e+01
2.961593246459959516e+01 1.666310844421386719e+02 1.521055984497070312e+01 2.182551956176757812e+01
2.882028388977049360e+01 1.665191354751586914e+02 1.681328582763671875e+01 2.125401496887207031e+01
2.936697483062742720e+01 1.667550544738769531e+02 1.696334266662597656e+01 2.130625534057617188e+01
2.964568138122557173e+01 1.657905158996582031e+02 1.695154571533203125e+01 2.234850692749023438e+01
3.020320510864256391e+01 1.657052469253540039e+02 1.655434799194335938e+01 2.355467414855957031e+01
3.182995414733885298e+01 1.664347257614135742e+02 1.612093353271484375e+01 2.367365074157714844e+01
3.406521129608152876e+01 1.662952566146850586e+02 1.485119438171386719e+01 2.392885398864746094e+01
3.289862632751463423e+01 1.672610273361206055e+02 1.805204772949218750e+01 1.717721366882324219e+01
3.559229612350462446e+01 1.658674707412719727e+02 1.548010730743408203e+01 2.045742225646972656e+01
3.727602243423460493e+01 1.664749870300292969e+02 1.383409023284912109e+01 1.986299514770507812e+01
3.800091981887815962e+01 1.671810140609741211e+02 1.383539104461669922e+01 1.731777763366699219e+01
3.904230785369871626e+01 1.672979488372802734e+02 1.393595695495605469e+01 1.514937591552734375e+01
3.939365816116331587e+01 1.680810446739196777e+02 1.518898296356201172e+01 1.491032886505126953e+01
4.100725173950193891e+01 1.672241816520690918e+02 1.405231094360351562e+01 1.527090549468994141e+01
4.032083940505980024e+01 1.668190555572509766e+02 1.539925670623779297e+01 1.806748580932617188e+01
4.036018133163450727e+01 1.661298236846923828e+02 1.541550540924072266e+01 1.759718704223632812e+01
4.147867965698240766e+01 1.661315374374389648e+02 1.508684921264648438e+01 1.718806648254394531e+01
4.312694501876829634e+01 1.667350559234619141e+02 1.450179004669189453e+01 1.785838699340820312e+01
4.407718849182127485e+01 1.668703880310058594e+02 1.447268676757812500e+01 1.784656524658203125e+01
4.585160446166990766e+01 1.674126930236816406e+02 1.375686264038085938e+01 1.777412414550781250e+01
4.781149387359617720e+01 1.669862318038940430e+02 1.314324378967285156e+01 1.755111503601074219e+01
4.912214136123655805e+01 1.681759023666381836e+02 1.293847560882568359e+01 1.656944084167480469e+01
5.043725252151487837e+01 1.672346181869506836e+02 1.283864116668701172e+01 1.748555183410644531e+01
5.049865722656248579e+01 1.661593980789184570e+02 1.377733993530273438e+01 1.914343833923339844e+01
5.124255847930906782e+01 1.659840316772460938e+02 1.425956153869628906e+01 2.010559082031250000e+01
5.280988836288450727e+01 1.660293302536010742e+02 1.380619144439697266e+01 1.840444374084472656e+01
5.325485754013060102e+01 1.660326461791992188e+02 1.404751682281494141e+01 1.878449249267578125e+01
5.386057710647581587e+01 1.650628976821899414e+02 1.440313243865966797e+01 2.032517814636230469e+01
5.378717327117918501e+01 1.643231878280639648e+02 1.560901451110839844e+01 2.137565040588378906e+01
5.478396415710447798e+01 1.646187982559204102e+02 1.600460052490234375e+01 2.216905784606933594e+01
5.636662864685057173e+01 1.647847890853881836e+02 1.571604156494140625e+01 2.080193519592285156e+01
5.822242689132689009e+01 1.650140743255615234e+02 1.531451892852783203e+01 2.118479537963867188e+01
5.975975751876829634e+01 1.648125581741333008e+02 1.556070423126220703e+01 2.297856712341308594e+01
6.054780864715574751e+01 1.646534967422485352e+02 1.609712028503417969e+01 2.301046562194824219e+01
6.139655303955076704e+01 1.644444322586059570e+02 1.738408279418945312e+01 2.085353660583496094e+01
6.218584156036375532e+01 1.643079767227172852e+02 1.615016365051269531e+01 2.130532646179199219e+01
6.296865844726561079e+01 1.643428363800048828e+02 1.634974288940429688e+01 2.159408187866210938e+01
6.442653656005857954e+01 1.642684516906738281e+02 1.689770889282226562e+01 2.281195831298828125e+01
6.571697711944578657e+01 1.636608228683471680e+02 1.682574653625488281e+01 2.375722694396972656e+01
6.665880393981932173e+01 1.632533130645751953e+02 1.675007629394531250e+01 2.251510238647460938e+01
6.691079425811766157e+01 1.634497928619384766e+02 1.768894386291503906e+01 2.321207046508789062e+01
6.798701858520506391e+01 1.631836957931518555e+02 1.704865646362304688e+01 2.216234779357910156e+01
6.865547275543211470e+01 1.639675741195678711e+02 1.753516578674316406e+01 2.054431343078613281e+01
7.184628105163572798e+01 1.640425338745117188e+02 1.615940856933593750e+01 2.140442657470703125e+01
7.305958461761473188e+01 1.648058357238769531e+02 1.678581047058105469e+01 2.129013824462890625e+01
7.396643543243406782e+01 1.634804801940917969e+02 1.728092384338378906e+01 2.348810577392578125e+01
7.410218811035154829e+01 1.627858924865722656e+02 1.911193466186523438e+01 2.223934173583984375e+01
7.554650497436522016e+01 1.630040817260742188e+02 1.867290878295898438e+01 2.419761657714843750e+01
7.618105411529539595e+01 1.624859218597412109e+02 1.926651954650878906e+01 2.440061569213867188e+01
7.892398834228514204e+01 1.629302835464477539e+02 1.800344467163085938e+01 2.434782218933105469e+01
7.972125816345213423e+01 1.623463640213012695e+02 1.866415405273437500e+01 2.595982170104980469e+01
8.023526859283445845e+01 1.619941644668579102e+02 1.950505256652832031e+01 2.896776390075683594e+01
8.243040370941160688e+01 1.630785226821899414e+02 1.957900810241699219e+01 2.711156272888183594e+01
8.409078502655029297e+01 1.625169486999511719e+02 1.898336601257324219e+01 2.555712127685546875e+01
8.533804512023925781e+01 1.621349687576293945e+02 1.944727325439453125e+01 2.670743370056152344e+01
8.695703125000000000e+01 1.631704454421997070e+02 1.985000228881835938e+01 2.634083366394042969e+01
8.847203350067138672e+01 1.623073453903198242e+02 2.001544761657714844e+01 2.664989662170410156e+01
9.083593463897705078e+01 1.627900886535644531e+02 1.934266090393066406e+01 2.612934112548828125e+01
9.279775810241699219e+01 1.626494531631469727e+02 1.945493316650390625e+01 2.709372520446777344e+01
9.354845237731933594e+01 1.619487457275390625e+02 2.115581512451171875e+01 2.962803649902343750e+01
9.500932216644287109e+01 1.612105274200439453e+02 2.137937736511230469e+01 2.765681838989257812e+01
9.681950664520263672e+01 1.613101282119750977e+02 2.192368125915527344e+01 2.839619255065917969e+01
9.908541679382324219e+01 1.606691312789916992e+02 2.203517913818359375e+01 2.861705207824707031e+01
1.015129432678222656e+02 1.614347429275512695e+02 2.368181228637695312e+01 2.876866722106933594e+01
1.029342756271362305e+02 1.610791339874267578e+02 2.313988304138183594e+01 2.774641799926757812e+01
1.045569725036621094e+02 1.604928550720214844e+02 2.320095443725585938e+01 3.135811614990234375e+01
1.066759538650512695e+02 1.602433166503906250e+02 2.435804176330566406e+01 3.334329223632812500e+01
1.086541633605957031e+02 1.604660739898681641e+02 2.595601272583007812e+01 3.471857070922851562e+01
1.125080528259277344e+02 1.603517608642578125e+02 2.434674453735351562e+01 3.570550537109375000e+01
1.133128337860107422e+02 1.601817493438720703e+02 2.659721374511718750e+01 3.595745468139648438e+01
1.165173120498657227e+02 1.606391773223876953e+02 2.609943580627441406e+01 3.517742538452148438e+01
1.187844018936157227e+02 1.602680664062500000e+02 2.619679450988769531e+01 3.287915039062500000e+01
1.219371051788330078e+02 1.603177776336669922e+02 2.599934387207031250e+01 3.367884445190429688e+01
1.251805095672607422e+02 1.606738624572753906e+02 2.624983978271484375e+01 3.421651458740234375e+01
1.290161390304565430e+02 1.600224018096923828e+02 2.633405113220214844e+01 3.879786300659179688e+01
1.306191463470458984e+02 1.614729690551757812e+02 2.857400512695312500e+01 3.998872375488281250e+01
1.340937709808349609e+02 1.588900642395019531e+02 2.892010498046875000e+01 4.420052337646484375e+01
1.378490018844604492e+02 1.581675243377685547e+02 2.910848045349121094e+01 4.439986038208007812e+01
1.417933435440063477e+02 1.595933399200439453e+02 2.874090003967285156e+01 4.397736740112304688e+01
1.451048269271850586e+02 1.591113643646240234e+02 2.862414360046386719e+01 4.503021621704101562e+01
1.481346635818481445e+02 1.581923370361328125e+02 3.172140693664550781e+01 4.284170532226562500e+01
1.530530109405517578e+02 1.581378231048583984e+02 2.984848785400390625e+01 4.339923477172851562e+01
1.584131145477294922e+02 1.592049598693847656e+02 2.743542480468750000e+01 4.040285491943359375e+01
1.631771526336669922e+02 1.587649173736572266e+02 2.944906616210937500e+01 4.543117904663085938e+01
1.677390403747558594e+02 1.581837196350097656e+02 2.914694595336914062e+01 4.134806060791015625e+01
1.705407810211181641e+02 1.589407329559326172e+02 2.887517547607421875e+01 4.011227798461914062e+01
1.762502946853637695e+02 1.583329315185546875e+02 2.989738655090332031e+01 4.019119262695312500e+01
1.834805002212524414e+02 1.564177360534667969e+02 2.717571449279785156e+01 4.143221282958984375e+01
1.881739177703857422e+02 1.570066585540771484e+02 2.717712402343750000e+01 4.322609329223632812e+01
1.932624139785766602e+02 1.567852725982666016e+02 2.955117225646972656e+01 4.459534835815429688e+01
1.999156847000122070e+02 1.572203979492187500e+02 2.976901435852050781e+01 4.133792114257812500e+01
2.058908758163452148e+02 1.560700569152832031e+02 2.926025199890136719e+01 4.493264007568359375e+01
2.112809295654296875e+02 1.551688251495361328e+02 3.072086715698242188e+01 5.007665634155273438e+01
2.192515792846679688e+02 1.568052234649658203e+02 3.511352157592773438e+01 4.839849472045898438e+01
2.246800632476806641e+02 1.554177284240722656e+02 3.758159637451171875e+01 5.253646087646484375e+01
2.268058280944824219e+02 1.567327041625976562e+02 4.273927688598632812e+01 5.370556640625000000e+01
2.374245281219482422e+02 1.559803123474121094e+02 4.164546203613281250e+01 5.803252410888671875e+01
2.337586593627929688e+02 1.578612308502197266e+02 5.307117843627929688e+01 5.587496566772460938e+01
2.449320259094238281e+02 1.541636428833007812e+02 4.997720718383789062e+01 6.757704162597656250e+01
2.478740329742431641e+02 1.629478130340576172e+02 6.431592559814453125e+01 5.983307266235351562e+01
2.597308406829833984e+02 1.572477226257324219e+02 6.494822692871093750e+01 6.708072662353515625e+01
2.690941333770751953e+02 1.614296188354492188e+02 7.475972747802734375e+01 7.279356384277343750e+01
2.866215744018554688e+02 1.530063819885253906e+02 6.078498458862304688e+01 8.007799530029296875e+01
2.893070716857910156e+02 1.517620277404785156e+02 6.358693313598632812e+01 9.020021820068359375e+01
3.031272087097167969e+02 1.544794082641601562e+02 6.213797378540039062e+01 8.849266052246093750e+01
3.123646411895751953e+02 1.544398460388183594e+02 6.076876068115234375e+01 9.364707183837890625e+01
3.246822147369384766e+02 1.502689781188964844e+02 6.475470733642578125e+01 9.616703033447265625e+01
3.371999607086181641e+02 1.496960296630859375e+02 6.509607696533203125e+01 9.374093627929687500e+01
3.476890430450439453e+02 1.471954116821289062e+02 6.682610321044921875e+01 9.334153747558593750e+01
3.556960239410400391e+02 1.450254859924316406e+02 7.076294708251953125e+01 9.585601043701171875e+01
3.722233524322509766e+02 1.443873100280761719e+02 7.332913970947265625e+01 9.638776397705078125e+01
3.857569713592529297e+02 1.442973861694335938e+02 7.298300170898437500e+01 9.503068542480468750e+01
3.995276699066162109e+02 1.451183853149414062e+02 7.637040710449218750e+01 9.786555480957031250e+01
4.141480045318603516e+02 1.443738517761230469e+02 7.415268707275390625e+01 1.008791580200195312e+02
