1.130000000000000000e+02 1.740000000000000000e+02 1.800000000000000000e+01 1.500000000000000000e+01
1.134226970672607422e+02 1.740578670501708984e+02 1.897236251831054688e+01 1.502093887329101562e+01
1.135974645614624023e+02 1.729614152908325195e+02 1.921533393859863281e+01 1.525299644470214844e+01
1.135521984100341797e+02 1.737887096405029297e+02 1.955730056762695312e+01 1.466360092163085938e+01
1.144783716201782227e+02 1.738544511795043945e+02 1.964246940612792969e+01 1.491808891296386719e+01
1.145805387496948242e+02 1.736573596000671387e+02 1.967331123352050781e+01 1.479448032379150391e+01
1.151058311462402344e+02 1.733743739128112793e+02 1.980599212646484375e+01 1.482498264312744141e+01
1.151609153747558594e+02 1.744439034461975098e+02 2.003088378906250000e+01 1.440315532684326172e+01
1.163405151367187500e+02 1.737160139083862305e+02 2.002306365966796875e+01 1.481772804260253906e+01
1.164810600280761719e+02 1.734156079292297363e+02 2.007121276855468750e+01 1.525003719329833984e+01
1.165031299591064453e+02 1.739726190567016602e+02 2.032754135131835938e+01 1.509635734558105469e+01
1.173896722793579102e+02 1.740656638145446777e+02 2.065630912780761719e+01 1.508483600616455078e+01
1.178233489990234375e+02 1.740478792190551758e+02 2.082847595214843750e+01 1.536143302917480469e+01
1.183255395889282227e+02 1.735638446807861328e+02 2.096516227722167969e+01 1.535812759399414062e+01
1.183771057128906250e+02 1.742136864662170410e+02 2.117764282226562500e+01 1.527718639373779297e+01
1.190486631393432617e+02 1.737407455444335938e+02 2.108028602600097656e+01 1.543671417236328125e+01
1.195803928375244141e+02 1.739074282646179199e+02 2.143107223510742188e+01 1.548743534088134766e+01
1.200471248626708984e+02 1.740617299079895020e+02 2.150844192504882812e+01 1.568643093109130859e+01
1.207238121032714844e+02 1.738726110458374023e+02 2.153127288818359375e+01 1.580774116516113281e+01
1.217643842697143555e+02 1.737000880241394043e+02 2.173533821105957031e+01 1.571716403961181641e+01
1.215355834960937500e+02 1.733708405494689941e+02 2.214987945556640625e+01 1.586336040496826172e+01
1.225799255371093750e+02 1.739250040054321289e+02 2.213090515136718750e+01 1.574586296081542969e+01
1.232309198379516602e+02 1.741760139465332031e+02 2.249203300476074219e+01 1.598058319091796875e+01
1.241678848266601562e+02 1.739366722106933594e+02 2.259062194824218750e+01 1.625394439697265625e+01
1.245794963836669922e+02 1.732309799194335938e+02 2.283607101440429688e+01 1.650370788574218750e+01
1.246064939498901367e+02 1.744649696350097656e+02 2.310865974426269531e+01 1.600209045410156250e+01
1.253520870208740234e+02 1.736075067520141602e+02 2.290318679809570312e+01 1.664944267272949219e+01
1.262149085998535156e+02 1.743214559555053711e+02 2.336563873291015625e+01 1.645077705383300781e+01
1.270420761108398438e+02 1.736335573196411133e+02 2.350698089599609375e+01 1.684535026550292969e+01
1.270057039260864258e+02 1.738108510971069336e+02 2.356474876403808594e+01 1.682592964172363281e+01
1.276593427658081055e+02 1.739647083282470703e+02 2.367607307434082031e+01 1.693377304077148438e+01
1.283149299621582031e+02 1.735974035263061523e+02 2.399496459960937500e+01 1.721763801574707031e+01
1.295192003250122070e+02 1.737391433715820312e+02 2.392336845397949219e+01 1.733023834228515625e+01
1.300777091979980469e+02 1.739055995941162109e+02 2.457605743408203125e+01 1.738344192504882812e+01
1.301930503845214844e+02 1.736137905120849609e+02 2.493128967285156250e+01 1.726661300659179688e+01
1.312376251220703125e+02 1.731968793869018555e+02 2.478728485107421875e+01 1.746396064758300781e+01
1.308521327972412109e+02 1.733429937362670898e+02 2.521313095092773438e+01 1.777409553527832031e+01
1.322923526763916016e+02 1.733046979904174805e+02 2.532488632202148438e+01 1.752706336975097656e+01
1.334176855087280273e+02 1.732076883316040039e+02 2.549460029602050781e+01 1.760130119323730469e+01
1.331038503646850586e+02 1.728787126541137695e+02 2.629925727844238281e+01 1.800495719909667969e+01
1.343658409118652344e+02 1.735603981018066406e+02 2.642159271240234375e+01 1.788130950927734375e+01
1.349124593734741211e+02 1.735323181152343750e+02 2.694120979309082031e+01 1.804268646240234375e+01
1.355260210037231445e+02 1.736427698135375977e+02 2.736826896667480469e+01 1.826688957214355469e+01
1.369292869567871094e+02 1.731127214431762695e+02 2.713137817382812500e+01 1.857291984558105469e+01
1.378431396484375000e+02 1.738330316543579102e+02 2.756890869140625000e+01 1.854139518737792969e+01
1.383796968460083008e+02 1.728500270843505859e+02 2.800852012634277344e+01 1.912228012084960938e+01
1.388472099304199219e+02 1.729720649719238281e+02 2.815254211425781250e+01 1.940012359619140625e+01
1.397206134796142578e+02 1.725718545913696289e+02 2.846904373168945312e+01 1.964741325378417969e+01
1.409265003204345703e+02 1.732327604293823242e+02 2.871123886108398438e+01 1.939213752746582031e+01
1.408609046936035156e+02 1.732803449630737305e+02 2.916514587402343750e+01 1.981567573547363281e+01
1.419281368255615234e+02 1.727572631835937500e+02 2.962726974487304688e+01 1.971226501464843750e+01
1.428292446136474609e+02 1.733327178955078125e+02 3.007281875610351562e+01 1.971940612792968750e+01
1.439159460067749023e+02 1.734007101058959961e+02 3.003112220764160156e+01 2.001194953918457031e+01
1.455246744155883789e+02 1.731806154251098633e+02 2.979697227478027344e+01 2.003165245056152344e+01
1.463995227813720703e+02 1.735133914947509766e+02 2.997092056274414062e+01 2.016359329223632812e+01
1.469982185363769531e+02 1.732308759689331055e+02 3.051876831054687500e+01 2.033065986633300781e+01
1.481349096298217773e+02 1.735534791946411133e+02 3.062119483947753906e+01 2.041662406921386719e+01
1.487626209259033203e+02 1.732200317382812500e+02 3.160235977172851562e+01 2.087909698486328125e+01
1.496909713745117188e+02 1.732655801773071289e+02 3.240653228759765625e+01 2.094602775573730469e+01
1.507811183929443359e+02 1.734011659622192383e+02 3.271372604370117188e+01 2.117124748229980469e+01
1.519021701812744141e+02 1.731478643417358398e+02 3.282796859741210938e+01 2.118381690979003906e+01
1.526133460998535156e+02 1.729263811111450195e+02 3.325320434570312500e+01 2.157282066345214844e+01
1.540041866302490234e+02 1.729170455932617188e+02 3.323115921020507812e+01 2.161109924316406250e+01
1.548934993743896484e+02 1.729187431335449219e+02 3.292557907104492188e+01 2.172695922851562500e+01
1.558305244445800781e+02 1.735270671844482422e+02 3.327235412597656250e+01 2.169980239868164062e+01
1.574083557128906250e+02 1.736043376922607422e+02 3.379543304443359375e+01 2.199696731567382812e+01
1.587022399902343750e+02 1.728015365600585938e+02 3.377500915527343750e+01 2.200857543945312500e+01
1.588540039062500000e+02 1.728763132095336914e+02 3.460311889648437500e+01 2.228079032897949219e+01
1.605219421386718750e+02 1.733178100585937500e+02 3.476274871826171875e+01 2.240618133544921875e+01
1.616588916778564453e+02 1.728220949172973633e+02 3.536976242065429688e+01 2.241200828552246094e+01
1.629135589599609375e+02 1.727593708038330078e+02 3.575412750244140625e+01 2.277161788940429688e+01
1.644899578094482422e+02 1.727162189483642578e+02 3.585435867309570312e+01 2.297562026977539062e+01
1.657529964447021484e+02 1.726893882751464844e+02 3.636311721801757812e+01 2.337325286865234375e+01
1.676603317260742188e+02 1.729254274368286133e+02 3.662039184570312500e+01 2.349246025085449219e+01
1.677970294952392578e+02 1.725249357223510742e+02 3.773991012573242188e+01 2.413992500305175781e+01
1.694701480865478516e+02 1.731624050140380859e+02 3.771892166137695312e+01 2.400410079956054688e+01
1.701972694396972656e+02 1.724755754470825195e+02 3.890748596191406250e+01 2.463427543640136719e+01
1.716552066802978516e+02 1.722552337646484375e+02 3.902405166625976562e+01 2.489475250244140625e+01
1.729856929779052734e+02 1.729994411468505859e+02 3.955956649780273438e+01 2.500555038452148438e+01
1.743248977661132812e+02 1.723082656860351562e+02 4.087795257568359375e+01 2.529260253906250000e+01
1.764227867126464844e+02 1.734567775726318359e+02 4.021012878417968750e+01 2.534888076782226562e+01
1.768884944915771484e+02 1.726214771270751953e+02 4.132946395874023438e+01 2.603319168090820312e+01
1.789826259613037109e+02 1.723456745147705078e+02 4.271924972534179688e+01 2.608890151977539062e+01
1.814589805603027344e+02 1.735644311904907227e+02 4.188108825683593750e+01 2.593875694274902344e+01
1.833723716735839844e+02 1.725563449859619141e+02 4.277285766601562500e+01 2.637804031372070312e+01
1.839327850341796875e+02 1.732410898208618164e+02 4.396836090087890625e+01 2.631712913513183594e+01
1.869895210266113281e+02 1.723027524948120117e+02 4.354231262207031250e+01 2.707939338684082031e+01
1.877455806732177734e+02 1.725917243957519531e+02 4.458288192749023438e+01 2.705192565917968750e+01
1.894565620422363281e+02 1.724144182205200195e+02 4.520303344726562500e+01 2.786114311218261719e+01
1.918255424499511719e+02 1.734971456527709961e+02 4.620864868164062500e+01 2.818862342834472656e+01
1.936108646392822266e+02 1.730226602554321289e+02 4.738414382934570312e+01 2.858833885192871094e+01
1.950228309631347656e+02 1.730872144699096680e+02 4.774154663085937500e+01 2.889901924133300781e+01
1.976811428070068359e+02 1.729181213378906250e+02 4.860457992553710938e+01 2.916722869873046875e+01
1.984892005920410156e+02 1.725734663009643555e+02 5.092469787597656250e+01 2.971246528625488281e+01
2.002510871887207031e+02 1.731641054153442383e+02 5.060551452636718750e+01 2.975306510925292969e+01
2.030033187866210938e+02 1.725575857162475586e+02 5.169519805908203125e+01 3.025344276428222656e+01
2.057244796752929688e+02 1.734823083877563477e+02 5.172118377685546875e+01 2.984917259216308594e+01
2.061985168457031250e+02 1.729912796020507812e+02 5.329428863525390625e+01 3.074405670166015625e+01
2.093275928497314453e+02 1.732311201095581055e+02 5.351511001586914062e+01 3.101632881164550781e+01
2.113706111907958984e+02 1.729309453964233398e+02 5.454885482788085938e+01 3.157085609436035156e+01
2.121939163208007812e+02 1.722412891387939453e+02 5.692819976806640625e+01 3.205615615844726562e+01
2.169113368988037109e+02 1.722956180572509766e+02 5.600358200073242188e+01 3.219130325317382812e+01
2.191954174041748047e+02 1.731622371673583984e+02 5.754052352905273438e+01 3.266482162475585938e+01
2.218367824554443359e+02 1.727595882415771484e+02 5.848673629760742188e+01 3.359876632690429688e+01
2.243033542633056641e+02 1.714884624481201172e+02 5.968880081176757812e+01 3.412878036499023438e+01
2.265110530853271484e+02 1.724730777740478516e+02 6.127700424194335938e+01 3.436307144165039062e+01
2.295821971893310547e+02 1.714247474670410156e+02 6.239362716674804688e+01 3.523294067382812500e+01
2.322745895385742188e+02 1.722432594299316406e+02 6.381122589111328125e+01 3.572846984863281250e+01
2.345932769775390625e+02 1.714417457580566406e+02 6.493618011474609375e+01 3.601892089843750000e+01
2.387280616760253906e+02 1.726332950592041016e+02 6.640036010742187500e+01 3.698598098754882812e+01
2.414928627014160156e+02 1.711615447998046875e+02 6.788832092285156250e+01 3.724739837646484375e+01
2.457874221801757812e+02 1.716644515991210938e+02 6.871810150146484375e+01 3.806433868408203125e+01
2.479441337585449219e+02 1.718129920959472656e+02 7.040899658203125000e+01 3.861383056640625000e+01
2.507421951293945312e+02 1.708263206481933594e+02 7.111081695556640625e+01 3.869010925292968750e+01
2.564699897766113281e+02 1.722341899871826172e+02 7.284759521484375000e+01 4.006322860717773438e+01
2.594879417419433594e+02 1.706199398040771484e+02 7.482041931152343750e+01 4.100985336303710938e+01
2.632710304260253906e+02 1.721200542449951172e+02 7.703575134277343750e+01 4.132448959350585938e+01
2.665285377502441406e+02 1.709722824096679688e+02 7.872842407226562500e+01 4.270420074462890625e+01
2.714409561157226562e+02 1.720949382781982422e+02 8.053414154052734375e+01 4.343133163452148438e+01
2.756869506835937500e+02 1.713400268554687500e+02 8.212119293212890625e+01 4.402593231201171875e+01
2.800753059387207031e+02 1.706801376342773438e+02 8.467059326171875000e+01 4.522515106201171875e+01
2.849197120666503906e+02 1.719382019042968750e+02 8.748410034179687500e+01 4.548891448974609375e+01
2.894627990722656250e+02 1.708922042846679688e+02 8.950031280517578125e+01 4.712244415283203125e+01
2.939453392028808594e+02 1.713126144409179688e+02 9.255796813964843750e+01 4.838657379150390625e+01
2.989215354919433594e+02 1.704261684417724609e+02 9.549345397949218750e+01 4.908536911010742188e+01
3.036008529663085938e+02 1.705068893432617188e+02 9.859801483154296875e+01 5.052689361572265625e+01
3.105080871582031250e+02 1.709662761688232422e+02 1.008176956176757812e+02 5.212386703491210938e+01
3.151061782836914062e+02 1.712797946929931641e+02 1.040232772827148438e+02 5.184079360961914062e+01
3.213752212524414062e+02 1.713243980407714844e+02 1.076704330444335938e+02 5.349118041992187500e+01
3.272609634399414062e+02 1.714017391204833984e+02 1.116489791870117188e+02 5.427238082885742188e+01
3.332422370910644531e+02 1.710570068359375000e+02 1.149853820800781250e+02 5.565914154052734375e+01
3.390506477355957031e+02 1.708913440704345703e+02 1.192721862792968750e+02 5.772050857543945312e+01
3.446730422973632812e+02 1.714261817932128906e+02 1.243579635620117188e+02 5.821669006347656250e+01
3.541136550903320312e+02 1.713301773071289062e+02 1.264156112670898438e+02 6.025052642822265625e+01
3.592223777770996094e+02 1.719954624176025391e+02 1.300615386962890625e+02 6.151025772094726562e+01
3.651332435607910156e+02 1.706739006042480469e+02 1.251697692871093750e+02 6.250494384765625000e+01
3.738097343444824219e+02 1.719807090759277344e+02 1.172270660400390625e+02 6.353662109375000000e+01
3.821524810791015625e+02 1.707970504760742188e+02 1.102808914184570312e+02 6.693778228759765625e+01
