2.000000000000000000e+01 1.260000000000000000e+02 1.220000000000000000e+02 1.210000000000000000e+02
3.345284271240237217e+01 1.263251686096191690e+02 1.195990447998046875e+02 1.167278060913085938e+02
5.373853683471682530e+01 1.282243003845215128e+02 1.108484573364257812e+02 1.148435745239257812e+02
6.956640243530276280e+01 1.296918563842773722e+02 1.063034439086914062e+02 1.114471588134765625e+02
7.814987945556643467e+01 1.343775177001953409e+02 1.080077972412109375e+02 1.062300415039062500e+02
9.086447906494143467e+01 1.351381988525390909e+02 1.024512481689453125e+02 1.023192138671875000e+02
1.020738677978515909e+02 1.377347297668457315e+02 9.799896240234375000e+01 1.011185226440429688e+02
1.095017166137695597e+02 1.385160980224609659e+02 9.780284118652343750e+01 9.757141113281250000e+01
1.229652862548828693e+02 1.401568222045899006e+02 8.980300903320312500e+01 9.439186096191406250e+01
1.318894042968750568e+02 1.414315071105957600e+02 8.747100830078125000e+01 8.908925628662109375e+01
1.395026512145996662e+02 1.421293907165527912e+02 8.507215118408203125e+01 9.419782257080078125e+01
1.474336814880371662e+02 1.427510108947754475e+02 7.962866973876953125e+01 9.291201019287109375e+01
1.536626472473145100e+02 1.440550918579102131e+02 8.001271820068359375e+01 9.355650329589843750e+01
1.626382102966309162e+02 1.459578628540039631e+02 7.931424713134765625e+01 9.845222473144531250e+01
1.679842338562012287e+02 1.456522521972656818e+02 8.001520538330078125e+01 9.926605224609375000e+01
1.760959014892578693e+02 1.475994415283203693e+02 7.431503295898437500e+01 9.291543579101562500e+01
1.818716049194336506e+02 1.483989944458008381e+02 7.524665832519531250e+01 9.616868591308593750e+01
1.889603385925293537e+02 1.494716262817383381e+02 7.076694488525390625e+01 9.133482360839843750e+01
1.968814926147461506e+02 1.501308670043945881e+02 6.671278381347656250e+01 8.634886169433593750e+01
2.048009490966797443e+02 1.513989067077637287e+02 6.529821777343750000e+01 9.327948760986328125e+01
2.101115436553955647e+02 1.494722747802734943e+02 6.196856307983398438e+01 9.265457153320312500e+01
2.152848854064941975e+02 1.510428695678711506e+02 6.149858856201171875e+01 9.109230041503906250e+01
2.213651676177979084e+02 1.519327239990234943e+02 6.021177291870117188e+01 8.993768310546875000e+01
2.261711349487305256e+02 1.527655029296875568e+02 5.896846008300781250e+01 8.805981445312500000e+01
2.310555534362793537e+02 1.535826454162598225e+02 5.711887359619140625e+01 8.687767791748046875e+01
2.343079891204834553e+02 1.544618988037109943e+02 5.673387527465820312e+01 8.404202270507812500e+01
2.412095298767090412e+02 1.556641197204590412e+02 5.370554351806640625e+01 7.726471710205078125e+01
2.444999980926514240e+02 1.570029106140137287e+02 5.487421035766601562e+01 8.043170928955078125e+01
2.483277072906494709e+02 1.573951034545899006e+02 5.522697067260742188e+01 8.139991760253906250e+01
2.531376781463623615e+02 1.561733322143555256e+02 5.256467056274414062e+01 7.828205871582031250e+01
2.559910144805908772e+02 1.572915191650391193e+02 5.292400741577148438e+01 7.857553100585937500e+01
2.608663101196289631e+02 1.570065956115723225e+02 4.954158020019531250e+01 7.588898468017578125e+01
2.637820949554443928e+02 1.596172180175781818e+02 5.199893569946289062e+01 7.880326843261718750e+01
2.672833328247070881e+02 1.577843704223633381e+02 5.353463745117187500e+01 7.444328308105468750e+01
2.697616386413574787e+02 1.593803672790527912e+02 4.881642913818359375e+01 7.365329742431640625e+01
2.731391506195068928e+02 1.618288955688477131e+02 4.820618057250976562e+01 7.813024902343750000e+01
2.770400962829590412e+02 1.597065811157227131e+02 4.768303680419921875e+01 6.923780822753906250e+01
2.802101593017578693e+02 1.598583564758301350e+02 4.444444274902343750e+01 6.618506622314453125e+01
2.831477279663086506e+02 1.605560111999512287e+02 4.446583557128906250e+01 6.452210235595703125e+01
2.865184364318848225e+02 1.614761562347412678e+02 4.305048370361328125e+01 6.112529373168945312e+01
2.897060775756836506e+02 1.613749828338623615e+02 4.386895751953125000e+01 6.080638504028320312e+01
2.920715065002441975e+02 1.613411960601807209e+02 4.440843963623046875e+01 5.967577743530273438e+01
2.941096973419190022e+02 1.617436828613281818e+02 4.310259628295898438e+01 5.880683898925781250e+01
2.974651508331299397e+02 1.613591957092285725e+02 4.051073837280273438e+01 5.852950286865234375e+01
2.997277145385742756e+02 1.620596008300781818e+02 4.027239990234375000e+01 6.062229919433593750e+01
3.002557563781738850e+02 1.624279937744141193e+02 3.938019561767578125e+01 6.010325622558593750e+01
3.021000270843506428e+02 1.635668640136719318e+02 3.889001846313476562e+01 6.224119567871093750e+01
3.023306980133057209e+02 1.625234279632568928e+02 3.963454818725585938e+01 6.000926589965820312e+01
3.051095867156982990e+02 1.636596221923828693e+02 3.830498123168945312e+01 6.064759826660156250e+01
3.062535533905029865e+02 1.647798938751221272e+02 3.747710037231445312e+01 5.873987960815429688e+01
3.087883167266846272e+02 1.639077968597412678e+02 3.674692916870117188e+01 5.617168045043945312e+01
3.116059608459473225e+02 1.644560337066650959e+02 3.469374847412109375e+01 5.705935287475585938e+01
3.126209030151367756e+02 1.644684009552002522e+02 3.589547729492187500e+01 5.573716354370117188e+01
3.136719989776611897e+02 1.644318237304688068e+02 3.573038864135742188e+01 5.496440124511718750e+01
3.148220653533936115e+02 1.651263866424561115e+02 3.446857070922851562e+01 5.417320632934570312e+01
3.158483085632324787e+02 1.646035175323486897e+02 3.235478973388671875e+01 5.288373947143554688e+01
3.187603960037232014e+02 1.654451408386231037e+02 3.196187400817871094e+01 4.956484222412109375e+01
3.210508375167847248e+02 1.654846992492676350e+02 2.954426002502441406e+01 4.662506866455078125e+01
3.229971609115601154e+02 1.657290039062500568e+02 2.883061408996582031e+01 4.524510192871093750e+01
3.244781484603882404e+02 1.652701282501221272e+02 2.855958747863769531e+01 4.365421676635742188e+01
3.264863662719727131e+02 1.654857730865479084e+02 2.845242309570312500e+01 4.238302230834960938e+01
3.281555480957031818e+02 1.663255043029785725e+02 2.812931823730468750e+01 4.333274078369140625e+01
3.291254072189331623e+02 1.668038196563721272e+02 2.744944190979003906e+01 4.076545333862304688e+01
3.306229076385498615e+02 1.669675388336182209e+02 2.744670486450195312e+01 4.242968368530273438e+01
3.320571098327637287e+02 1.672974262237549397e+02 2.614003753662109375e+01 3.821306991577148438e+01
3.328516302108765217e+02 1.671298980712891193e+02 2.670239448547363281e+01 3.816394805908203125e+01
3.343350620269775959e+02 1.670531444549561115e+02 2.628692245483398438e+01 3.904348373413085938e+01
3.349801368713379475e+02 1.676765689849854084e+02 2.774274444580078125e+01 4.065388870239257812e+01
3.369026298522949787e+02 1.670874938964844318e+02 2.653176116943359375e+01 3.980004119873046875e+01
3.387356891632080647e+02 1.673734092712402912e+02 2.782542037963867188e+01 3.943188476562500000e+01
3.397325439453125568e+02 1.674423007965088459e+02 2.749020385742187500e+01 3.948033523559570312e+01
3.413993091583252522e+02 1.680154438018799397e+02 2.729455184936523438e+01 3.838562393188476562e+01
3.427420291900635334e+02 1.685040645599365803e+02 2.552454757690429688e+01 3.707932662963867188e+01
3.434075460433960529e+02 1.678144512176514240e+02 2.618628120422363281e+01 3.756293869018554688e+01
3.431075582504273029e+02 1.677446346282959553e+02 2.572065925598144531e+01 3.894137191772460938e+01
3.450320711135864826e+02 1.680503578186035725e+02 2.619490623474121094e+01 3.758992004394531250e+01
3.457743358612061115e+02 1.685669460296631428e+02 2.556135940551757812e+01 4.022779464721679688e+01
3.464098167419434162e+02 1.683797454833984943e+02 2.577915191650390625e+01 3.650457000732421875e+01
3.472436714172363850e+02 1.691841011047363850e+02 2.413990783691406250e+01 3.872479248046875000e+01
3.464851436614990803e+02 1.691253528594971272e+02 2.518619155883789062e+01 3.546951675415039062e+01
3.481495046615601154e+02 1.688341999053955647e+02 2.552507972717285156e+01 3.589867782592773438e+01
3.491238660812378498e+02 1.692270298004150959e+02 2.278778266906738281e+01 3.640792465209960938e+01
3.492222852706909748e+02 1.696855640411377522e+02 2.324283790588378906e+01 3.623404312133789062e+01
3.495822887420654865e+02 1.699067535400391193e+02 2.349225997924804688e+01 3.478601837158203125e+01
3.497051992416382404e+02 1.698437728881836506e+02 2.273429298400878906e+01 3.517578887939453125e+01
3.508137636184692951e+02 1.694481658935547443e+02 2.216864585876464844e+01 3.747977447509765625e+01
3.507695732116699787e+02 1.702611961364746662e+02 2.279902648925781250e+01 3.545004272460937500e+01
3.513732280731201740e+02 1.701720008850098225e+02 2.209253311157226562e+01 3.518451690673828125e+01
3.523196325302124592e+02 1.697252483367920490e+02 2.155388832092285156e+01 3.479884719848632812e+01
3.517823410034180256e+02 1.706948509216309162e+02 2.109908294677734375e+01 3.401112365722656250e+01
3.531380662918091389e+02 1.698396244049072834e+02 2.080620384216308594e+01 3.557188034057617188e+01
3.522483177185059162e+02 1.706598777770996662e+02 2.136277008056640625e+01 3.362050628662109375e+01
3.530234003067017170e+02 1.707798881530762287e+02 2.033758354187011719e+01 3.324958801269531250e+01
3.535440874099732014e+02 1.707143535614014240e+02 2.007150077819824219e+01 3.287431716918945312e+01
3.551095981597900959e+02 1.707811565399170490e+02 2.031714248657226562e+01 3.176185989379882812e+01
3.558780345916748615e+02 1.709122200012207600e+02 1.987894058227539062e+01 3.180593109130859375e+01
3.572586641311646076e+02 1.713877296447754475e+02 1.975575828552246094e+01 3.385638427734375000e+01
3.564994087219238850e+02 1.714502124786377522e+02 2.007537078857421875e+01 3.298389816284179688e+01
3.566345491409302326e+02 1.720282526016235920e+02 2.045636558532714844e+01 3.195013999938964844e+01
3.567874488830566975e+02 1.709302701950073811e+02 1.974273681640625000e+01 3.145871925354003906e+01
3.572346286773682209e+02 1.712631931304932209e+02 1.932707595825195312e+01 3.178203964233398438e+01
3.576545057296753498e+02 1.717687387466431232e+02 1.995965003967285156e+01 3.182545280456542969e+01
3.573876419067383381e+02 1.725445404052734943e+02 1.966078948974609375e+01 3.133639526367187500e+01
3.568850631713867756e+02 1.726780128479004475e+02 1.991542053222656250e+01 3.007379150390625000e+01
3.569556035995483967e+02 1.718962059020996662e+02 1.953503608703613281e+01 2.961581420898437500e+01
3.581116886138916584e+02 1.723486776351929279e+02 1.867145919799804688e+01 2.935924720764160156e+01
3.585465240478516193e+02 1.724421930313110920e+02 1.816666412353515625e+01 3.063872337341308594e+01
3.580375394821167561e+02 1.724662580490112873e+02 1.913816261291503906e+01 3.135049629211425781e+01
3.573406772613525959e+02 1.727578458786011311e+02 1.881464767456054688e+01 3.016241645812988281e+01
3.564786062240601154e+02 1.719810047149658772e+02 1.855435371398925781e+01 3.024254989624023438e+01
3.581126298904419514e+02 1.722585134506226154e+02 1.819519615173339844e+01 3.060251045227050781e+01
3.580227518081665607e+02 1.726331281661987873e+02 1.901984977722167969e+01 2.943731117248535156e+01
3.576657962799072834e+02 1.724002132415772053e+02 1.915614700317382812e+01 2.855904769897460938e+01
3.585447044372559162e+02 1.721168165206909748e+02 1.881587219238281250e+01 2.812662696838378906e+01
3.596943597793579670e+02 1.722232265472412678e+02 1.821716117858886719e+01 2.895183181762695312e+01
3.596685504913330647e+02 1.717995004653931232e+02 1.838539505004882812e+01 2.646486473083496094e+01
3.606130800247192951e+02 1.719193229675293537e+02 1.861912345886230469e+01 2.627297210693359375e+01
3.615784406661987873e+02 1.719444589614868732e+02 1.861936378479003906e+01 2.483341026306152344e+01
3.618981657028198811e+02 1.725775928497315022e+02 1.750116157531738281e+01 2.506247329711914062e+01
3.616828231811524006e+02 1.730596637725830647e+02 1.787455749511718750e+01 2.358579635620117188e+01
3.626422700881958576e+02 1.731797513961792561e+02 1.675321769714355469e+01 2.332837867736816406e+01
3.629839286804199787e+02 1.730991144180298420e+02 1.648451232910156250e+01 2.367526817321777344e+01
3.633647670745850178e+02 1.731300182342529865e+02 1.730718612670898438e+01 2.407865524291992188e+01
3.636479301452637287e+02 1.735618562698364826e+02 1.760268402099609375e+01 2.368801689147949219e+01
3.641267833709717365e+02 1.738269176483154865e+02 1.858736801147460938e+01 2.308950424194335938e+01
3.635132827758789631e+02 1.731473245620728107e+02 1.636238098144531250e+01 2.552425956726074219e+01
3.628968896865845295e+02 1.734279289245606037e+02 1.716657066345214844e+01 2.319913482666015625e+01
3.639086284637451740e+02 1.735749607086182209e+02 1.719281387329101562e+01 2.448795700073242188e+01
3.643122825622559162e+02 1.738174343109131428e+02 1.797113800048828125e+01 2.402035140991210938e+01
3.634795198440552326e+02 1.729289731979370686e+02 1.572589683532714844e+01 2.338138771057128906e+01
3.646109304428101154e+02 1.738323221206665607e+02 1.650869941711425781e+01 2.309302330017089844e+01
3.649089927673340412e+02 1.730045518875122639e+02 1.762660217285156250e+01 2.428350639343261719e+01
3.641344213485718342e+02 1.731094293594360920e+02 1.608165931701660156e+01 2.327146720886230469e+01
3.652643604278565022e+02 1.736539306640625568e+02 1.779338455200195312e+01 2.170988464355468750e+01
3.650778846740723225e+02 1.735867214202881428e+02 1.753402709960937500e+01 2.559743881225585938e+01
3.646818904876709553e+02 1.728906316757202717e+02 1.618410873413085938e+01 2.532644081115722656e+01
3.651172657012940022e+02 1.732266807556152912e+02 1.748766708374023438e+01 2.452266693115234375e+01
3.658117551803589436e+02 1.731578617095947834e+02 1.646676826477050781e+01 2.266377639770507812e+01
3.654750385284424397e+02 1.742074260711670490e+02 1.885282516479492188e+01 2.313257217407226562e+01
3.660370407104492756e+02 1.727777423858643147e+02 1.573431396484375000e+01 2.329209518432617188e+01
3.661836881637573811e+02 1.735477828979492756e+02 1.644976997375488281e+01 2.315742492675781250e+01
3.680326623916626545e+02 1.725699510574341389e+02 1.584129142761230469e+01 2.375945091247558594e+01
