8.100000000000000000e+01 1.310000000000000000e+02 2.200000000000000000e+01 1.600000000000000000e+01
8.176258945465087891e+01 1.304501380920410156e+02 2.148083305358886719e+01 1.580171966552734375e+01
8.194813156127929688e+01 1.310756974220275879e+02 2.168934631347656250e+01 1.563453960418701172e+01
8.231906127929687500e+01 1.304971385002136230e+02 2.189756774902343750e+01 1.572535037994384766e+01
8.257900714874267578e+01 1.305349631309509277e+02 2.241917991638183594e+01 1.575014209747314453e+01
8.347953796386718750e+01 1.312011804580688477e+02 2.221246337890625000e+01 1.564732170104980469e+01
8.429991340637207031e+01 1.302367329597473145e+02 2.277255630493164062e+01 1.583779048919677734e+01
8.481223392486572266e+01 1.308781805038452148e+02 2.267212486267089844e+01 1.597146034240722656e+01
8.577798748016357422e+01 1.310740385055541992e+02 2.227072334289550781e+01 1.609170722961425781e+01
8.648996067047119141e+01 1.309316768646240234e+02 2.228305625915527344e+01 1.591608810424804688e+01
8.679361343383789062e+01 1.309602174758911133e+02 2.286666870117187500e+01 1.581466484069824219e+01
8.740102958679199219e+01 1.315485105514526367e+02 2.319211196899414062e+01 1.570630836486816406e+01
8.878940010070800781e+01 1.307827663421630859e+02 2.317929458618164062e+01 1.628335952758789062e+01
8.948953437805175781e+01 1.307925910949707031e+02 2.275492477416992188e+01 1.625038146972656250e+01
8.991460323333740234e+01 1.312039537429809570e+02 2.314560127258300781e+01 1.618868064880371094e+01
9.060405158996582031e+01 1.311486101150512695e+02 2.343625259399414062e+01 1.638663291931152344e+01
9.062106704711914062e+01 1.307321395874023438e+02 2.372763824462890625e+01 1.656288909912109375e+01
9.130898666381835938e+01 1.309413518905639648e+02 2.429380035400390625e+01 1.648970985412597656e+01
9.118384933471679688e+01 1.304154930114746094e+02 2.482167053222656250e+01 1.692601013183593750e+01
9.143490791320800781e+01 1.308983907699584961e+02 2.507465744018554688e+01 1.684679603576660156e+01
9.275236988067626953e+01 1.304114618301391602e+02 2.542906761169433594e+01 1.726917839050292969e+01
9.405781745910644531e+01 1.308204536437988281e+02 2.481697463989257812e+01 1.726183319091796875e+01
9.501747989654541016e+01 1.308415012359619141e+02 2.425850486755371094e+01 1.732262039184570312e+01
9.592981338500976562e+01 1.302570438385009766e+02 2.455744934082031250e+01 1.751010513305664062e+01
9.656389045715332031e+01 1.305223217010498047e+02 2.444295120239257812e+01 1.753050613403320312e+01
9.764199924468994141e+01 1.310589532852172852e+02 2.488989067077636719e+01 1.722967338562011719e+01
9.734831142425537109e+01 1.314822273254394531e+02 2.565690040588378906e+01 1.722192382812500000e+01
9.794781970977783203e+01 1.306880760192871094e+02 2.641470909118652344e+01 1.769444274902343750e+01
9.885842800140380859e+01 1.314195508956909180e+02 2.643330574035644531e+01 1.719655799865722656e+01
1.003533258438110352e+02 1.313742752075195312e+02 2.665629386901855469e+01 1.763219451904296875e+01
1.015457429885864258e+02 1.310162382125854492e+02 2.649948692321777344e+01 1.776134681701660156e+01
1.026479787826538086e+02 1.317962312698364258e+02 2.654321479797363281e+01 1.748930931091308594e+01
1.037583513259887695e+02 1.309899692535400391e+02 2.716738700866699219e+01 1.852074813842773438e+01
1.042038860321044922e+02 1.309643516540527344e+02 2.791305160522460938e+01 1.881632995605468750e+01
1.050375022888183594e+02 1.314192333221435547e+02 2.815699768066406250e+01 1.860217666625976562e+01
1.059468898773193359e+02 1.303871841430664062e+02 2.870240402221679688e+01 1.940493011474609375e+01
1.068843250274658203e+02 1.298393993377685547e+02 2.862611770629882812e+01 2.002958297729492188e+01
1.081045989990234375e+02 1.302470178604125977e+02 2.900041961669921875e+01 1.980300712585449219e+01
1.086541671752929688e+02 1.303576622009277344e+02 2.931029510498046875e+01 2.017734527587890625e+01
1.097273387908935547e+02 1.306789474487304688e+02 3.106264114379882812e+01 2.019738006591796875e+01
1.105379972457885742e+02 1.304982862472534180e+02 3.057905769348144531e+01 2.067360115051269531e+01
1.123433856964111328e+02 1.309998531341552734e+02 3.043280410766601562e+01 2.040861129760742188e+01
1.130765333175659180e+02 1.309503612518310547e+02 3.057190132141113281e+01 2.070341873168945312e+01
1.147275390625000000e+02 1.308746337890625000e+02 3.114337158203125000e+01 2.041923522949218750e+01
1.161358337402343750e+02 1.310638303756713867e+02 3.099008178710937500e+01 2.024679756164550781e+01
1.176559696197509766e+02 1.309875020980834961e+02 3.123061752319335938e+01 2.059919166564941406e+01
1.185375576019287109e+02 1.316951637268066406e+02 3.224682235717773438e+01 2.073510742187500000e+01
1.196235351562500000e+02 1.313361167907714844e+02 3.229366302490234375e+01 2.121083831787109375e+01
1.215468006134033203e+02 1.317079896926879883e+02 3.249304580688476562e+01 2.109229850769042969e+01
1.228057765960693359e+02 1.309209871292114258e+02 3.343586349487304688e+01 2.175349235534667969e+01
1.237011203765869141e+02 1.308458948135375977e+02 3.372988510131835938e+01 2.179118156433105469e+01
1.252806892395019531e+02 1.316101665496826172e+02 3.395169067382812500e+01 2.157490158081054688e+01
1.264781684875488281e+02 1.309011030197143555e+02 3.459833526611328125e+01 2.254409980773925781e+01
1.273046836853027344e+02 1.310265665054321289e+02 3.614318084716796875e+01 2.285124015808105469e+01
1.292321681976318359e+02 1.308825159072875977e+02 3.619856643676757812e+01 2.280686759948730469e+01
1.307597923278808594e+02 1.307088603973388672e+02 3.683365631103515625e+01 2.319213485717773438e+01
1.330928115844726562e+02 1.309538106918334961e+02 3.615162658691406250e+01 2.312398719787597656e+01
1.352324638366699219e+02 1.308557271957397461e+02 3.636647033691406250e+01 2.342267799377441406e+01
1.372098293304443359e+02 1.310845737457275391e+02 3.682667160034179688e+01 2.366834640502929688e+01
1.391315689086914062e+02 1.315465860366821289e+02 3.749474334716796875e+01 2.367231559753417969e+01
1.407534999847412109e+02 1.316279621124267578e+02 3.837314987182617188e+01 2.408745193481445312e+01
1.428961925506591797e+02 1.310061712265014648e+02 3.853863143920898438e+01 2.451653480529785156e+01
1.440839328765869141e+02 1.313162794113159180e+02 4.008950424194335938e+01 2.432440376281738281e+01
1.464067020416259766e+02 1.315697736740112305e+02 4.024084091186523438e+01 2.460933113098144531e+01
1.486176395416259766e+02 1.311621732711791992e+02 4.058002853393554688e+01 2.524676704406738281e+01
1.511152133941650391e+02 1.320107316970825195e+02 4.188111495971679688e+01 2.507839775085449219e+01
1.536730308532714844e+02 1.313329267501831055e+02 4.184976959228515625e+01 2.558603096008300781e+01
1.556166210174560547e+02 1.315378484725952148e+02 4.303273391723632812e+01 2.557003211975097656e+01
1.578297653198242188e+02 1.312468309402465820e+02 4.350312805175781250e+01 2.611747550964355469e+01
1.602446460723876953e+02 1.319488859176635742e+02 4.453539657592773438e+01 2.579478645324707031e+01
1.623520450592041016e+02 1.320039186477661133e+02 4.493004989624023438e+01 2.622251701354980469e+01
1.651354103088378906e+02 1.324229507446289062e+02 4.707863616943359375e+01 2.634699249267578125e+01
1.681021862030029297e+02 1.326109533309936523e+02 4.653956985473632812e+01 2.652503395080566406e+01
1.702082901000976562e+02 1.328717517852783203e+02 4.744709777832031250e+01 2.660802078247070312e+01
1.739834556579589844e+02 1.318943252563476562e+02 4.787113189697265625e+01 2.744214630126953125e+01
1.769886302947998047e+02 1.327863016128540039e+02 4.834602737426757812e+01 2.746867942810058594e+01
1.789366073608398438e+02 1.324335193634033203e+02 4.925451660156250000e+01 2.757591629028320312e+01
1.810753231048583984e+02 1.331615724563598633e+02 5.026680374145507812e+01 2.767986869812011719e+01
1.848796806335449219e+02 1.330490179061889648e+02 5.138555145263671875e+01 2.815136146545410156e+01
1.883605728149414062e+02 1.328632802963256836e+02 5.153157043457031250e+01 2.849671363830566406e+01
1.914605827331542969e+02 1.334714183807373047e+02 5.243044281005859375e+01 2.857715988159179688e+01
1.949452381134033203e+02 1.334530353546142578e+02 5.334629440307617188e+01 2.947354507446289062e+01
1.979023265838623047e+02 1.325823154449462891e+02 5.436830520629882812e+01 3.044316482543945312e+01
2.004962844848632812e+02 1.333170700073242188e+02 5.520916748046875000e+01 3.053136444091796875e+01
2.044485244750976562e+02 1.326423921585083008e+02 5.574484252929687500e+01 3.155705070495605469e+01
2.078782711029052734e+02 1.330818786621093750e+02 5.714358901977539062e+01 3.180619049072265625e+01
2.116376972198486328e+02 1.332206077575683594e+02 5.814236068725585938e+01 3.209718322753906250e+01
2.153965244293212891e+02 1.325540332794189453e+02 5.914365768432617188e+01 3.255293655395507812e+01
2.186403331756591797e+02 1.326787910461425781e+02 6.026933670043945312e+01 3.308607482910156250e+01
2.227351016998291016e+02 1.329437561035156250e+02 6.166704940795898438e+01 3.331385040283203125e+01
2.260661621093750000e+02 1.320137882232666016e+02 6.203584289550781250e+01 3.451738357543945312e+01
2.299583549499511719e+02 1.332707710266113281e+02 6.418036651611328125e+01 3.482080078125000000e+01
2.349467277526855469e+02 1.325739040374755859e+02 6.418712615966796875e+01 3.530901718139648438e+01
2.386665000915527344e+02 1.322981548309326172e+02 6.532089996337890625e+01 3.620551681518554688e+01
2.431961174011230469e+02 1.326577796936035156e+02 6.696213531494140625e+01 3.700514221191406250e+01
2.473459701538085938e+02 1.330246410369873047e+02 6.802453613281250000e+01 3.713280868530273438e+01
2.522288208007812500e+02 1.327664413452148438e+02 6.964430236816406250e+01 3.742955780029296875e+01
2.558173789978027344e+02 1.337483940124511719e+02 7.066829681396484375e+01 3.767175292968750000e+01
2.605099983215332031e+02 1.335619087219238281e+02 7.260036468505859375e+01 3.852742004394531250e+01
2.652176399230957031e+02 1.329760513305664062e+02 7.361232757568359375e+01 3.945874786376953125e+01
2.697261390686035156e+02 1.328444099426269531e+02 7.586936187744140625e+01 4.040739440917968750e+01
2.746557006835937500e+02 1.332447319030761719e+02 7.688668823242187500e+01 4.103977966308593750e+01
2.794335441589355469e+02 1.327540416717529297e+02 7.894344329833984375e+01 4.244616317749023438e+01
2.850506439208984375e+02 1.324055862426757812e+02 8.039503479003906250e+01 4.328049468994140625e+01
2.907502059936523438e+02 1.322192764282226562e+02 8.236296081542968750e+01 4.451857757568359375e+01
2.959075050354003906e+02 1.331191082000732422e+02 8.391382598876953125e+01 4.426903915405273438e+01
3.008161315917968750e+02 1.342140026092529297e+02 8.699140930175781250e+01 4.440000534057617188e+01
3.067374610900878906e+02 1.339306964874267578e+02 8.863620758056640625e+01 4.502525711059570312e+01
3.124961891174316406e+02 1.340504150390625000e+02 9.021237945556640625e+01 4.595503997802734375e+01
3.183860321044921875e+02 1.340637264251708984e+02 9.290373229980468750e+01 4.700507736206054688e+01
3.251396102905273438e+02 1.342806091308593750e+02 9.581417846679687500e+01 4.828520965576171875e+01
3.306755599975585938e+02 1.344320716857910156e+02 9.869073486328125000e+01 4.812605285644531250e+01
3.379599494934082031e+02 1.355969200134277344e+02 1.012902603149414062e+02 4.942581176757812500e+01
3.427269325256347656e+02 1.346519718170166016e+02 1.052816543579101562e+02 5.110809707641601562e+01
3.510762863159179688e+02 1.341622943878173828e+02 1.079772644042968750e+02 5.295640945434570312e+01
3.579119300842285156e+02 1.343532123565673828e+02 1.108712234497070312e+02 5.354268264770507812e+01
3.654614524841308594e+02 1.340285568237304688e+02 1.151386032104492188e+02 5.491407012939453125e+01
3.729308357238769531e+02 1.351088104248046875e+02 1.168764114379882812e+02 5.537163543701171875e+01
3.796623878479003906e+02 1.344258785247802734e+02 1.211194229125976562e+02 5.721137619018554688e+01
3.845832519531250000e+02 1.335227470397949219e+02 1.179541168212890625e+02 5.915808105468750000e+01
3.938851318359375000e+02 1.333712501525878906e+02 1.090473175048828125e+02 6.024812316894531250e+01
4.022220535278320312e+02 1.346273975372314453e+02 1.007892761230468750e+02 6.038457107543945312e+01
