3.820000000000000000e+02 1.500000000000000000e+02 2.800000000000000000e+01 2.700000000000000000e+01
3.821099061965942383e+02 1.490500345230102539e+02 2.676006126403808594e+01 2.833572959899902344e+01
3.819318199157714844e+02 1.482173213958740234e+02 2.686354064941406250e+01 2.843909835815429688e+01
3.818719329833984375e+02 1.487667779922485352e+02 2.673146057128906250e+01 2.823766136169433594e+01
3.822843151092529297e+02 1.484485855102539062e+02 2.656308364868164062e+01 2.852516937255859375e+01
3.819944448471069336e+02 1.490789556503295898e+02 2.678885841369628906e+01 2.819381904602050781e+01
3.824463167190551758e+02 1.487783794403076172e+02 2.665260887145996094e+01 2.852437973022460938e+01
3.823134241104125977e+02 1.479075870513916016e+02 2.676309776306152344e+01 2.861771011352539062e+01
3.820897417068481445e+02 1.485370635986328125e+02 2.696808433532714844e+01 2.823385620117187500e+01
3.820407218933105469e+02 1.488605985641479492e+02 2.681810760498046875e+01 2.838027381896972656e+01
3.820730466842651367e+02 1.483132896423339844e+02 2.666615486145019531e+01 2.812335968017578125e+01
3.825405197143554688e+02 1.494454069137573242e+02 2.673301696777343750e+01 2.807353401184082031e+01
3.820091409683227539e+02 1.490557422637939453e+02 2.686437797546386719e+01 2.837326431274414062e+01
3.820169038772583008e+02 1.481184844970703125e+02 2.671756553649902344e+01 2.860234069824218750e+01
3.818786697387695312e+02 1.487462253570556641e+02 2.675362396240234375e+01 2.831543350219726562e+01
3.816831264495849609e+02 1.494068641662597656e+02 2.687956619262695312e+01 2.800480651855468750e+01
3.822348709106445312e+02 1.489813108444213867e+02 2.652469635009765625e+01 2.846901893615722656e+01
3.825731496810913086e+02 1.487720355987548828e+02 2.666648292541503906e+01 2.851824569702148438e+01
3.823998641967773438e+02 1.479026107788085938e+02 2.678115844726562500e+01 2.856000518798828125e+01
3.822507972717285156e+02 1.484840612411499023e+02 2.680595397949218750e+01 2.827355384826660156e+01
3.821660232543945312e+02 1.490187520980834961e+02 2.678110504150390625e+01 2.808294868469238281e+01
3.816991834640502930e+02 1.487095260620117188e+02 2.686718940734863281e+01 2.818994140625000000e+01
3.816173057556152344e+02 1.491609764099121094e+02 2.668507385253906250e+01 2.824210357666015625e+01
3.820529699325561523e+02 1.488450250625610352e+02 2.642631721496582031e+01 2.859320640563964844e+01
3.823971090316772461e+02 1.487450199127197266e+02 2.642150306701660156e+01 2.854971694946289062e+01
3.817962169647216797e+02 1.488350925445556641e+02 2.647202682495117188e+01 2.808086776733398438e+01
3.821996068954467773e+02 1.485032138824462891e+02 2.633269691467285156e+01 2.858552932739257812e+01
3.825502443313598633e+02 1.483973579406738281e+02 2.640643882751464844e+01 2.884037017822265625e+01
3.824313001632690430e+02 1.491889686584472656e+02 2.666090583801269531e+01 2.837226867675781250e+01
3.823960552215576172e+02 1.484199733734130859e+02 2.650924301147460938e+01 2.855369186401367188e+01
3.824034347534179688e+02 1.491730537414550781e+02 2.656855773925781250e+01 2.825647735595703125e+01
3.819571008682250977e+02 1.491277761459350586e+02 2.650485038757324219e+01 2.827406501770019531e+01
3.824738531112670898e+02 1.490359849929809570e+02 2.636086463928222656e+01 2.859752464294433594e+01
3.819192104339599609e+02 1.491571445465087891e+02 2.662041854858398438e+01 2.825539779663085938e+01
3.833995971679687500e+02 1.484398260116577148e+02 2.620679473876953125e+01 2.797340583801269531e+01
3.838793697357177734e+02 1.469466447830200195e+02 2.620855331420898438e+01 2.840470695495605469e+01
3.843026714324951172e+02 1.468487195968627930e+02 2.634474563598632812e+01 2.839039039611816406e+01
3.859514446258544922e+02 1.455232543945312500e+02 2.594340896606445312e+01 2.829872131347656250e+01
3.859741954803466797e+02 1.457990522384643555e+02 2.631175613403320312e+01 2.841650581359863281e+01
3.855898447036743164e+02 1.453998355865478516e+02 2.648747062683105469e+01 2.828583145141601562e+01
3.853607788085937500e+02 1.448923597335815430e+02 2.627486419677734375e+01 2.839036750793457031e+01
3.861006145477294922e+02 1.456665782928466797e+02 2.597090530395507812e+01 2.849166488647460938e+01
3.851973085403442383e+02 1.461914367675781250e+02 2.659013938903808594e+01 2.789303588867187500e+01
3.856384000778198242e+02 1.448972539901733398e+02 2.610269355773925781e+01 2.859794807434082031e+01
3.853577804565429688e+02 1.460012807846069336e+02 2.639797973632812500e+01 2.820594215393066406e+01
3.850929956436157227e+02 1.456081323623657227e+02 2.621263694763183594e+01 2.822501182556152344e+01
3.853632411956787109e+02 1.456788177490234375e+02 2.631333541870117188e+01 2.860935211181640625e+01
3.849223966598510742e+02 1.451045875549316406e+02 2.643059730529785156e+01 2.833247375488281250e+01
3.856971225738525391e+02 1.457954835891723633e+02 2.609627914428710938e+01 2.868769645690917969e+01
3.853541660308837891e+02 1.455740013122558594e+02 2.627008438110351562e+01 2.832259368896484375e+01
3.859580898284912109e+02 1.448865861892700195e+02 2.619337844848632812e+01 2.872766685485839844e+01
3.856048059463500977e+02 1.459545068740844727e+02 2.658174705505371094e+01 2.838986015319824219e+01
3.854204473495483398e+02 1.455221099853515625e+02 2.628298377990722656e+01 2.834629058837890625e+01
3.851114330291748047e+02 1.452194995880126953e+02 2.622130203247070312e+01 2.813430404663085938e+01
3.852616662979125977e+02 1.453422603607177734e+02 2.636713218688964844e+01 2.845226669311523438e+01
3.860168695449829102e+02 1.447776098251342773e+02 2.597563743591308594e+01 2.888451576232910156e+01
3.856182632446289062e+02 1.459214954376220703e+02 2.651647186279296875e+01 2.837205123901367188e+01
3.853898820877075195e+02 1.454919424057006836e+02 2.628618431091308594e+01 2.831959724426269531e+01
3.849088220596313477e+02 1.449889421463012695e+02 2.661437797546386719e+01 2.832621574401855469e+01
3.855387897491455078e+02 1.456160907745361328e+02 2.640279006958007812e+01 2.848904037475585938e+01
3.850850391387939453e+02 1.450640029907226562e+02 2.667928695678710938e+01 2.838706970214843750e+01
3.853491907119750977e+02 1.450823421478271484e+02 2.657211112976074219e+01 2.841369247436523438e+01
3.850661630630493164e+02 1.459860754013061523e+02 2.663796806335449219e+01 2.803903388977050781e+01
3.856845541000366211e+02 1.451109819412231445e+02 2.649841499328613281e+01 2.863521385192871094e+01
3.856463088989257812e+02 1.451925859451293945e+02 2.678601074218750000e+01 2.842926597595214844e+01
3.851655416488647461e+02 1.453985395431518555e+02 2.667550849914550781e+01 2.805283546447753906e+01
3.850097227096557617e+02 1.461500930786132812e+02 2.652787208557128906e+01 2.811327362060546875e+01
3.855401697158813477e+02 1.454322586059570312e+02 2.653234672546386719e+01 2.860816192626953125e+01
3.857309131622314453e+02 1.457869434356689453e+02 2.651138687133789062e+01 2.822357559204101562e+01
3.854018545150756836e+02 1.452936229705810547e+02 2.660782814025878906e+01 2.826349258422851562e+01
3.852491664886474609e+02 1.461603021621704102e+02 2.660418319702148438e+01 2.828933525085449219e+01
3.849703035354614258e+02 1.458409738540649414e+02 2.671156883239746094e+01 2.800816917419433594e+01
3.858875637054443359e+02 1.454570846557617188e+02 2.664367294311523438e+01 2.844796752929687500e+01
3.855489883422851562e+02 1.456272258758544922e+02 2.661800384521484375e+01 2.806732559204101562e+01
3.859648160934448242e+02 1.457080154418945312e+02 2.675314521789550781e+01 2.769754028320312500e+01
3.861310701370239258e+02 1.481225042343139648e+02 2.602530479431152344e+01 2.575752449035644531e+01
3.889208240509033203e+02 1.472056465148925781e+02 2.480852890014648438e+01 2.711565399169921875e+01
3.883353452682495117e+02 1.468973083496093750e+02 2.512607002258300781e+01 2.654927825927734375e+01
3.875256690979003906e+02 1.469446897506713867e+02 2.642728424072265625e+01 2.635795783996582031e+01
3.872015018463134766e+02 1.461890993118286133e+02 2.760047531127929688e+01 2.837679862976074219e+01
3.872165451049804688e+02 1.466399621963500977e+02 2.792953491210937500e+01 2.791557884216308594e+01
3.878936948776245117e+02 1.458728885650634766e+02 2.685672950744628906e+01 2.870158004760742188e+01
3.900689067840576172e+02 1.465637435913085938e+02 2.700252914428710938e+01 2.898254394531250000e+01
3.917570953369140625e+02 1.453586273193359375e+02 2.658012390136718750e+01 2.983233642578125000e+01
3.910522975921630859e+02 1.435553007125854492e+02 2.688134384155273438e+01 3.076297950744628906e+01
3.890184583663940430e+02 1.443069486618041992e+02 2.470811653137207031e+01 2.995867347717285156e+01
3.839749279022216797e+02 1.439556398391723633e+02 2.642038345336914062e+01 2.983480644226074219e+01
3.766262445449829102e+02 1.458328046798706055e+02 2.641755485534667969e+01 3.006080818176269531e+01
3.697585105895996094e+02 1.482011137008666992e+02 2.715606689453125000e+01 2.892787361145019531e+01
3.550222911834716797e+02 1.517900295257568359e+02 3.267379379272460938e+01 3.431185531616210938e+01
3.497215356826782227e+02 1.503066844940185547e+02 3.000022697448730469e+01 3.421181869506835938e+01
3.408487825393676758e+02 1.464444847106933594e+02 2.910150718688964844e+01 3.013102722167968750e+01
3.313653297424316406e+02 1.426302509307861328e+02 3.184574890136718750e+01 3.322861862182617188e+01
3.198842887878417969e+02 1.390456924438476562e+02 3.356123352050781250e+01 3.823622131347656250e+01
3.100282726287841797e+02 1.428115901947021484e+02 4.922716903686523438e+01 5.598324966430664062e+01
2.916279582977294922e+02 1.536974334716796875e+02 5.849149703979492188e+01 5.121182250976562500e+01
2.948491287231445312e+02 1.593749561309814453e+02 4.521488189697265625e+01 4.198794174194335938e+01
2.898688526153564453e+02 1.557926349639892578e+02 3.528995132446289062e+01 3.523308944702148438e+01
2.926532421112060547e+02 1.515127468109130859e+02 3.612362289428710938e+01 4.084889602661132812e+01
3.035398273468017578e+02 1.457686681747436523e+02 3.044557571411132812e+01 3.142302131652832031e+01
3.050904626846313477e+02 1.466785697937011719e+02 2.836124229431152344e+01 3.079273986816406250e+01
3.046787719726562500e+02 1.462300958633422852e+02 2.864072418212890625e+01 3.002165031433105469e+01
3.050648727416992188e+02 1.465213937759399414e+02 2.891100311279296875e+01 3.060446739196777344e+01
3.049786462783813477e+02 1.464176425933837891e+02 2.883163261413574219e+01 3.052704238891601562e+01
3.048515920639038086e+02 1.464626350402832031e+02 2.892955970764160156e+01 3.043933105468750000e+01
3.047193126678466797e+02 1.465639543533325195e+02 2.890731430053710938e+01 3.044182395935058594e+01
3.047129364013671875e+02 1.466605634689331055e+02 2.852568817138671875e+01 3.033544349670410156e+01
3.050054826736450195e+02 1.466378498077392578e+02 2.838801383972167969e+01 2.980279922485351562e+01
3.046066484451293945e+02 1.469186325073242188e+02 2.841148948669433594e+01 2.986759185791015625e+01
3.053171825408935547e+02 1.478992929458618164e+02 2.834638595581054688e+01 2.912988853454589844e+01
3.044516115188598633e+02 1.473492555618286133e+02 2.914205741882324219e+01 2.852414512634277344e+01
3.042721920013427734e+02 1.477268009185791016e+02 2.987236404418945312e+01 2.811252212524414062e+01
3.043145465850830078e+02 1.478507614135742188e+02 2.984082412719726562e+01 2.821160888671875000e+01
3.039166498184204102e+02 1.477207965850830078e+02 2.966438865661621094e+01 2.913206863403320312e+01
3.039333038330078125e+02 1.475758342742919922e+02 2.931066131591796875e+01 2.867304611206054688e+01
3.040045461654663086e+02 1.477188749313354492e+02 2.930343055725097656e+01 2.803401374816894531e+01
3.050674161911010742e+02 1.484205274581909180e+02 2.850813484191894531e+01 2.813239479064941406e+01
3.047153453826904297e+02 1.485952692031860352e+02 2.918004989624023438e+01 2.786443901062011719e+01
3.039604625701904297e+02 1.477269134521484375e+02 2.885686111450195312e+01 2.862596893310546875e+01
3.046012382507324219e+02 1.477860164642333984e+02 2.864670562744140625e+01 2.850806045532226562e+01
3.055246553421020508e+02 1.483967103958129883e+02 2.915241050720214844e+01 2.804063987731933594e+01
3.042540435791015625e+02 1.494487514495849609e+02 2.773610687255859375e+01 2.779408645629882812e+01
3.046272878646850586e+02 1.473178567886352539e+02 2.538874244689941406e+01 3.138029289245605469e+01
3.027703075408935547e+02 1.478668479919433594e+02 3.589906692504882812e+01 3.421466064453125000e+01
2.985795001983642578e+02 1.474481410980224609e+02 3.013469314575195312e+01 3.376034164428710938e+01
2.965616397857666016e+02 1.497705898284912109e+02 2.949797439575195312e+01 2.945710372924804688e+01
2.974383316040039062e+02 1.505558261871337891e+02 2.886220550537109375e+01 2.942821121215820312e+01
2.973261671066284180e+02 1.498883295059204102e+02 2.955876350402832031e+01 2.865814781188964844e+01
2.969400901794433594e+02 1.499839963912963867e+02 3.111814880371093750e+01 3.074098396301269531e+01
2.973067092895507812e+02 1.502892589569091797e+02 3.111055755615234375e+01 2.952115249633789062e+01
2.971860103607177734e+02 1.493487949371337891e+02 3.132579421997070312e+01 3.027276992797851562e+01
2.971309452056884766e+02 1.506140298843383789e+02 2.999171066284179688e+01 2.991310691833496094e+01
2.970676078796386719e+02 1.484813632965087891e+02 3.187142944335937500e+01 2.937125015258789062e+01
2.968113803863525391e+02 1.500223321914672852e+02 2.981568527221679688e+01 2.887508201599121094e+01
2.968679733276367188e+02 1.504375238418579102e+02 3.055708312988281250e+01 3.011958885192871094e+01
2.970821027755737305e+02 1.504131860733032227e+02 3.137806129455566406e+01 2.943823814392089844e+01
2.969717597961425781e+02 1.490709095001220703e+02 3.164575958251953125e+01 3.021895980834960938e+01
2.975036640167236328e+02 1.510024185180664062e+02 3.003612136840820312e+01 2.953501892089843750e+01
2.967253894805908203e+02 1.479080104827880859e+02 3.216084671020507812e+01 2.952871322631835938e+01
2.975148153305053711e+02 1.503498506546020508e+02 3.114006996154785156e+01 2.994933891296386719e+01
2.967230052947998047e+02 1.479036359786987305e+02 3.224039840698242188e+01 3.052655982971191406e+01
2.974056739807128906e+02 1.505168981552124023e+02 3.066055297851562500e+01 3.008789253234863281e+01
2.969128761291503906e+02 1.477971954345703125e+02 3.272668457031250000e+01 2.996690368652343750e+01
2.979445686340332031e+02 1.502976255416870117e+02 3.017014312744140625e+01 2.984865760803222656e+01
2.968677673339843750e+02 1.491844072341918945e+02 3.077663421630859375e+01 2.913335990905761719e+01
2.974966106414794922e+02 1.498635349273681641e+02 2.890116500854492188e+01 3.018174362182617188e+01
2.978576297760009766e+02 1.506018028259277344e+02 2.911293411254882812e+01 2.948075866699218750e+01
2.975473518371582031e+02 1.500803766250610352e+02 2.904548645019531250e+01 2.843602561950683594e+01
2.967150335311889648e+02 1.493746843338012695e+02 2.877337837219238281e+01 2.869149589538574219e+01
2.966946811676025391e+02 1.500008678436279297e+02 2.883029556274414062e+01 2.867078781127929688e+01
2.973463459014892578e+02 1.498103456497192383e+02 2.832272720336914062e+01 2.848747825622558594e+01
2.970226173400878906e+02 1.499368410110473633e+02 2.853615570068359375e+01 2.829547691345214844e+01
2.977745275497436523e+02 1.505213975906372070e+02 2.872288703918457031e+01 2.880437278747558594e+01
2.974822540283203125e+02 1.501801662445068359e+02 2.920233154296875000e+01 3.010210037231445312e+01
2.965608968734741211e+02 1.489060192108154297e+02 3.112440681457519531e+01 2.940892410278320312e+01
2.971442337036132812e+02 1.491617164611816406e+02 3.081799316406250000e+01 2.949018859863281250e+01
2.973781108856201172e+02 1.502471837997436523e+02 3.228413009643554688e+01 3.137057685852050781e+01
2.968752164840698242e+02 1.486669712066650391e+02 2.895669746398925781e+01 2.978597640991210938e+01
2.973870697021484375e+02 1.495408678054809570e+02 3.052210998535156250e+01 3.087027549743652344e+01
2.974137239456176758e+02 1.506587705612182617e+02 3.188238334655761719e+01 3.044875526428222656e+01
2.969966783523559570e+02 1.493297748565673828e+02 2.940160942077636719e+01 2.899912643432617188e+01
2.971314888000488281e+02 1.502853860855102539e+02 3.002222442626953125e+01 2.969606590270996094e+01
2.973102760314941406e+02 1.503871984481811523e+02 3.206549835205078125e+01 3.038012123107910156e+01
2.973179206848144531e+02 1.493200235366821289e+02 2.950868225097656250e+01 2.899116325378417969e+01
2.967170400619506836e+02 1.501801509857177734e+02 3.142937660217285156e+01 2.981744766235351562e+01
2.970098600387573242e+02 1.490014848709106445e+02 3.135573768615722656e+01 2.910400962829589844e+01
2.975775585174560547e+02 1.502058773040771484e+02 3.114384841918945312e+01 3.015608596801757812e+01
2.972079439163208008e+02 1.484133138656616211e+02 3.003748130798339844e+01 2.939142036437988281e+01
2.968006439208984375e+02 1.495040779113769531e+02 3.134473419189453125e+01 2.982608032226562500e+01
2.972378311157226562e+02 1.503444538116455078e+02 3.149815368652343750e+01 2.997417831420898438e+01
2.975638685226440430e+02 1.493826990127563477e+02 3.172922706604003906e+01 2.922569084167480469e+01
2.981193170547485352e+02 1.504250717163085938e+02 3.012476921081542969e+01 2.968336486816406250e+01
2.976660909652709961e+02 1.503658752441406250e+02 3.114948463439941406e+01 2.969977569580078125e+01
2.978267507553100586e+02 1.505335721969604492e+02 3.006639289855957031e+01 2.931000709533691406e+01
2.973953828811645508e+02 1.491526594161987305e+02 3.147698020935058594e+01 2.946723365783691406e+01
2.978001871109008789e+02 1.506218633651733398e+02 3.058080863952636719e+01 2.966497230529785156e+01
2.971652927398681641e+02 1.494385356903076172e+02 2.894487380981445312e+01 2.897243881225585938e+01
2.967100658416748047e+02 1.506460056304931641e+02 2.920063400268554688e+01 2.917072677612304688e+01
2.969771194458007812e+02 1.501137027740478516e+02 2.900849914550781250e+01 2.867316818237304688e+01
2.976316709518432617e+02 1.507356262207031250e+02 2.925808143615722656e+01 2.978337860107421875e+01
2.970667867660522461e+02 1.496341285705566406e+02 2.917422676086425781e+01 2.856442260742187500e+01
2.966292762756347656e+02 1.497118330001831055e+02 2.925105285644531250e+01 2.838323402404785156e+01
2.974252471923828125e+02 1.497841062545776367e+02 2.815376281738281250e+01 2.837916755676269531e+01
2.946548366546630859e+02 1.499746913909912109e+02 2.911041641235351562e+01 2.952345657348632812e+01
2.916498527526855469e+02 1.511215057373046875e+02 2.799432373046875000e+01 2.822134399414062500e+01
2.900462827682495117e+02 1.515675134658813477e+02 2.722192573547363281e+01 2.828788566589355469e+01
2.894975337982177734e+02 1.526921730041503906e+02 2.715067672729492188e+01 2.789047241210937500e+01
2.891292877197265625e+02 1.529952554702758789e+02 2.709024810791015625e+01 2.748039817810058594e+01
2.890604581832885742e+02 1.526253871917724609e+02 2.705906105041503906e+01 2.718335342407226562e+01
2.895397596359252930e+02 1.522675390243530273e+02 2.662445259094238281e+01 2.769179725646972656e+01
2.898110160827636719e+02 1.520847482681274414e+02 2.691251373291015625e+01 2.762761497497558594e+01
2.893988208770751953e+02 1.525123195648193359e+02 2.712661361694335938e+01 2.798127365112304688e+01
2.893515110015869141e+02 1.521448850631713867e+02 2.719285202026367188e+01 2.802034187316894531e+01
2.884288902282714844e+02 1.519987859725952148e+02 2.746780395507812500e+01 2.826802253723144531e+01
2.877967662811279297e+02 1.525444421768188477e+02 2.755183029174804688e+01 2.819139671325683594e+01
2.873535165786743164e+02 1.516652679443359375e+02 2.758463096618652344e+01 2.870645904541015625e+01
2.872956314086914062e+02 1.514790048599243164e+02 2.696937561035156250e+01 2.860744285583496094e+01
2.875469198226928711e+02 1.510976657867431641e+02 2.684002876281738281e+01 2.971566390991210938e+01
2.879852809906005859e+02 1.524367265701293945e+02 2.700271224975585938e+01 2.911141777038574219e+01
2.876089010238647461e+02 1.526617994308471680e+02 2.729484748840332031e+01 2.870012092590332031e+01
2.877373580932617188e+02 1.520175962448120117e+02 2.727588653564453125e+01 2.879854774475097656e+01
2.874473514556884766e+02 1.518866682052612305e+02 2.732845687866210938e+01 2.901627540588378906e+01
2.872939109802246094e+02 1.520790634155273438e+02 2.718360900878906250e+01 2.870207214355468750e+01
2.875564785003662109e+02 1.526900501251220703e+02 2.714432144165039062e+01 2.876865005493164062e+01
2.879934186935424805e+02 1.533185138702392578e+02 2.712201118469238281e+01 2.780582046508789062e+01
2.887139158248901367e+02 1.540669555664062500e+02 2.727629280090332031e+01 2.971469116210937500e+01
2.905270318984985352e+02 1.569145374298095703e+02 2.723397636413574219e+01 2.829663467407226562e+01
2.929055891036987305e+02 1.585245923995971680e+02 2.807737922668457031e+01 2.975432777404785156e+01
2.962004241943359375e+02 1.646974792480468750e+02 2.723223876953125000e+01 2.785243225097656250e+01
2.971411876678466797e+02 1.651322555541992188e+02 2.693227005004882812e+01 2.791178131103515625e+01
2.964315443038940430e+02 1.657486181259155273e+02 2.733043861389160156e+01 2.736342811584472656e+01
2.952761030197143555e+02 1.643871383666992188e+02 2.805742073059082031e+01 2.816326904296875000e+01
2.933007497787475586e+02 1.634190769195556641e+02 2.922926521301269531e+01 3.022040939331054688e+01
2.933050251007080078e+02 1.649730701446533203e+02 2.938808822631835938e+01 3.124825668334960938e+01
2.937027206420898438e+02 1.667045116424560547e+02 2.987118530273437500e+01 3.295138931274414062e+01
2.946751070022583008e+02 1.683208103179931641e+02 2.974254417419433594e+01 3.369562911987304688e+01
2.961943378448486328e+02 1.703100776672363281e+02 2.989605331420898438e+01 3.318421173095703125e+01
2.991070308685302734e+02 1.818783607482910156e+02 2.806201553344726562e+01 3.167310333251953125e+01
3.131456766128540039e+02 2.134555368423461914e+02 2.717083549499511719e+01 2.944589042663574219e+01
3.131448583602905273e+02 2.147779703140258789e+02 2.773389625549316406e+01 2.865976524353027344e+01
3.126784210205078125e+02 2.148965864181518555e+02 2.756111145019531250e+01 2.856928443908691406e+01
3.130888032913208008e+02 2.142423992156982422e+02 2.880953025817871094e+01 2.888429641723632812e+01
3.141493349075317383e+02 2.145240383148193359e+02 2.770995140075683594e+01 2.882526779174804688e+01
3.120564403533935547e+02 2.150050506591796875e+02 3.118300247192382812e+01 3.233308410644531250e+01
3.122106151580810547e+02 2.184789943695068359e+02 3.051681137084960938e+01 3.179806900024414062e+01
3.150267992019653320e+02 2.198326768875122070e+02 2.823309135437011719e+01 3.044830894470214844e+01
3.152463769912719727e+02 2.208848876953125000e+02 2.821506309509277344e+01 2.978888702392578125e+01
3.149199180603027344e+02 2.201878309249877930e+02 2.890336608886718750e+01 2.977903938293457031e+01
3.153731727600097656e+02 2.205642681121826172e+02 2.829564666748046875e+01 3.022295761108398438e+01
3.151263265609741211e+02 2.208034620285034180e+02 2.804548072814941406e+01 2.972301673889160156e+01
3.148702640533447266e+02 2.200559425354003906e+02 2.888295364379882812e+01 2.990664672851562500e+01
3.152682266235351562e+02 2.205548782348632812e+02 2.837145996093750000e+01 2.988783264160156250e+01
3.157297658920288086e+02 2.205290155410766602e+02 2.748889350891113281e+01 3.015196800231933594e+01
3.163850936889648438e+02 2.186362152099609375e+02 2.830908966064453125e+01 3.115279388427734375e+01
3.176797428131103516e+02 2.194391326904296875e+02 2.584694290161132812e+01 3.041075897216796875e+01
3.174625501632690430e+02 2.203760070800781250e+02 2.608868598937988281e+01 2.917103576660156250e+01
3.175197143554687500e+02 2.208723688125610352e+02 2.588108062744140625e+01 2.876482963562011719e+01
3.175496988296508789e+02 2.202143068313598633e+02 2.587226676940917969e+01 2.857063865661621094e+01
3.179095859527587891e+02 2.209462461471557617e+02 2.514915084838867188e+01 2.750538825988769531e+01
3.178361215591430664e+02 2.190897674560546875e+02 2.547222709655761719e+01 2.862622070312500000e+01
3.176538467407226562e+02 2.201388235092163086e+02 2.558835601806640625e+01 2.800629615783691406e+01
3.172431926727294922e+02 2.193170394897460938e+02 2.660113143920898438e+01 2.834363555908203125e+01
3.157800045013427734e+02 2.165533418655395508e+02 2.662495040893554688e+01 2.983063316345214844e+01
3.048578157424926758e+02 1.956856803894042969e+02 3.037761497497558594e+01 3.081185150146484375e+01
3.038512096405029297e+02 1.966952152252197266e+02 3.566555404663085938e+01 3.249570083618164062e+01
3.056943702697753906e+02 2.004872474670410156e+02 3.657760620117187500e+01 4.347319030761718750e+01
3.069912681579589844e+02 1.995774765014648438e+02 4.060305786132812500e+01 4.233031463623046875e+01
3.065017700195312500e+02 2.022841014862060547e+02 4.310784149169921875e+01 4.237632369995117188e+01
3.069059581756591797e+02 2.051722049713134766e+02 4.825431442260742188e+01 3.717680740356445312e+01
3.077514019012451172e+02 2.010450935363769531e+02 4.743185043334960938e+01 4.130285644531250000e+01
3.065187530517578125e+02 1.922500171661376953e+02 5.194219207763671875e+01 4.658591079711914062e+01
3.049372634887695312e+02 1.961162300109863281e+02 5.433161163330078125e+01 4.743782043457031250e+01
3.068601665496826172e+02 2.039131298065185547e+02 5.220182418823242188e+01 4.137162399291992188e+01
3.097287635803222656e+02 2.060620861053466797e+02 4.754898071289062500e+01 3.810865402221679688e+01
3.118507328033447266e+02 2.021112670898437500e+02 4.557497024536132812e+01 4.866619110107421875e+01
3.214454288482666016e+02 2.132203483581542969e+02 4.386003494262695312e+01 4.998661804199218750e+01
3.247367458343505859e+02 2.342794685363769531e+02 4.639901351928710938e+01 3.536190795898437500e+01
3.239848480224609375e+02 2.354478149414062500e+02 4.538767242431640625e+01 3.539893341064453125e+01
3.237346954345703125e+02 2.351657333374023438e+02 3.323375701904296875e+01 3.297159576416015625e+01
3.234740543365478516e+02 2.347546348571777344e+02 3.610042190551757812e+01 3.362101745605468750e+01
3.234033622741699219e+02 2.358247089385986328e+02 3.265823364257812500e+01 3.119699478149414062e+01
3.235778446197509766e+02 2.339315147399902344e+02 3.078458786010742188e+01 3.280345153808593750e+01
3.241876268386840820e+02 2.334812335968017578e+02 2.727515220642089844e+01 3.212791824340820312e+01
3.255298852920532227e+02 2.345696544647216797e+02 2.771779441833496094e+01 3.017374801635742188e+01
3.263465404510498047e+02 2.354632863998413086e+02 2.816611099243164062e+01 2.992646980285644531e+01
3.264763994216918945e+02 2.359974193572998047e+02 2.766361808776855469e+01 3.062038040161132812e+01
3.264452695846557617e+02 2.358627176284790039e+02 2.802338600158691406e+01 3.005199241638183594e+01
3.268159217834472656e+02 2.357970867156982422e+02 2.793930816650390625e+01 3.116492843627929688e+01
3.273773088455200195e+02 2.359420595169067383e+02 2.779020500183105469e+01 2.963165092468261719e+01
3.272911624908447266e+02 2.368858680725097656e+02 2.758945083618164062e+01 2.918678283691406250e+01
3.275565910339355469e+02 2.370282649993896484e+02 2.743345642089843750e+01 2.900271987915039062e+01
3.272200841903686523e+02 2.366236438751220703e+02 2.767173957824707031e+01 2.940986251831054688e+01
3.270138559341430664e+02 2.365038890838623047e+02 2.757136344909667969e+01 2.969742965698242188e+01
3.277451992034912109e+02 2.366863918304443359e+02 2.688862228393554688e+01 2.951626968383789062e+01
3.271070871353149414e+02 2.368538846969604492e+02 2.685619926452636719e+01 2.922403907775878906e+01
3.272124290466308594e+02 2.364151945114135742e+02 2.831301879882812500e+01 2.977867317199707031e+01
3.273154850006103516e+02 2.362101278305053711e+02 2.829349136352539062e+01 2.992056465148925781e+01
3.274226341247558594e+02 2.367903690338134766e+02 2.797879028320312500e+01 2.945479965209960938e+01
3.272499732971191406e+02 2.375642099380493164e+02 2.831694030761718750e+01 2.889510917663574219e+01
3.273405694961547852e+02 2.367646055221557617e+02 2.749471092224121094e+01 2.861129951477050781e+01
3.268199987411499023e+02 2.364100780487060547e+02 2.777630043029785156e+01 2.931845474243164062e+01
3.272728919982910156e+02 2.366640701293945312e+02 2.855957794189453125e+01 2.895648193359375000e+01
3.267121162414550781e+02 2.371581201553344727e+02 2.770560455322265625e+01 2.767376518249511719e+01
3.287568159103393555e+02 2.369612903594970703e+02 3.181226539611816406e+01 2.457651901245117188e+01
3.316111831665039062e+02 2.001752414703369141e+02 2.953417205810546875e+01 2.923803329467773438e+01
3.264892539978027344e+02 1.845345039367675781e+02 3.081183624267578125e+01 3.588809204101562500e+01
3.272819614410400391e+02 1.844945917129516602e+02 2.892229843139648438e+01 3.155649375915527344e+01
3.280222606658935547e+02 1.829364233016967773e+02 2.987950515747070312e+01 3.008313941955566406e+01
3.285925426483154297e+02 1.827054910659790039e+02 2.860423660278320312e+01 2.628695487976074219e+01
3.300160036087036133e+02 1.843751363754272461e+02 2.633874320983886719e+01 2.427925300598144531e+01
3.141756238937377930e+02 1.874873142242431641e+02 3.119839668273925781e+01 2.448480606079101562e+01
3.019879379272460938e+02 1.951234846115112305e+02 3.158056640625000000e+01 3.139763069152832031e+01
3.269623765945434570e+02 2.359467315673828125e+02 2.877849388122558594e+01 3.036022186279296875e+01
3.271362819671630859e+02 2.364298305511474609e+02 2.841201400756835938e+01 2.927420425415039062e+01
3.273459138870239258e+02 2.373250169754028320e+02 2.882851982116699219e+01 3.029921531677246094e+01
3.275864267349243164e+02 2.373986845016479492e+02 2.819216728210449219e+01 2.872558784484863281e+01
3.269935665130615234e+02 2.376741952896118164e+02 2.819881820678710938e+01 2.833094596862792969e+01
3.273857822418212891e+02 2.376187601089477539e+02 2.835937118530273438e+01 2.863300132751464844e+01
3.268557176589965820e+02 2.377511672973632812e+02 2.821026420593261719e+01 2.849738311767578125e+01
3.270852575302124023e+02 2.376547021865844727e+02 2.875581550598144531e+01 2.857055473327636719e+01
3.271774196624755859e+02 2.379706640243530273e+02 2.883025741577148438e+01 2.983771705627441406e+01
3.268082389831542969e+02 2.374093275070190430e+02 2.878445434570312500e+01 2.889196968078613281e+01
3.273078613281250000e+02 2.370147953033447266e+02 2.876675415039062500e+01 2.900236129760742188e+01
3.269209871292114258e+02 2.369547157287597656e+02 2.866871452331542969e+01 2.880737304687500000e+01
3.268632087707519531e+02 2.371938581466674805e+02 2.860837554931640625e+01 2.940595436096191406e+01
3.272982511520385742e+02 2.378205022811889648e+02 2.800449562072753906e+01 2.935610389709472656e+01
3.271111106872558594e+02 2.375983219146728516e+02 2.850749969482421875e+01 2.853674697875976562e+01
3.271161184310913086e+02 2.380527667999267578e+02 2.882134437561035156e+01 2.954029464721679688e+01
3.273266458511352539e+02 2.378840770721435547e+02 2.849300193786621094e+01 2.857086563110351562e+01
3.273456277847290039e+02 2.373993530273437500e+02 2.870733451843261719e+01 2.834348297119140625e+01
3.274350357055664062e+02 2.375737724304199219e+02 2.894499206542968750e+01 2.941207122802734375e+01
3.276961288452148438e+02 2.375202789306640625e+02 2.870997619628906250e+01 2.868134307861328125e+01
3.268937387466430664e+02 2.379599657058715820e+02 2.825393486022949219e+01 2.932309532165527344e+01
3.272544059753417969e+02 2.372075510025024414e+02 2.874722290039062500e+01 2.873528099060058594e+01
3.275835552215576172e+02 2.376252574920654297e+02 2.840076065063476562e+01 2.951306533813476562e+01
3.272466611862182617e+02 2.379722986221313477e+02 2.859798622131347656e+01 2.908753013610839844e+01
3.270009136199951172e+02 2.370778503417968750e+02 2.824712753295898438e+01 2.868377685546875000e+01
3.273029880523681641e+02 2.376233768463134766e+02 2.858827590942382812e+01 2.995666885375976562e+01
3.269690971374511719e+02 2.372473030090332031e+02 2.829692840576171875e+01 2.889736175537109375e+01
3.268667573928833008e+02 2.376776056289672852e+02 2.871668052673339844e+01 2.947134971618652344e+01
3.271958494186401367e+02 2.376556768417358398e+02 2.861795234680175781e+01 2.875515937805175781e+01
3.273430976867675781e+02 2.371979885101318359e+02 2.878369140625000000e+01 2.859432601928710938e+01
3.273268852233886719e+02 2.374855260848999023e+02 2.917807006835937500e+01 2.950390815734863281e+01
3.271943931579589844e+02 2.377274999618530273e+02 2.874009704589843750e+01 2.911757087707519531e+01
3.270008888244628906e+02 2.379043989181518555e+02 2.882646179199218750e+01 2.892827796936035156e+01
3.275967788696289062e+02 2.378497734069824219e+02 2.894888305664062500e+01 2.911859130859375000e+01
3.270621566772460938e+02 2.377618436813354492e+02 2.827157592773437500e+01 2.842573738098144531e+01
3.274926795959472656e+02 2.376217079162597656e+02 2.856951141357421875e+01 2.891589355468750000e+01
3.277089042663574219e+02 2.373206892013549805e+02 2.849944305419921875e+01 2.860215950012207031e+01
3.277447957992553711e+02 2.376809749603271484e+02 2.912487983703613281e+01 2.973895645141601562e+01
3.277102994918823242e+02 2.371233110427856445e+02 2.847463417053222656e+01 2.895648002624511719e+01
3.275686922073364258e+02 2.375413293838500977e+02 2.936116600036621094e+01 2.954896354675292969e+01
3.275298271179199219e+02 2.377081661224365234e+02 2.849253845214843750e+01 2.928265762329101562e+01
3.270818643569946289e+02 2.379746541976928711e+02 2.869096946716308594e+01 2.918396186828613281e+01
3.276780281066894531e+02 2.370497283935546875e+02 2.895286560058593750e+01 2.921288299560546875e+01
3.268925390243530273e+02 2.375641670227050781e+02 2.851917457580566406e+01 2.947475433349609375e+01
3.273528757095336914e+02 2.376285762786865234e+02 2.879554557800292969e+01 2.914856338500976562e+01
3.269912776947021484e+02 2.377244129180908203e+02 2.855066299438476562e+01 2.897983169555664062e+01
3.274096231460571289e+02 2.376479091644287109e+02 2.872737693786621094e+01 2.916211318969726562e+01
3.271208543777465820e+02 2.376653413772583008e+02 2.874150657653808594e+01 2.900432395935058594e+01
3.278128948211669922e+02 2.373933458328247070e+02 2.865331649780273438e+01 2.929734611511230469e+01
3.275635900497436523e+02 2.377048845291137695e+02 2.882423591613769531e+01 2.889138603210449219e+01
3.272759275436401367e+02 2.379066734313964844e+02 2.886638069152832031e+01 2.900988006591796875e+01
3.270691490173339844e+02 2.381359558105468750e+02 2.880077362060546875e+01 2.876657867431640625e+01
3.277713632583618164e+02 2.370496063232421875e+02 2.892815971374511719e+01 2.886975097656250000e+01
3.275503015518188477e+02 2.377996244430541992e+02 2.855306816101074219e+01 2.984070014953613281e+01
3.276832990646362305e+02 2.379140539169311523e+02 2.879987525939941406e+01 2.884705543518066406e+01
3.273331413269042969e+02 2.380241909027099609e+02 2.866285705566406250e+01 2.890380477905273438e+01
3.269147930145263672e+02 2.382316541671752930e+02 2.851390457153320312e+01 2.885672187805175781e+01
3.270261688232421875e+02 2.377927465438842773e+02 2.854097747802734375e+01 2.871913337707519531e+01
3.271799888610839844e+02 2.373873662948608398e+02 2.855098724365234375e+01 2.867482948303222656e+01
3.271292486190795898e+02 2.377015142440795898e+02 2.918984413146972656e+01 2.954567909240722656e+01
3.269785270690917969e+02 2.378325004577636719e+02 2.858769989013671875e+01 2.903003692626953125e+01
3.276694259643554688e+02 2.379789552688598633e+02 2.899719238281250000e+01 2.892515373229980469e+01
3.275312528610229492e+02 2.380483865737915039e+02 2.849585151672363281e+01 2.889693260192871094e+01
3.275559873580932617e+02 2.376282196044921875e+02 2.891839027404785156e+01 2.869403076171875000e+01
3.273884277343750000e+02 2.375708885192871094e+02 2.837758636474609375e+01 2.862523651123046875e+01
3.274074192047119141e+02 2.379137372970581055e+02 2.893075942993164062e+01 2.963376808166503906e+01
3.272775287628173828e+02 2.373685808181762695e+02 2.820468521118164062e+01 2.890216636657714844e+01
3.270399389266967773e+02 2.379036636352539062e+02 2.919183540344238281e+01 2.964369201660156250e+01
3.270115575790405273e+02 2.374182643890380859e+02 2.831141090393066406e+01 2.875263595581054688e+01
3.269666328430175781e+02 2.378614978790283203e+02 2.871626281738281250e+01 2.946329879760742188e+01
3.273804054260253906e+02 2.378761711120605469e+02 2.847244262695312500e+01 2.862811279296875000e+01
3.275003070831298828e+02 2.374880447387695312e+02 2.868255233764648438e+01 2.864980316162109375e+01
3.276204357147216797e+02 2.378123407363891602e+02 2.917570877075195312e+01 2.941229057312011719e+01
3.276133337020874023e+02 2.372374639511108398e+02 2.811392402648925781e+01 2.863368415832519531e+01
3.270721092224121094e+02 2.373994474411010742e+02 2.825282287597656250e+01 2.846015357971191406e+01
3.274931392669677734e+02 2.373907661437988281e+02 2.869106674194335938e+01 2.863241577148437500e+01
3.276877565383911133e+02 2.378276081085205078e+02 2.902034568786621094e+01 2.931660842895507812e+01
3.270047750473022461e+02 2.377977066040039062e+02 2.837989997863769531e+01 2.794265747070312500e+01
3.270221147537231445e+02 2.380608005523681641e+02 2.869987297058105469e+01 2.883887863159179688e+01
3.277427358627319336e+02 2.381860313415527344e+02 2.890834236145019531e+01 2.893307495117187500e+01
3.273687553405761719e+02 2.373117694854736328e+02 2.818405151367187500e+01 2.808620071411132812e+01
3.271920108795166016e+02 2.375144195556640625e+02 2.892829513549804688e+01 2.886385345458984375e+01
3.270419359207153320e+02 2.376504402160644531e+02 2.835535240173339844e+01 2.853565216064453125e+01
3.276299200057983398e+02 2.376296215057373047e+02 2.869120216369628906e+01 2.890900802612304688e+01
3.272368612289428711e+02 2.376724472045898438e+02 2.835948371887207031e+01 2.871447753906250000e+01
3.272394828796386719e+02 2.371500444412231445e+02 2.867886352539062500e+01 2.846294212341308594e+01
3.274260559082031250e+02 2.374855928421020508e+02 2.871826171875000000e+01 2.919232749938964844e+01
3.271222848892211914e+02 2.376520280838012695e+02 2.837539482116699219e+01 2.865771293640136719e+01
3.271851577758789062e+02 2.380624570846557617e+02 2.875910186767578125e+01 2.919348335266113281e+01
3.267377834320068359e+02 2.372802352905273438e+02 2.827627944946289062e+01 2.808021545410156250e+01
3.276928834915161133e+02 2.373466606140136719e+02 2.884036827087402344e+01 2.868430328369140625e+01
3.273734359741210938e+02 2.373931531906127930e+02 2.836331939697265625e+01 2.867347145080566406e+01
3.271804456710815430e+02 2.379232597351074219e+02 2.861402320861816406e+01 2.924890899658203125e+01
3.281566524505615234e+02 2.358812141418457031e+02 2.746409225463867188e+01 3.019660949707031250e+01
3.261648035049438477e+02 2.327979011535644531e+02 2.797967338562011719e+01 3.296459197998046875e+01
3.258755359649658203e+02 2.328147516250610352e+02 2.757513809204101562e+01 3.184818077087402344e+01
3.256694421768188477e+02 2.324484729766845703e+02 2.736177635192871094e+01 3.119061660766601562e+01
3.254311418533325195e+02 2.320158929824829102e+02 2.730264854431152344e+01 3.054360008239746094e+01
3.256967945098876953e+02 2.327165775299072266e+02 2.759006118774414062e+01 3.021053695678710938e+01
3.260752859115600586e+02 2.322371797561645508e+02 2.709461402893066406e+01 3.041768455505371094e+01
3.256053361892700195e+02 2.326972465515136719e+02 2.737256431579589844e+01 3.019824218750000000e+01
3.259674186706542969e+02 2.324147310256958008e+02 2.719306945800781250e+01 3.008669853210449219e+01
3.255564813613891602e+02 2.326390838623046875e+02 2.765405082702636719e+01 3.063101959228515625e+01
3.254639034271240234e+02 2.329027872085571289e+02 2.719213485717773438e+01 3.050886344909667969e+01
3.254933490753173828e+02 2.328088951110839844e+02 2.763472366333007812e+01 3.051074218750000000e+01
3.254010496139526367e+02 2.320393552780151367e+02 2.739240455627441406e+01 3.054294013977050781e+01
3.256192941665649414e+02 2.327822322845458984e+02 2.773778343200683594e+01 2.994577407836914062e+01
3.260683746337890625e+02 2.324508028030395508e+02 2.750834655761718750e+01 3.036662864685058594e+01
3.255301532745361328e+02 2.324248342514038086e+02 2.733918380737304688e+01 3.006652259826660156e+01
3.250836620330810547e+02 2.327127819061279297e+02 2.752319717407226562e+01 3.028418350219726562e+01
3.253255434036254883e+02 2.326119375228881836e+02 2.740038108825683594e+01 3.034836006164550781e+01
3.256008815765380859e+02 2.324594058990478516e+02 2.733697128295898438e+01 3.055470657348632812e+01
3.258384590148925781e+02 2.324779863357543945e+02 2.730906677246093750e+01 3.050115013122558594e+01
3.260021467208862305e+02 2.324155139923095703e+02 2.738521766662597656e+01 3.028068923950195312e+01
3.254214115142822266e+02 2.320765800476074219e+02 2.728952407836914062e+01 3.000595092773437500e+01
3.249757947921752930e+02 2.322301054000854492e+02 2.748253059387207031e+01 3.011824226379394531e+01
3.253098611831665039e+02 2.328070669174194336e+02 2.747633171081542969e+01 2.996718788146972656e+01
3.250170021057128906e+02 2.329337949752807617e+02 2.739218139648437500e+01 3.043058967590332031e+01
3.252034578323364258e+02 2.328547840118408203e+02 2.735426139831542969e+01 3.022272109985351562e+01
3.253259696960449219e+02 2.326722326278686523e+02 2.736714935302734375e+01 3.024659919738769531e+01
3.255396528244018555e+02 2.323150272369384766e+02 2.733979225158691406e+01 3.021751785278320312e+01
3.251706762313842773e+02 2.325240526199340820e+02 2.745140266418457031e+01 3.036108207702636719e+01
3.254108676910400391e+02 2.324311361312866211e+02 2.757999038696289062e+01 3.032512855529785156e+01
3.256257343292236328e+02 2.321934041976928711e+02 2.750291824340820312e+01 3.036042976379394531e+01
3.260842027664184570e+02 2.329745969772338867e+02 2.740371513366699219e+01 2.982111549377441406e+01
3.256754217147827148e+02 2.334688501358032227e+02 2.704989051818847656e+01 2.904739952087402344e+01
3.243440160751342773e+02 2.339989547729492188e+02 2.610074043273925781e+01 2.802858734130859375e+01
3.241205835342407227e+02 2.338184967041015625e+02 2.657043266296386719e+01 2.759877777099609375e+01
3.241672439575195312e+02 2.342710037231445312e+02 2.690340423583984375e+01 2.782719421386718750e+01
3.239021224975585938e+02 2.345220975875854492e+02 2.660780334472656250e+01 2.764951515197753906e+01
3.238126077651977539e+02 2.340521068572998047e+02 2.670881462097167969e+01 2.789166641235351562e+01
3.241738843917846680e+02 2.337700901031494141e+02 2.679619789123535156e+01 2.828090286254882812e+01
3.240452470779418945e+02 2.343018579483032227e+02 2.674266624450683594e+01 2.793383598327636719e+01
3.243180322647094727e+02 2.340238361358642578e+02 2.671006584167480469e+01 2.796442794799804688e+01
3.238210983276367188e+02 2.340616502761840820e+02 2.666928100585937500e+01 2.778914451599121094e+01
3.236826066970825195e+02 2.344731464385986328e+02 2.662450981140136719e+01 2.788010787963867188e+01
3.241154460906982422e+02 2.337111368179321289e+02 2.673805618286132812e+01 2.786884117126464844e+01
3.243546295166015625e+02 2.334599847793579102e+02 2.673345947265625000e+01 2.788503074645996094e+01
3.237464885711669922e+02 2.341569557189941406e+02 2.701033401489257812e+01 2.854383850097656250e+01
3.240088672637939453e+02 2.340333490371704102e+02 2.688164138793945312e+01 2.814616203308105469e+01
3.239067630767822266e+02 2.336035537719726562e+02 2.671763992309570312e+01 2.790462493896484375e+01
3.241673202514648438e+02 2.332568750381469727e+02 2.684503173828125000e+01 2.788818168640136719e+01
3.237009382247924805e+02 2.338797264099121094e+02 2.686135292053222656e+01 2.820066070556640625e+01
3.234859237670898438e+02 2.344032039642333984e+02 2.674365997314453125e+01 2.792771530151367188e+01
3.236361932754516602e+02 2.340714759826660156e+02 2.686421775817871094e+01 2.800677490234375000e+01
3.238514862060546875e+02 2.337157373428344727e+02 2.686837005615234375e+01 2.799685478210449219e+01
3.241621904373168945e+02 2.334203395843505859e+02 2.671909904479980469e+01 2.792733383178710938e+01
3.235650796890258789e+02 2.340074996948242188e+02 2.697862052917480469e+01 2.813220214843750000e+01
3.234282112121582031e+02 2.337384386062622070e+02 2.688114929199218750e+01 2.780184745788574219e+01
3.237100143432617188e+02 2.335424308776855469e+02 2.686840820312500000e+01 2.776120758056640625e+01
3.239800462722778320e+02 2.331973485946655273e+02 2.730462455749511719e+01 2.962779426574707031e+01
3.233460979461669922e+02 2.336105384826660156e+02 2.740505599975585938e+01 2.838565063476562500e+01
3.231637191772460938e+02 2.323864831924438477e+02 2.772148132324218750e+01 2.953210258483886719e+01
3.228725318908691406e+02 2.338768215179443359e+02 2.759648132324218750e+01 2.800419998168945312e+01
3.244241552352905273e+02 2.358786172866821289e+02 2.616684150695800781e+01 2.684317588806152344e+01
3.257222690582275391e+02 2.386911859512329102e+02 2.520849227905273438e+01 2.418929100036621094e+01
3.241913995742797852e+02 2.344710550308227539e+02 2.658655357360839844e+01 2.831078910827636719e+01
3.242574605941772461e+02 2.326989650726318359e+02 2.720224189758300781e+01 2.930936050415039062e+01
