2.440000000000000000e+02 1.540000000000000000e+02 2.600000000000000000e+01 3.400000000000000000e+01
2.433085708618164062e+02 1.527369384765625000e+02 2.759272003173828125e+01 3.434049987792968750e+01
2.441836223602294922e+02 1.533861713409423828e+02 2.738407516479492188e+01 3.391907882690429688e+01
2.447030582427978516e+02 1.536079139709472656e+02 2.722526931762695312e+01 3.429476928710937500e+01
2.453082504272460938e+02 1.535753421783447266e+02 2.730559539794921875e+01 3.442792892456054688e+01
2.470970287322998047e+02 1.535188083648681641e+02 2.726584243774414062e+01 3.479129409790039062e+01
2.479785623550415039e+02 1.530363063812255859e+02 2.725687217712402344e+01 3.469559860229492188e+01
2.492384128570556641e+02 1.538722553253173828e+02 2.755802536010742188e+01 3.393775558471679688e+01
2.511767034530639648e+02 1.532259235382080078e+02 2.726114082336425781e+01 3.477200698852539062e+01
2.535370759963989258e+02 1.521493320465087891e+02 2.755144309997558594e+01 3.516998672485351562e+01
2.554280662536621094e+02 1.533269634246826172e+02 2.758003997802734375e+01 3.420478439331054688e+01
2.577099409103393555e+02 1.523886280059814453e+02 2.761786079406738281e+01 3.506786727905273438e+01
2.599699344635009766e+02 1.532874717712402344e+02 2.749580764770507812e+01 3.439885711669921875e+01
2.616860122680664062e+02 1.532458324432373047e+02 2.726391601562500000e+01 3.431528091430664062e+01
2.634866342544555664e+02 1.524178218841552734e+02 2.748675346374511719e+01 3.487739181518554688e+01
2.652404403686523438e+02 1.528645401000976562e+02 2.740544891357421875e+01 3.431974029541015625e+01
2.670583753585815430e+02 1.521994934082031250e+02 2.738005256652832031e+01 3.488956451416015625e+01
2.679137668609619141e+02 1.527715148925781250e+02 2.749361038208007812e+01 3.403177642822265625e+01
2.703951873779296875e+02 1.530737094879150391e+02 2.772212982177734375e+01 3.453488540649414062e+01
2.725287361145019531e+02 1.529772605895996094e+02 2.752346801757812500e+01 3.496275329589843750e+01
2.746287631988525391e+02 1.526299705505371094e+02 2.775812149047851562e+01 3.511286163330078125e+01
2.773289108276367188e+02 1.522353630065917969e+02 2.722231292724609375e+01 3.511726379394531250e+01
2.791180028915405273e+02 1.529206581115722656e+02 2.734819221496582031e+01 3.448329162597656250e+01
2.808719720840454102e+02 1.528421249389648438e+02 2.744725608825683594e+01 3.488925170898437500e+01
2.815501565933227539e+02 1.541947937011718750e+02 2.733254051208496094e+01 3.417388916015625000e+01
2.829256229400634766e+02 1.538801403045654297e+02 2.712285995483398438e+01 3.486959457397460938e+01
2.850601844787597656e+02 1.546613864898681641e+02 2.732987213134765625e+01 3.484964370727539062e+01
2.857841129302978516e+02 1.548827724456787109e+02 2.731585311889648438e+01 3.441420364379882812e+01
2.869759607315063477e+02 1.548459529876708984e+02 2.716547966003417969e+01 3.475149917602539062e+01
2.877301464080810547e+02 1.557287254333496094e+02 2.732910537719726562e+01 3.384849548339843750e+01
2.887313938140869141e+02 1.558512840270996094e+02 2.720053482055664062e+01 3.432926940917968750e+01
2.889469509124755859e+02 1.559555263519287109e+02 2.723120498657226562e+01 3.469690322875976562e+01
2.892006578445434570e+02 1.572216644287109375e+02 2.736925315856933594e+01 3.471601104736328125e+01
2.893957538604736328e+02 1.578070774078369141e+02 2.733181381225585938e+01 3.427804183959960938e+01
2.894689493179321289e+02 1.598247737884521484e+02 2.735003471374511719e+01 3.464471817016601562e+01
2.902522249221801758e+02 1.604570388793945312e+02 2.725650596618652344e+01 3.422216796875000000e+01
2.908624753952026367e+02 1.609535789489746094e+02 2.718582344055175781e+01 3.430728912353515625e+01
2.907529916763305664e+02 1.608567562103271484e+02 2.714206504821777344e+01 3.468969345092773438e+01
2.908030395507812500e+02 1.617024097442626953e+02 2.728884124755859375e+01 3.433617782592773438e+01
2.910958328247070312e+02 1.634287452697753906e+02 2.726053619384765625e+01 3.427313232421875000e+01
2.913510065078735352e+02 1.637628479003906250e+02 2.734261894226074219e+01 3.410115051269531250e+01
2.908236875534057617e+02 1.651574878692626953e+02 2.697227668762207031e+01 3.386840438842773438e+01
2.910187692642211914e+02 1.648987522125244141e+02 2.706898307800292969e+01 3.456160354614257812e+01
2.911476173400878906e+02 1.661367130279541016e+02 2.711198425292968750e+01 3.435913467407226562e+01
2.911330633163452148e+02 1.671884536743164062e+02 2.717873573303222656e+01 3.421499633789062500e+01
2.906337671279907227e+02 1.687576732635498047e+02 2.710211753845214844e+01 3.413427352905273438e+01
2.908153152465820312e+02 1.688186588287353516e+02 2.704519653320312500e+01 3.464150619506835938e+01
2.904494371414184570e+02 1.696235961914062500e+02 2.705388450622558594e+01 3.442687225341796875e+01
2.906625118255615234e+02 1.714806766510009766e+02 2.722891616821289062e+01 3.440861129760742188e+01
2.901308526992797852e+02 1.722499084472656250e+02 2.698692893981933594e+01 3.477213287353515625e+01
2.901597318649291992e+02 1.739737224578857422e+02 2.716389656066894531e+01 3.452785110473632812e+01
2.902090320587158203e+02 1.744527721405029297e+02 2.701341629028320312e+01 3.469253158569335938e+01
2.899793033599853516e+02 1.765495128631591797e+02 2.711835098266601562e+01 3.450584030151367188e+01
2.896094245910644531e+02 1.772684116363525391e+02 2.711270904541015625e+01 3.445763778686523438e+01
2.892829704284667969e+02 1.778524169921875000e+02 2.699156951904296875e+01 3.445529174804687500e+01
2.890196113586425781e+02 1.790687808990478516e+02 2.704537963867187500e+01 3.419077682495117188e+01
2.887871141433715820e+02 1.801366672515869141e+02 2.695213127136230469e+01 3.449274063110351562e+01
2.892282390594482422e+02 1.813511714935302734e+02 2.715658187866210938e+01 3.438231277465820312e+01
2.892216224670410156e+02 1.822655792236328125e+02 2.708013153076171875e+01 3.412826538085937500e+01
2.884881353378295898e+02 1.843506927490234375e+02 2.708601570129394531e+01 3.413477325439453125e+01
2.885798797607421875e+02 1.859187412261962891e+02 2.707154846191406250e+01 3.481076431274414062e+01
2.882653713226318359e+02 1.870579357147216797e+02 2.703509902954101562e+01 3.416553115844726562e+01
2.882911138534545898e+02 1.892706661224365234e+02 2.702789497375488281e+01 3.487214279174804688e+01
2.886686668395996094e+02 1.914717159271240234e+02 2.722135925292968750e+01 3.485315322875976562e+01
2.888429250717163086e+02 1.932043628692626953e+02 2.696640968322753906e+01 3.408484268188476562e+01
2.887136335372924805e+02 1.949303874969482422e+02 2.700351905822753906e+01 3.480495071411132812e+01
2.881809091567993164e+02 1.964879379272460938e+02 2.694189262390136719e+01 3.453356170654296875e+01
2.884286947250366211e+02 1.977368927001953125e+02 2.720623970031738281e+01 3.448854827880859375e+01
2.881386775970458984e+02 1.980039920806884766e+02 2.699091720581054688e+01 3.438557052612304688e+01
2.879879980087280273e+02 1.978639621734619141e+02 2.691742134094238281e+01 3.455212783813476562e+01
2.884909420013427734e+02 1.978935565948486328e+02 2.701910018920898438e+01 3.436478042602539062e+01
2.883872423171997070e+02 1.972745914459228516e+02 2.721416282653808594e+01 3.473485946655273438e+01
2.889100761413574219e+02 1.968498153686523438e+02 2.721691894531250000e+01 3.444967651367187500e+01
2.884504384994506836e+02 1.957497177124023438e+02 2.716707038879394531e+01 3.485019683837890625e+01
2.883747072219848633e+02 1.954656505584716797e+02 2.703939628601074219e+01 3.465716171264648438e+01
2.885610628128051758e+02 1.947068748474121094e+02 2.719067955017089844e+01 3.479052734375000000e+01
2.884899425506591797e+02 1.935518512725830078e+02 2.721370315551757812e+01 3.502868270874023438e+01
2.882678709030151367e+02 1.919847755432128906e+02 2.722951698303222656e+01 3.507611846923828125e+01
2.877083015441894531e+02 1.890118865966796875e+02 2.730839538574218750e+01 3.529415893554687500e+01
2.879524755477905273e+02 1.864919052124023438e+02 2.743988227844238281e+01 3.563613891601562500e+01
2.875299711227416992e+02 1.831105937957763672e+02 2.738693428039550781e+01 3.578091049194335938e+01
2.874985055923461914e+02 1.802197933197021484e+02 2.765433311462402344e+01 3.533519363403320312e+01
2.878105497360229492e+02 1.769594573974609375e+02 2.738926887512207031e+01 3.574500274658203125e+01
2.869909706115722656e+02 1.743306961059570312e+02 2.753197479248046875e+01 3.564965057373046875e+01
2.871331844329833984e+02 1.724941864013671875e+02 2.754817581176757812e+01 3.538733673095703125e+01
2.875239286422729492e+02 1.697795925140380859e+02 2.751900672912597656e+01 3.530434036254882812e+01
2.870910186767578125e+02 1.683487720489501953e+02 2.739082336425781250e+01 3.525424575805664062e+01
2.875183734893798828e+02 1.668824176788330078e+02 2.752503585815429688e+01 3.505181503295898438e+01
2.871448488235473633e+02 1.644429950714111328e+02 2.738482475280761719e+01 3.534310531616210938e+01
2.874806461334228516e+02 1.623056697845458984e+02 2.766108322143554688e+01 3.521645736694335938e+01
2.870543012619018555e+02 1.610852985382080078e+02 2.749112892150878906e+01 3.484692001342773438e+01
2.868455934524536133e+02 1.586177101135253906e+02 2.762531852722167969e+01 3.521640014648437500e+01
2.872016658782958984e+02 1.567874317169189453e+02 2.771924209594726562e+01 3.514523696899414062e+01
2.867548818588256836e+02 1.553699054718017578e+02 2.724312019348144531e+01 3.512139511108398438e+01
2.872423563003540039e+02 1.537793483734130859e+02 2.758424186706542969e+01 3.531909561157226562e+01
2.865426301956176758e+02 1.520740680694580078e+02 2.749156761169433594e+01 3.505714797973632812e+01
2.866894302368164062e+02 1.505454483032226562e+02 2.779454040527343750e+01 3.518998718261718750e+01
2.865958223342895508e+02 1.483108119964599609e+02 2.776996421813964844e+01 3.542199325561523438e+01
2.871088361740112305e+02 1.465667209625244141e+02 2.808279609680175781e+01 3.519688034057617188e+01
2.871814231872558594e+02 1.448808975219726562e+02 2.784867095947265625e+01 3.518653106689453125e+01
2.871349372863769531e+02 1.435213775634765625e+02 2.786816406250000000e+01 3.509969329833984375e+01
2.871252479553222656e+02 1.412467651367187500e+02 2.782871246337890625e+01 3.556701660156250000e+01
2.870865592956542969e+02 1.390465240478515625e+02 2.786621093750000000e+01 3.559317016601562500e+01
2.868746061325073242e+02 1.372300128936767578e+02 2.803194618225097656e+01 3.541734695434570312e+01
2.872504024505615234e+02 1.351390018463134766e+02 2.785062789916992188e+01 3.580508041381835938e+01
2.863936386108398438e+02 1.317129421234130859e+02 2.778246307373046875e+01 3.616068649291992188e+01
2.863763980865478516e+02 1.294829406738281250e+02 2.781358718872070312e+01 3.586241149902343750e+01
2.862780189514160156e+02 1.235061931610107422e+02 2.765176391601562500e+01 3.616203689575195312e+01
2.859135723114013672e+02 1.174617652893066406e+02 2.779765701293945312e+01 3.681968688964843750e+01
2.858494338989257812e+02 1.113394756317138672e+02 2.771835327148437500e+01 3.614288711547851562e+01
2.855915594100952148e+02 1.055579872131347656e+02 2.793992805480957031e+01 3.579331970214843750e+01
2.853312482833862305e+02 1.011823787689208984e+02 2.773097419738769531e+01 3.657857131958007812e+01
2.851962795257568359e+02 9.778507423400878906e+01 2.806426620483398438e+01 3.616871261596679688e+01
2.851930732727050781e+02 9.449600410461425781e+01 2.804908752441406250e+01 3.584220504760742188e+01
2.845992832183837891e+02 9.239621734619140625e+01 2.789306259155273438e+01 3.585614776611328125e+01
2.845666656494140625e+02 9.116461563110351562e+01 2.844271850585937500e+01 3.552458190917968750e+01
2.844351930618286133e+02 9.070560836791992188e+01 2.796073722839355469e+01 3.532514953613281250e+01
2.848804178237915039e+02 9.152429199218750000e+01 2.796579551696777344e+01 3.480656433105468750e+01
2.849861021041870117e+02 9.181013298034667969e+01 2.785610389709472656e+01 3.473077011108398438e+01
2.851217288970947266e+02 9.089403533935546875e+01 2.804951858520507812e+01 3.525444030761718750e+01
2.849574193954467773e+02 9.082460021972656250e+01 2.788350868225097656e+01 3.514585113525390625e+01
2.847683372497558594e+02 9.249905204772949219e+01 2.745977020263671875e+01 3.451160812377929688e+01
2.852673273086547852e+02 9.142270469665527344e+01 2.786584281921386719e+01 3.524231338500976562e+01
2.853913288116455078e+02 9.224631309509277344e+01 2.765443801879882812e+01 3.459482955932617188e+01
2.856464653015136719e+02 9.150639343261718750e+01 2.789876556396484375e+01 3.496112060546875000e+01
2.858419742584228516e+02 9.310085487365722656e+01 2.731467819213867188e+01 3.448603439331054688e+01
2.859031419754028320e+02 9.218138313293457031e+01 2.793872642517089844e+01 3.502853012084960938e+01
2.860333299636840820e+02 9.227283859252929688e+01 2.797836112976074219e+01 3.489855957031250000e+01
2.860791234970092773e+02 9.299556159973144531e+01 2.764102363586425781e+01 3.462569046020507812e+01
2.865377616882324219e+02 9.317589950561523438e+01 2.784824371337890625e+01 3.483444213867187500e+01
2.870734539031982422e+02 9.299950790405273438e+01 2.779276657104492188e+01 3.489873504638671875e+01
2.876641111373901367e+02 9.289628028869628906e+01 2.771562385559082031e+01 3.493020248413085938e+01
2.873980112075805664e+02 9.304511833190917969e+01 2.756651115417480469e+01 3.491702651977539062e+01
2.872539796829223633e+02 9.346968269348144531e+01 2.772222709655761719e+01 3.483658218383789062e+01
2.878232192993164062e+02 9.417070960998535156e+01 2.775337982177734375e+01 3.457727432250976562e+01
2.886290798187255859e+02 9.472208023071289062e+01 2.780289840698242188e+01 3.461107635498046875e+01
2.898538007736206055e+02 9.393889808654785156e+01 2.788806343078613281e+01 3.502114486694335938e+01
2.906400575637817383e+02 9.583796501159667969e+01 2.782218742370605469e+01 3.432362747192382812e+01
2.912496242523193359e+02 9.509678459167480469e+01 2.799572372436523438e+01 3.507220840454101562e+01
2.931774950027465820e+02 9.492374229431152344e+01 2.799722099304199219e+01 3.528173446655273438e+01
2.950130071640014648e+02 9.492524528503417969e+01 2.820295143127441406e+01 3.496432876586914062e+01
2.972150945663452148e+02 9.577757644653320312e+01 2.787551307678222656e+01 3.492361450195312500e+01
2.990320501327514648e+02 9.490037536621093750e+01 2.806084632873535156e+01 3.544957733154296875e+01
3.015831146240234375e+02 9.510055923461914062e+01 2.824010467529296875e+01 3.508782958984375000e+01
3.059844236373901367e+02 9.413814544677734375e+01 2.811654853820800781e+01 3.526335144042968750e+01
3.106701326370239258e+02 9.388289833068847656e+01 2.799606132507324219e+01 3.519532394409179688e+01
3.155269584655761719e+02 9.451477432250976562e+01 2.851728820800781250e+01 3.447463989257812500e+01
3.204364166259765625e+02 9.296115112304687500e+01 2.848773956298828125e+01 3.566881561279296875e+01
3.252189731597900391e+02 9.267607116699218750e+01 2.830611038208007812e+01 3.508088684082031250e+01
3.298864803314208984e+02 9.215323829650878906e+01 2.770458602905273438e+01 3.542218399047851562e+01
3.331814556121826172e+02 9.209904289245605469e+01 2.838312911987304688e+01 3.540082168579101562e+01
3.364804382324218750e+02 9.224942779541015625e+01 2.798880767822265625e+01 3.539250183105468750e+01
3.395817203521728516e+02 9.175772857666015625e+01 2.807567214965820312e+01 3.554342651367187500e+01
3.409506702423095703e+02 9.198183250427246094e+01 2.803517532348632812e+01 3.487205886840820312e+01
3.421823663711547852e+02 9.261355972290039062e+01 2.809082603454589844e+01 3.452374267578125000e+01
3.431778125762939453e+02 9.212010383605957031e+01 2.809617233276367188e+01 3.499901199340820312e+01
3.448565654754638672e+02 9.119786453247070312e+01 2.818484878540039062e+01 3.524207305908203125e+01
3.458637027740478516e+02 9.221796798706054688e+01 2.807737350463867188e+01 3.438484954833984375e+01
3.461188173294067383e+02 9.113810157775878906e+01 2.806109428405761719e+01 3.546734237670898438e+01
3.454209098815917969e+02 9.195467185974121094e+01 2.755874633789062500e+01 3.507284927368164062e+01
3.451645555496215820e+02 9.120705795288085938e+01 2.801690483093261719e+01 3.546465301513671875e+01
3.450665245056152344e+02 9.200818824768066406e+01 2.777016448974609375e+01 3.502352523803710938e+01
3.454964694976806641e+02 9.156093025207519531e+01 2.801733016967773438e+01 3.510396194458007812e+01
3.447396526336669922e+02 9.138166427612304688e+01 2.794031143188476562e+01 3.543331146240234375e+01
3.445564565658569336e+02 9.155508995056152344e+01 2.790728187561035156e+01 3.522165298461914062e+01
3.439980640411376953e+02 9.148811721801757812e+01 2.786085891723632812e+01 3.547001647949218750e+01
3.437358446121215820e+02 9.167937469482421875e+01 2.830646324157714844e+01 3.486962127685546875e+01
3.435335884094238281e+02 9.142626571655273438e+01 2.810609436035156250e+01 3.505133819580078125e+01
3.428692779541015625e+02 9.110633087158203125e+01 2.783960723876953125e+01 3.535376739501953125e+01
3.424454221725463867e+02 9.087305450439453125e+01 2.794048500061035156e+01 3.542738342285156250e+01
3.424615621566772461e+02 9.064181900024414062e+01 2.798917579650878906e+01 3.519306945800781250e+01
3.421773099899291992e+02 9.133497047424316406e+01 2.752740669250488281e+01 3.477762985229492188e+01
3.412652969360351562e+02 9.029520416259765625e+01 2.770531463623046875e+01 3.560846710205078125e+01
3.408374900817871094e+02 9.080955505371093750e+01 2.784484100341796875e+01 3.520970916748046875e+01
3.397981262207031250e+02 9.104072952270507812e+01 2.794586181640625000e+01 3.513641357421875000e+01
3.389600124359130859e+02 9.017129516601562500e+01 2.805791091918945312e+01 3.545033264160156250e+01
3.390219507217407227e+02 9.121120452880859375e+01 2.782358360290527344e+01 3.474726867675781250e+01
3.386736335754394531e+02 9.037690544128417969e+01 2.784922027587890625e+01 3.561607742309570312e+01
3.376795949935913086e+02 9.045672988891601562e+01 2.779483222961425781e+01 3.549961853027343750e+01
3.372038459777832031e+02 9.060968780517578125e+01 2.768895721435546875e+01 3.540856170654296875e+01
3.370759220123291016e+02 9.065277099609375000e+01 2.805672836303710938e+01 3.510860443115234375e+01
3.367472009658813477e+02 9.044042587280273438e+01 2.801096916198730469e+01 3.519899749755859375e+01
3.362326927185058594e+02 9.024683189392089844e+01 2.788959503173828125e+01 3.523403549194335938e+01
3.361910371780395508e+02 9.000682640075683594e+01 2.806929588317871094e+01 3.524210739135742188e+01
3.360286874771118164e+02 8.959952545166015625e+01 2.808733177185058594e+01 3.529335021972656250e+01
3.355474796295166016e+02 9.042903518676757812e+01 2.785738754272460938e+01 3.487612915039062500e+01
3.348423347473144531e+02 9.022651290893554688e+01 2.783979034423828125e+01 3.547479248046875000e+01
3.341330232620239258e+02 8.983045196533203125e+01 2.808759880065917969e+01 3.562535095214843750e+01
3.337562103271484375e+02 9.002661705017089844e+01 2.782817077636718750e+01 3.542181015014648438e+01
3.330397109985351562e+02 8.955464935302734375e+01 2.786959075927734375e+01 3.572803497314453125e+01
3.329997014999389648e+02 9.006209373474121094e+01 2.790816688537597656e+01 3.504792404174804688e+01
3.319233369827270508e+02 8.939631843566894531e+01 2.781765556335449219e+01 3.550066757202148438e+01
3.307118377685546875e+02 9.049193763732910156e+01 2.778608703613281250e+01 3.470183944702148438e+01
3.301092109680175781e+02 9.048519706726074219e+01 2.767579650878906250e+01 3.510644149780273438e+01
3.294274768829345703e+02 8.966342544555664062e+01 2.790938949584960938e+01 3.549684906005859375e+01
3.285563383102416992e+02 9.101642799377441406e+01 2.774593544006347656e+01 3.473349380493164062e+01
3.273921556472778320e+02 8.974827575683593750e+01 2.781850242614746094e+01 3.567595672607421875e+01
3.261557550430297852e+02 9.076339912414550781e+01 2.793584251403808594e+01 3.473736953735351562e+01
3.243782329559326172e+02 8.980703735351562500e+01 2.778601455688476562e+01 3.560692596435546875e+01
3.235693197250366211e+02 9.054968261718750000e+01 2.780124855041503906e+01 3.481005859375000000e+01
3.215588655471801758e+02 9.110887908935546875e+01 2.779073143005371094e+01 3.475683593750000000e+01
3.203354854583740234e+02 9.081756782531738281e+01 2.769631576538085938e+01 3.521203994750976562e+01
3.181898183822631836e+02 9.070446205139160156e+01 2.785238075256347656e+01 3.527253341674804688e+01
3.165992040634155273e+02 9.145367813110351562e+01 2.801947212219238281e+01 3.483337402343750000e+01
3.140572729110717773e+02 9.205613708496093750e+01 2.807430458068847656e+01 3.468601226806640625e+01
3.112927980422973633e+02 9.137415695190429688e+01 2.801579093933105469e+01 3.518471527099609375e+01
3.103210182189941406e+02 9.182023048400878906e+01 2.799758911132812500e+01 3.498659133911132812e+01
3.079976148605346680e+02 9.236175537109375000e+01 2.810930061340332031e+01 3.484352111816406250e+01
3.053685655593872070e+02 9.180603981018066406e+01 2.783033561706542969e+01 3.522040176391601562e+01
3.031231927871704102e+02 9.338314247131347656e+01 2.785960197448730469e+01 3.434057998657226562e+01
3.007480545043945312e+02 9.209986686706542969e+01 2.790504455566406250e+01 3.545356369018554688e+01
2.984259204864501953e+02 9.282011985778808594e+01 2.788557052612304688e+01 3.510351181030273438e+01
2.965372333526611328e+02 9.366819381713867188e+01 2.804211044311523438e+01 3.466432189941406250e+01
2.935234355926513672e+02 9.264837646484375000e+01 2.810847854614257812e+01 3.566381072998046875e+01
2.900958642959594727e+02 9.377969741821289062e+01 2.798457908630371094e+01 3.470298767089843750e+01
2.857503309249877930e+02 9.360435867309570312e+01 2.820042610168457031e+01 3.514958953857421875e+01
2.829773454666137695e+02 9.505313301086425781e+01 2.816331291198730469e+01 3.441471481323242188e+01
2.790986814498901367e+02 9.419949150085449219e+01 2.792955207824707031e+01 3.527322769165039062e+01
2.762882337570190430e+02 9.514566612243652344e+01 2.806567573547363281e+01 3.481489181518554688e+01
2.733088636398315430e+02 9.500789451599121094e+01 2.805338478088378906e+01 3.480764389038085938e+01
2.703717031478881836e+02 9.578940200805664062e+01 2.779205513000488281e+01 3.452451324462890625e+01
2.686361112594604492e+02 9.642565155029296875e+01 2.762014961242675781e+01 3.457069396972656250e+01
2.666431407928466797e+02 9.590643310546875000e+01 2.786701583862304688e+01 3.503661346435546875e+01
2.645944280624389648e+02 9.650302505493164062e+01 2.749420356750488281e+01 3.478835296630859375e+01
2.634126796722412109e+02 9.665367889404296875e+01 2.779784774780273438e+01 3.490814208984375000e+01
2.617213020324707031e+02 9.618126296997070312e+01 2.766437530517578125e+01 3.521318054199218750e+01
2.607114162445068359e+02 9.765303611755371094e+01 2.740111923217773438e+01 3.407543563842773438e+01
2.587882375717163086e+02 9.714946174621582031e+01 2.793409156799316406e+01 3.498188400268554688e+01
2.561442909240722656e+02 9.714678192138671875e+01 2.814345550537109375e+01 3.469771575927734375e+01
2.530630578994750977e+02 9.769487762451171875e+01 2.775761222839355469e+01 3.429563903808593750e+01
2.502429437637329102e+02 9.777722167968750000e+01 2.762827110290527344e+01 3.487127685546875000e+01
2.463987360000610352e+02 9.823525238037109375e+01 2.788113212585449219e+01 3.494496154785156250e+01
2.428924655914306641e+02 9.901639747619628906e+01 2.834003067016601562e+01 3.424142074584960938e+01
2.379447536468505859e+02 9.908167839050292969e+01 2.909742355346679688e+01 3.471573257446289062e+01
2.352240800857543945e+02 1.003981513977050781e+02 2.877911949157714844e+01 3.416320037841796875e+01
2.300738563537597656e+02 1.006591548919677734e+02 2.832336425781250000e+01 3.481076431274414062e+01
2.271621084213256836e+02 1.009982566833496094e+02 2.814142036437988281e+01 3.453368377685546875e+01
2.236660213470458984e+02 1.009645595550537109e+02 2.816643905639648438e+01 3.440023422241210938e+01
2.224003057479858398e+02 1.014663677215576172e+02 2.780677223205566406e+01 3.423903274536132812e+01
2.208055639266967773e+02 1.011101112365722656e+02 2.756807136535644531e+01 3.467288970947265625e+01
2.185294780731201172e+02 1.028524131774902344e+02 2.764029312133789062e+01 3.407743072509765625e+01
2.177058820724487305e+02 1.022531337738037109e+02 2.764554786682128906e+01 3.490003585815429688e+01
2.168152923583984375e+02 1.021434707641601562e+02 2.768708801269531250e+01 3.487202453613281250e+01
2.154159946441650391e+02 1.024367179870605469e+02 2.777956008911132812e+01 3.445219421386718750e+01
2.131650075912475586e+02 1.019517059326171875e+02 2.819451332092285156e+01 3.468410491943359375e+01
2.109289159774780273e+02 1.036942653656005859e+02 2.809441566467285156e+01 3.320554733276367188e+01
2.092309503555297852e+02 1.025549678802490234e+02 2.774856376647949219e+01 3.484505081176757812e+01
2.064872045516967773e+02 1.039745178222656250e+02 2.768919563293457031e+01 3.403742980957031250e+01
2.045719347000122070e+02 1.039838180541992188e+02 2.807300376892089844e+01 3.426414489746093750e+01
2.025813722610473633e+02 1.030766448974609375e+02 2.830055046081542969e+01 3.492951965332031250e+01
1.992932224273681641e+02 1.033134498596191406e+02 2.803442764282226562e+01 3.475982666015625000e+01
1.962163658142089844e+02 1.048594036102294922e+02 2.818972778320312500e+01 3.367183303833007812e+01
1.942341117858886719e+02 1.042508926391601562e+02 2.817304229736328125e+01 3.423141479492187500e+01
1.910760746002197266e+02 1.047417335510253906e+02 2.786704635620117188e+01 3.425157165527343750e+01
1.889404296875000000e+02 1.053571891784667969e+02 2.802369689941406250e+01 3.416788482666015625e+01
1.868505401611328125e+02 1.057792625427246094e+02 2.785980224609375000e+01 3.438832092285156250e+01
1.851836605072021484e+02 1.057246837615966797e+02 2.791173934936523438e+01 3.434558486938476562e+01
1.839791126251220703e+02 1.056973953247070312e+02 2.794456863403320312e+01 3.444805908203125000e+01
1.830599489212036133e+02 1.067828750610351562e+02 2.789999961853027344e+01 3.382199859619140625e+01
1.812057943344116211e+02 1.061050529479980469e+02 2.792128944396972656e+01 3.485190582275390625e+01
1.807695350646972656e+02 1.063157215118408203e+02 2.793668365478515625e+01 3.465959548950195312e+01
1.808990974426269531e+02 1.064810581207275391e+02 2.783094024658203125e+01 3.447249984741210938e+01
1.798293333053588867e+02 1.056533985137939453e+02 2.817354774475097656e+01 3.491624069213867188e+01
1.790587892532348633e+02 1.070543155670166016e+02 2.802734947204589844e+01 3.372780990600585938e+01
1.782090005874633789e+02 1.066309051513671875e+02 2.793357658386230469e+01 3.447486114501953125e+01
1.778508367538452148e+02 1.071516323089599609e+02 2.789283943176269531e+01 3.405720901489257812e+01
1.774335680007934570e+02 1.064227905273437500e+02 2.797922325134277344e+01 3.433969879150390625e+01
1.772430496215820312e+02 1.061199779510498047e+02 2.801590728759765625e+01 3.441771316528320312e+01
1.758853197097778320e+02 1.067157859802246094e+02 2.761571311950683594e+01 3.383090972900390625e+01
1.752017402648925781e+02 1.065460529327392578e+02 2.799844360351562500e+01 3.475299453735351562e+01
1.737881240844726562e+02 1.073881683349609375e+02 2.819612121582031250e+01 3.434000396728515625e+01
1.733110322952270508e+02 1.066409931182861328e+02 2.826164054870605469e+01 3.478119277954101562e+01
1.723628530502319336e+02 1.069321994781494141e+02 2.833286476135253906e+01 3.467999649047851562e+01
1.699214515686035156e+02 1.070201625823974609e+02 2.842980194091796875e+01 3.451887130737304688e+01
1.695960340499877930e+02 1.078571567535400391e+02 2.786036872863769531e+01 3.413925552368164062e+01
1.686370973587036133e+02 1.069016227722167969e+02 2.788422203063964844e+01 3.502015686035156250e+01
1.687518005371093750e+02 1.073540191650390625e+02 2.781171417236328125e+01 3.434830474853515625e+01
1.680697584152221680e+02 1.065906429290771484e+02 2.811772346496582031e+01 3.505581283569335938e+01
1.677451648712158203e+02 1.076579265594482422e+02 2.805061721801757812e+01 3.448015975952148438e+01
1.665196228027343750e+02 1.076648712158203125e+02 2.823000335693359375e+01 3.460537719726562500e+01
1.637269277572631836e+02 1.077035408020019531e+02 2.844683265686035156e+01 3.441129302978515625e+01
1.621288471221923828e+02 1.076826248168945312e+02 2.828421401977539062e+01 3.443698120117187500e+01
1.602252264022827148e+02 1.090372676849365234e+02 2.827657508850097656e+01 3.365981674194335938e+01
1.593476648330688477e+02 1.078106288909912109e+02 2.827458000183105469e+01 3.483137893676757812e+01
1.579354667663574219e+02 1.092671241760253906e+02 2.836740112304687500e+01 3.359971618652343750e+01
1.571239423751831055e+02 1.083995609283447266e+02 2.786718177795410156e+01 3.473171615600585938e+01
1.558340492248535156e+02 1.088494701385498047e+02 2.817770385742187500e+01 3.441750717163085938e+01
1.560028104782104492e+02 1.081105651855468750e+02 2.823723030090332031e+01 3.477063751220703125e+01
1.555037269592285156e+02 1.097579727172851562e+02 2.811475372314453125e+01 3.383242034912109375e+01
1.550507822036743164e+02 1.083384685516357422e+02 2.839748191833496094e+01 3.479574203491210938e+01
1.557127752304077148e+02 1.087642402648925781e+02 2.824888038635253906e+01 3.429137420654296875e+01
1.560878658294677734e+02 1.094629096984863281e+02 2.803176498413085938e+01 3.411260223388671875e+01
1.557427768707275391e+02 1.082350959777832031e+02 2.836119461059570312e+01 3.468556976318359375e+01
1.559102840423583984e+02 1.086408996582031250e+02 2.810470199584960938e+01 3.434530639648437500e+01
1.564518899917602539e+02 1.094026069641113281e+02 2.822545433044433594e+01 3.419781494140625000e+01
1.568666486740112305e+02 1.088150634765625000e+02 2.800243568420410156e+01 3.469495391845703125e+01
1.574141502380371094e+02 1.085562629699707031e+02 2.797599029541015625e+01 3.479469299316406250e+01
1.573598012924194336e+02 1.095326232910156250e+02 2.782287788391113281e+01 3.436705017089843750e+01
1.577677145004272461e+02 1.088147125244140625e+02 2.809661293029785156e+01 3.458675384521484375e+01
1.582252626419067383e+02 1.084986228942871094e+02 2.818543052673339844e+01 3.462276458740234375e+01
1.583491697311401367e+02 1.099670333862304688e+02 2.796207618713378906e+01 3.429685974121093750e+01
1.592798404693603516e+02 1.092069702148437500e+02 2.816134262084960938e+01 3.472750091552734375e+01
1.600797290802001953e+02 1.089931983947753906e+02 2.842279434204101562e+01 3.458605957031250000e+01
1.608706941604614258e+02 1.097364883422851562e+02 2.803529167175292969e+01 3.465190124511718750e+01
1.613855924606323242e+02 1.088103351593017578e+02 2.807819557189941406e+01 3.508365249633789062e+01
1.617486515045166016e+02 1.103847351074218750e+02 2.823373794555664062e+01 3.413150787353515625e+01
1.633411264419555664e+02 1.095833797454833984e+02 2.800082206726074219e+01 3.470391464233398438e+01
1.643308763504028320e+02 1.105288429260253906e+02 2.787286186218261719e+01 3.407506561279296875e+01
1.652834339141845703e+02 1.093436393737792969e+02 2.803288650512695312e+01 3.491740417480468750e+01
1.654446506500244141e+02 1.102194099426269531e+02 2.824479293823242188e+01 3.425430297851562500e+01
1.659905080795288086e+02 1.101557693481445312e+02 2.826183509826660156e+01 3.414932250976562500e+01
1.672729673385620117e+02 1.100810985565185547e+02 2.818390083312988281e+01 3.426958084106445312e+01
1.695689201354980469e+02 1.092963485717773438e+02 2.826277160644531250e+01 3.527020263671875000e+01
1.719675960540771484e+02 1.102558307647705078e+02 2.822118759155273438e+01 3.442579269409179688e+01
1.732395143508911133e+02 1.095823612213134766e+02 2.818597221374511719e+01 3.465959548950195312e+01
1.762918310165405273e+02 1.092135219573974609e+02 2.793725013732910156e+01 3.473499679565429688e+01
1.784447040557861328e+02 1.091481876373291016e+02 2.828779983520507812e+01 3.465824508666992188e+01
1.814665718078613281e+02 1.094821586608886719e+02 2.869453430175781250e+01 3.449592590332031250e+01
1.853974990844726562e+02 1.079662151336669922e+02 2.811537933349609375e+01 3.501935195922851562e+01
1.909103031158447266e+02 1.083090400695800781e+02 2.823039627075195312e+01 3.430097961425781250e+01
1.952300786972045898e+02 1.071602516174316406e+02 2.832139015197753906e+01 3.464423370361328125e+01
2.016151838302612305e+02 1.072435092926025391e+02 2.863870429992675781e+01 3.408620071411132812e+01
2.070002164840698242e+02 1.058197498321533203e+02 2.828248786926269531e+01 3.485334396362304688e+01
2.103911457061767578e+02 1.061577987670898438e+02 2.835936355590820312e+01 3.467815399169921875e+01
2.140616025924682617e+02 1.060747203826904297e+02 2.832432746887207031e+01 3.479594802856445312e+01
2.192390108108520508e+02 1.051388301849365234e+02 2.839285087585449219e+01 3.475520706176757812e+01
2.240796175003051758e+02 1.035907764434814453e+02 2.832632255554199219e+01 3.521352767944335938e+01
2.275220546722412109e+02 1.036800899505615234e+02 2.789757919311523438e+01 3.479938888549804688e+01
2.314546670913696289e+02 1.028335933685302734e+02 2.776071739196777344e+01 3.460921859741210938e+01
2.342206563949584961e+02 1.035840625762939453e+02 2.798890113830566406e+01 3.465566635131835938e+01
2.352154579162597656e+02 1.035628032684326172e+02 2.776756286621093750e+01 3.465814590454101562e+01
2.364082260131835938e+02 1.035672702789306641e+02 2.782333374023437500e+01 3.454265975952148438e+01
2.379073610305786133e+02 1.035371017456054688e+02 2.784297752380371094e+01 3.460140991210937500e+01
2.399610490798950195e+02 1.029720001220703125e+02 2.793492698669433594e+01 3.511441802978515625e+01
2.411406011581420898e+02 1.023924465179443359e+02 2.783735847473144531e+01 3.524311447143554688e+01
2.429685916900634766e+02 1.029049377441406250e+02 2.812276840209960938e+01 3.458140563964843750e+01
2.449408903121948242e+02 1.019048118591308594e+02 2.800812721252441406e+01 3.530799102783203125e+01
2.475605173110961914e+02 1.015715770721435547e+02 2.807726860046386719e+01 3.536308670043945312e+01
2.497575578689575195e+02 1.015970039367675781e+02 2.790921592712402344e+01 3.492747497558593750e+01
2.514465360641479492e+02 1.011581459045410156e+02 2.777201271057128906e+01 3.506089019775390625e+01
2.520269727706909180e+02 1.019529666900634766e+02 2.791459846496582031e+01 3.439141464233398438e+01
2.533227424621582031e+02 1.017517414093017578e+02 2.790268707275390625e+01 3.456929397583007812e+01
2.538932476043701172e+02 1.007847023010253906e+02 2.784994888305664062e+01 3.504726409912109375e+01
2.547345361709594727e+02 1.013774127960205078e+02 2.780433464050292969e+01 3.449799728393554688e+01
2.549376249313354492e+02 1.009238643646240234e+02 2.799672126770019531e+01 3.498975753784179688e+01
2.555387306213378906e+02 1.018993473052978516e+02 2.807010650634765625e+01 3.468043899536132812e+01
2.565523967742919922e+02 1.008949184417724609e+02 2.777070236206054688e+01 3.496992874145507812e+01
2.568057012557983398e+02 1.011226158142089844e+02 2.782367134094238281e+01 3.476242065429687500e+01
2.573379964828491211e+02 1.010567550659179688e+02 2.789216041564941406e+01 3.477913665771484375e+01
2.575759468078613281e+02 1.009606170654296875e+02 2.794011688232421875e+01 3.471307373046875000e+01
2.581698179244995117e+02 1.008574447631835938e+02 2.792687416076660156e+01 3.467701721191406250e+01
2.586071300506591797e+02 1.004672355651855469e+02 2.814463424682617188e+01 3.500246429443359375e+01
2.592718124389648438e+02 1.009165058135986328e+02 2.799036407470703125e+01 3.466322708129882812e+01
2.599642658233642578e+02 1.004474220275878906e+02 2.805996322631835938e+01 3.498145294189453125e+01
2.608963346481323242e+02 1.007173690795898438e+02 2.798199653625488281e+01 3.465711975097656250e+01
2.620448703765869141e+02 9.997158813476562500e+01 2.772917556762695312e+01 3.518350219726562500e+01
2.623657369613647461e+02 1.007565803527832031e+02 2.774761390686035156e+01 3.477430725097656250e+01
2.616419296264648438e+02 9.996169662475585938e+01 2.797428894042968750e+01 3.539650726318359375e+01
2.611163978576660156e+02 1.007537479400634766e+02 2.785637664794921875e+01 3.474517440795898438e+01
2.608666734695434570e+02 1.002355232238769531e+02 2.785143852233886719e+01 3.530792999267578125e+01
2.609456720352172852e+02 1.012550449371337891e+02 2.781311607360839844e+01 3.462814712524414062e+01
2.613774290084838867e+02 1.027055931091308594e+02 2.765096473693847656e+01 3.467436218261718750e+01
2.615299358367919922e+02 1.035921516418457031e+02 2.761087417602539062e+01 3.488193511962890625e+01
2.613897380828857422e+02 1.050628299713134766e+02 2.757491683959960938e+01 3.511408615112304688e+01
2.611395196914672852e+02 1.089302120208740234e+02 2.759845542907714844e+01 3.610205459594726562e+01
2.615237693786621094e+02 1.133361587524414062e+02 2.810154724121093750e+01 3.597773742675781250e+01
2.615747890472412109e+02 1.175254268646240234e+02 2.752683639526367188e+01 3.686514663696289062e+01
2.619516763687133789e+02 1.235372409820556641e+02 2.789464378356933594e+01 3.649625778198242188e+01
2.619359273910522461e+02 1.273250274658203125e+02 2.752218818664550781e+01 3.477084350585937500e+01
2.618426961898803711e+02 1.288954582214355469e+02 2.734918403625488281e+01 3.446566009521484375e+01
2.619662284851074219e+02 1.299926090240478516e+02 2.739567565917968750e+01 3.499903488159179688e+01
2.615867090225219727e+02 1.325858993530273438e+02 2.747118186950683594e+01 3.464717102050781250e+01
2.619125118255615234e+02 1.331502475738525391e+02 2.760087966918945312e+01 3.475494003295898438e+01
2.613394632339477539e+02 1.355985965728759766e+02 2.716363334655761719e+01 3.440484237670898438e+01
2.616248340606689453e+02 1.379905300140380859e+02 2.767354202270507812e+01 3.487424087524414062e+01
2.613447685241699219e+02 1.403348388671875000e+02 2.750448608398437500e+01 3.495552062988281250e+01
2.609720411300659180e+02 1.435679893493652344e+02 2.742455482482910156e+01 3.498772430419921875e+01
2.609159870147705078e+02 1.465905494689941406e+02 2.757488632202148438e+01 3.509709930419921875e+01
2.611218099594116211e+02 1.496278724670410156e+02 2.752196693420410156e+01 3.498787689208984375e+01
2.612053804397583008e+02 1.528025798797607422e+02 2.755251121520996094e+01 3.534340286254882812e+01
2.614298448562622070e+02 1.570722637176513672e+02 2.732023429870605469e+01 3.574824905395507812e+01
2.611307525634765625e+02 1.609852752685546875e+02 2.725357055664062500e+01 3.531401062011718750e+01
2.612206325531005859e+02 1.653969764709472656e+02 2.721563339233398438e+01 3.609502410888671875e+01
2.608399038314819336e+02 1.709647789001464844e+02 2.708185005187988281e+01 3.584885406494140625e+01
2.607460432052612305e+02 1.756125297546386719e+02 2.702458381652832031e+01 3.578926849365234375e+01
2.605556201934814453e+02 1.800985393524169922e+02 2.712596511840820312e+01 3.556628799438476562e+01
2.602716102600097656e+02 1.846055965423583984e+02 2.710126495361328125e+01 3.541229629516601562e+01
2.600726289749145508e+02 1.875209217071533203e+02 2.703784751892089844e+01 3.470022201538085938e+01
2.600550127029418945e+02 1.903376922607421875e+02 2.694603538513183594e+01 3.473391723632812500e+01
2.598175010681152344e+02 1.928100185394287109e+02 2.696038818359375000e+01 3.455661392211914062e+01
2.596255950927734375e+02 1.946466941833496094e+02 2.693650817871093750e+01 3.472261047363281250e+01
2.595035505294799805e+02 1.971306457519531250e+02 2.685826301574707031e+01 3.427101898193359375e+01
2.595600795745849609e+02 1.995498332977294922e+02 2.683446884155273438e+01 3.429767990112304688e+01
2.592904462814331055e+02 2.014299087524414062e+02 2.691525459289550781e+01 3.451776885986328125e+01
2.592496280670166016e+02 2.026258335113525391e+02 2.687895584106445312e+01 3.426604080200195312e+01
2.591259355545043945e+02 2.029854812622070312e+02 2.704564476013183594e+01 3.444935607910156250e+01
2.593940820693969727e+02 2.034374084472656250e+02 2.703565025329589844e+01 3.427982330322265625e+01
2.592786312103271484e+02 2.033156661987304688e+02 2.680685043334960938e+01 3.459635162353515625e+01
2.591015319824218750e+02 2.030470695495605469e+02 2.687019348144531250e+01 3.452504730224609375e+01
2.590868339538574219e+02 2.032825260162353516e+02 2.696492767333984375e+01 3.457504653930664062e+01
