1.650000000000000000e+02 5.000000000000000000e+01 1.400000000000000000e+01 1.500000000000000000e+01
1.651624464988708496e+02 5.068229913711547852e+01 1.465746784210205078e+01 1.456182765960693359e+01
1.650967760086059570e+02 5.104064369201660156e+01 1.485981559753417969e+01 1.399098205566406250e+01
1.647566509246826172e+02 5.064563941955566406e+01 1.479539489746093750e+01 1.412535476684570312e+01
1.653080053329467773e+02 5.013309717178344727e+01 1.475929069519042969e+01 1.437834453582763672e+01
1.653885560035705566e+02 5.031015014648437500e+01 1.472775173187255859e+01 1.410319519042968750e+01
1.650934438705444336e+02 5.063407087326049805e+01 1.449817466735839844e+01 1.439031696319580078e+01
1.655974478721618652e+02 5.009614992141723633e+01 1.466104221343994141e+01 1.451070690155029297e+01
1.656202449798583984e+02 5.026010704040527344e+01 1.482462692260742188e+01 1.430029296875000000e+01
1.648734183311462402e+02 5.039955282211303711e+01 1.458344364166259766e+01 1.426315784454345703e+01
1.653102955818176270e+02 4.984561109542846680e+01 1.484989833831787109e+01 1.456641864776611328e+01
1.653521118164062500e+02 5.012130689620971680e+01 1.485760879516601562e+01 1.415131855010986328e+01
1.654810118675231934e+02 5.010142517089843750e+01 1.480859470367431641e+01 1.425522613525390625e+01
1.656177315711975098e+02 5.019559431076049805e+01 1.474351787567138672e+01 1.411945438385009766e+01
1.654761729240417480e+02 5.065237188339233398e+01 1.434108066558837891e+01 1.429888629913330078e+01
1.648726840019226074e+02 5.026931953430175781e+01 1.476689243316650391e+01 1.421555709838867188e+01
1.653710694313049316e+02 5.074557971954345703e+01 1.484427547454833984e+01 1.424290275573730469e+01
1.654330339431762695e+02 5.092185640335083008e+01 1.485064506530761719e+01 1.409230327606201172e+01
1.650514998435974121e+02 5.048277044296264648e+01 1.486533451080322266e+01 1.416613483428955078e+01
1.651789917945861816e+02 5.046003675460815430e+01 1.484857082366943359e+01 1.428086566925048828e+01
1.653288683891296387e+02 5.056727457046508789e+01 1.482469272613525391e+01 1.411748027801513672e+01
1.650728397369384766e+02 5.015489578247070312e+01 1.463933563232421875e+01 1.392683029174804688e+01
1.655991692543029785e+02 5.043121528625488281e+01 1.460813045501708984e+01 1.430524063110351562e+01
1.651378407478332520e+02 5.002635955810546875e+01 1.477095317840576172e+01 1.433985519409179688e+01
1.651083354949951172e+02 5.008919620513916016e+01 1.499378967285156250e+01 1.418494606018066406e+01
1.652542610168457031e+02 5.004343461990356445e+01 1.478488922119140625e+01 1.435177516937255859e+01
1.654670906066894531e+02 5.009171533584594727e+01 1.473093414306640625e+01 1.433784008026123047e+01
1.654671893119812012e+02 5.021845293045043945e+01 1.494647693634033203e+01 1.417273235321044922e+01
1.655931081771850586e+02 5.009850215911865234e+01 1.487106513977050781e+01 1.435790443420410156e+01
1.648117270469665527e+02 5.032058143615722656e+01 1.458474826812744141e+01 1.405839538574218750e+01
1.651745219230651855e+02 5.068438243865966797e+01 1.485471820831298828e+01 1.437829780578613281e+01
1.652968707084655762e+02 5.077278470993041992e+01 1.474326801300048828e+01 1.423468875885009766e+01
1.649539847373962402e+02 5.036114025115966797e+01 1.485958576202392578e+01 1.415801429748535156e+01
1.651027169227600098e+02 5.028812122344970703e+01 1.481070995330810547e+01 1.424028968811035156e+01
1.651977705955505371e+02 5.029620885848999023e+01 1.484159564971923828e+01 1.423166751861572266e+01
1.652525687217712402e+02 5.042864084243774414e+01 1.493035984039306641e+01 1.408533763885498047e+01
1.654143815040588379e+02 5.044805479049682617e+01 1.476658153533935547e+01 1.420186328887939453e+01
1.650212230682373047e+02 5.006693315505981445e+01 1.480302047729492188e+01 1.400603771209716797e+01
1.647124204635620117e+02 5.112519121170043945e+01 1.514489173889160156e+01 1.458794307708740234e+01
1.629008188247680664e+02 5.191681241989135742e+01 1.835436439514160156e+01 1.543044376373291016e+01
1.625983791351318359e+02 5.308820056915283203e+01 1.706982421875000000e+01 1.661081504821777344e+01
1.583919353485107422e+02 5.666800689697265625e+01 1.804012298583984375e+01 1.717385864257812500e+01
1.604536175727844238e+02 5.362268543243408203e+01 1.489853954315185547e+01 1.532056236267089844e+01
1.593881540298461914e+02 5.399679470062255859e+01 1.577584648132324219e+01 1.549908256530761719e+01
1.577320585250854492e+02 5.491258478164672852e+01 1.559181404113769531e+01 1.567681026458740234e+01
1.569374551773071289e+02 5.562044668197631836e+01 1.567721748352050781e+01 1.546857547760009766e+01
1.561287560462951660e+02 5.552581691741943359e+01 1.566017436981201172e+01 1.560702705383300781e+01
1.552327055931091309e+02 5.624040937423706055e+01 1.573862934112548828e+01 1.573491764068603516e+01
1.531724448204040527e+02 5.630962276458740234e+01 1.588124179840087891e+01 1.621457481384277344e+01
1.520222587585449219e+02 5.739734983444213867e+01 1.611304092407226562e+01 1.585345935821533203e+01
1.514065341949462891e+02 5.808516407012939453e+01 1.596018218994140625e+01 1.578996467590332031e+01
1.505830001831054688e+02 5.824693584442138672e+01 1.598442840576171875e+01 1.603136253356933594e+01
1.491261444091796875e+02 5.850022315979003906e+01 1.627000808715820312e+01 1.610191345214843750e+01
1.477127075195312500e+02 5.944049263000488281e+01 1.635352706909179688e+01 1.587685394287109375e+01
1.471550693511962891e+02 5.971249008178710938e+01 1.629779052734375000e+01 1.608365249633789062e+01
1.455933780670166016e+02 6.062566089630126953e+01 1.651942825317382812e+01 1.641784095764160156e+01
1.447101917266845703e+02 6.065792274475097656e+01 1.618141937255859375e+01 1.610768890380859375e+01
1.438438415527343750e+02 6.161564922332763672e+01 1.676261520385742188e+01 1.638551139831542969e+01
1.423577404022216797e+02 6.224303817749023438e+01 1.658548736572265625e+01 1.628201675415039062e+01
1.413701238632202148e+02 6.293872928619384766e+01 1.638701057434082031e+01 1.627831459045410156e+01
1.402444896697998047e+02 6.286146068572998047e+01 1.632528686523437500e+01 1.634188652038574219e+01
1.396090946197509766e+02 6.347687721252441406e+01 1.672581481933593750e+01 1.626487731933593750e+01
1.384740524291992188e+02 6.326705741882324219e+01 1.643445205688476562e+01 1.621825408935546875e+01
1.369157228469848633e+02 6.471625423431396484e+01 1.669566917419433594e+01 1.637885856628417969e+01
1.361214666366577148e+02 6.522640991210937500e+01 1.649359321594238281e+01 1.632243728637695312e+01
1.355419921875000000e+02 6.562305068969726562e+01 1.654060363769531250e+01 1.617170333862304688e+01
1.340457592010498047e+02 6.511269760131835938e+01 1.644582748413085938e+01 1.628790664672851562e+01
1.333779039382934570e+02 6.640335464477539062e+01 1.674567985534667969e+01 1.624370193481445312e+01
1.319223890304565430e+02 6.591627216339111328e+01 1.671185493469238281e+01 1.650364112854003906e+01
1.308483800888061523e+02 6.686073493957519531e+01 1.689701271057128906e+01 1.644126892089843750e+01
1.299836082458496094e+02 6.706578540802001953e+01 1.661831665039062500e+01 1.650331306457519531e+01
1.289640092849731445e+02 6.783613967895507812e+01 1.681200218200683594e+01 1.645519638061523438e+01
1.280389537811279297e+02 6.791065025329589844e+01 1.666339492797851562e+01 1.651319885253906250e+01
1.270505828857421875e+02 6.854102897644042969e+01 1.674903106689453125e+01 1.637704467773437500e+01
1.259638662338256836e+02 6.963564968109130859e+01 1.677176856994628906e+01 1.645570945739746094e+01
1.250717144012451172e+02 7.010267829895019531e+01 1.670090103149414062e+01 1.652966308593750000e+01
1.243412418365478516e+02 6.984115123748779297e+01 1.650238418579101562e+01 1.682050132751464844e+01
1.233093090057373047e+02 7.031994342803955078e+01 1.683191299438476562e+01 1.677503395080566406e+01
1.217861394882202148e+02 7.062540817260742188e+01 1.701841926574707031e+01 1.670210647583007812e+01
1.045640621185302734e+02 6.069746208190917969e+01 4.620131301879882812e+01 4.210238647460937500e+01
3.935523986816406250e+01 0.000000000000000000e+00 1.449342346191406250e+02 9.780003166198730469e+01
0.000000000000000000e+00 0.000000000000000000e+00 2.780722808837890625e+02 1.273990850448608398e+02
0.000000000000000000e+00 0.000000000000000000e+00 4.057881698608398438e+02 2.720000000000000000e+02
0.000000000000000000e+00 0.000000000000000000e+00 5.120000000000000000e+02 2.720000000000000000e+02
1.063671875000000000e+01 0.000000000000000000e+00 5.013632812500000000e+02 2.720000000000000000e+02
1.894592285156250000e+01 0.000000000000000000e+00 4.930540771484375000e+02 2.720000000000000000e+02
9.851074218750000000e-02 0.000000000000000000e+00 5.119014892578125000e+02 2.720000000000000000e+02
0.000000000000000000e+00 0.000000000000000000e+00 5.120000000000000000e+02 2.720000000000000000e+02
1.765548706054687500e+01 0.000000000000000000e+00 4.943445129394531250e+02 2.720000000000000000e+02
0.000000000000000000e+00 0.000000000000000000e+00 5.120000000000000000e+02 2.720000000000000000e+02
2.035739135742187500e+01 0.000000000000000000e+00 4.916426086425781250e+02 2.720000000000000000e+02
0.000000000000000000e+00 0.000000000000000000e+00 5.120000000000000000e+02 2.720000000000000000e+02
1.405020141601562500e+01 0.000000000000000000e+00 4.979497985839843750e+02 2.720000000000000000e+02
4.499830627441406250e+01 0.000000000000000000e+00 3.948796386718750000e+02 2.720000000000000000e+02
0.000000000000000000e+00 0.000000000000000000e+00 5.120000000000000000e+02 2.720000000000000000e+02
6.991577148437500000e-01 0.000000000000000000e+00 5.113008422851562500e+02 2.720000000000000000e+02
2.688540649414062500e+01 0.000000000000000000e+00 4.851145935058593750e+02 2.720000000000000000e+02
2.314198303222656250e+01 0.000000000000000000e+00 4.888580169677734375e+02 2.720000000000000000e+02
7.482276916503906250e+00 0.000000000000000000e+00 5.045177230834960938e+02 2.720000000000000000e+02
2.016334915161132812e+01 0.000000000000000000e+00 4.918366508483886719e+02 2.720000000000000000e+02
0.000000000000000000e+00 0.000000000000000000e+00 5.120000000000000000e+02 2.720000000000000000e+02
1.682980346679687500e+01 0.000000000000000000e+00 4.951701965332031250e+02 2.720000000000000000e+02
0.000000000000000000e+00 0.000000000000000000e+00 5.120000000000000000e+02 2.720000000000000000e+02
3.330648803710937500e+01 0.000000000000000000e+00 4.786935119628906250e+02 2.720000000000000000e+02
0.000000000000000000e+00 0.000000000000000000e+00 4.759962158203125000e+02 2.720000000000000000e+02
5.757022094726562500e+01 0.000000000000000000e+00 4.544297790527343750e+02 2.720000000000000000e+02
9.353622436523437500e+00 9.977874755859375000e+00 4.942427368164062500e+02 2.620221252441406250e+02
2.649424743652343750e+01 4.410198974609375000e+01 3.639616088867187500e+02 2.278980102539062500e+02
4.912515258789062500e+01 3.910112762451171875e+01 3.184696960449218750e+02 2.328988723754882812e+02
4.812879943847656250e+01 3.327798080444335938e+01 3.107392578125000000e+02 2.387220191955566406e+02
5.193008422851562500e+01 3.653586387634277344e+01 3.017710876464843750e+02 2.354641361236572266e+02
6.023332214355468750e+01 2.826928997039794922e+01 2.922907104492187500e+02 2.437307100296020508e+02
6.975624084472656250e+01 1.746637105941772461e+01 2.792531738281250000e+02 2.545336289405822754e+02
6.535311889648437500e+01 2.583635783195495605e+01 2.661324157714843750e+02 2.457008819580078125e+02
5.431378173828125000e+01 2.697901988029479980e+01 2.807388000488281250e+02 2.428341369628906250e+02
4.918370056152343750e+01 2.380974650382995605e+01 2.938259887695312500e+02 2.481902534961700439e+02
6.420878601074218750e+01 1.887282216548919678e+01 2.936760864257812500e+02 2.531271778345108032e+02
1.942785644531250000e+01 4.272770899534225464e+01 3.059074401855468750e+02 2.292722910046577454e+02
1.713229370117187500e+01 4.986261090636253357e+01 3.167872619628906250e+02 2.221373890936374664e+02
1.708084106445312500e+01 6.746166281402111053e+01 3.157623596191406250e+02 2.045383371859788895e+02
2.772798156738286934e+01 6.967947032302623711e+01 3.164087524414062500e+02 2.023205296769737629e+02
3.060609436035156250e+01 6.863699926063418388e+01 3.005170288085937500e+02 2.033630007393658161e+02
3.776701354980468750e+01 7.181639391742646694e+01 2.989296875000000000e+02 1.986436767578125000e+02
3.983642578125000000e+01 7.771873003803193569e+01 2.902016296386718750e+02 1.932212066650390625e+02
2.695317077636713066e+01 6.805082232318812885e+01 3.000490112304687500e+02 1.997039337158203125e+02
3.082673645019531250e+01 6.035321337543427944e+01 3.139158935546875000e+02 2.115672302246093750e+02
5.308427429199218750e+01 7.153013140521943569e+01 2.893267211914062500e+02 2.004698685947805643e+02
5.850056457519531250e+01 8.973865273874253035e+01 2.740893554687500000e+02 1.822613472612574697e+02
8.153625488281244316e+01 3.720756031712511458e+01 2.484548645019531250e+02 2.236957855224609375e+02
3.264361572265619316e+01 6.693892933567980208e+01 2.984425964355468750e+02 2.050610706643201979e+02
3.048786926269525566e+01 7.775218714098446071e+01 3.009935302734375000e+02 1.932377166748046875e+02
2.201695251464838066e+01 5.742219293932430446e+01 3.158749389648437500e+02 2.111746826171875000e+02
2.772360229492181816e+01 8.073183954576961696e+01 3.064109802246093750e+02 1.912681604542303830e+02
3.411834716796863631e+01 7.613558835198631414e+01 3.106749572753906250e+02 1.928135681152343750e+02
2.734582519531238631e+01 0.000000000000000000e+00 4.679243469238281250e+02 2.720000000000000000e+02
1.007939147949207381e+01 0.000000000000000000e+00 4.986665649414062500e+02 2.720000000000000000e+02
0.000000000000000000e+00 0.000000000000000000e+00 5.120000000000000000e+02 2.720000000000000000e+02
6.274169921875000000e+00 0.000000000000000000e+00 5.057258300781250000e+02 2.720000000000000000e+02
0.000000000000000000e+00 0.000000000000000000e+00 5.118170471191406250e+02 2.720000000000000000e+02
2.366831970214843750e+01 0.000000000000000000e+00 4.883316802978515625e+02 2.720000000000000000e+02
2.454531097412109375e+01 0.000000000000000000e+00 4.874546890258789062e+02 2.720000000000000000e+02
1.834636688232421875e+00 0.000000000000000000e+00 5.101653633117675781e+02 2.720000000000000000e+02
2.967528343200683594e+01 0.000000000000000000e+00 4.823247165679931641e+02 2.720000000000000000e+02
1.561231613159179688e-01 0.000000000000000000e+00 5.118438768386840820e+02 2.720000000000000000e+02
2.194213628768920898e+01 0.000000000000000000e+00 4.900578637123107910e+02 2.720000000000000000e+02
0.000000000000000000e+00 0.000000000000000000e+00 5.120000000000000000e+02 2.720000000000000000e+02
2.184494018554687500e+01 0.000000000000000000e+00 4.901550598144531250e+02 2.720000000000000000e+02
0.000000000000000000e+00 0.000000000000000000e+00 5.120000000000000000e+02 2.720000000000000000e+02
4.535083007812500000e+01 0.000000000000000000e+00 4.666491699218750000e+02 2.720000000000000000e+02
4.959899902343750000e+01 0.000000000000000000e+00 4.624010009765625000e+02 2.720000000000000000e+02
5.880422973632812500e+01 0.000000000000000000e+00 4.531957702636718750e+02 2.720000000000000000e+02
6.371479797363281250e+01 0.000000000000000000e+00 4.482852020263671875e+02 2.720000000000000000e+02
3.614969635009765625e+01 0.000000000000000000e+00 4.758503036499023438e+02 2.720000000000000000e+02
1.602322769165039062e+01 0.000000000000000000e+00 4.950447692871093750e+02 2.720000000000000000e+02
2.144664382934570312e+01 0.000000000000000000e+00 4.905533561706542969e+02 2.720000000000000000e+02
0.000000000000000000e+00 0.000000000000000000e+00 5.120000000000000000e+02 2.720000000000000000e+02
3.739801025390625000e+01 0.000000000000000000e+00 4.746019897460937500e+02 2.720000000000000000e+02
1.430857849121093750e+01 2.851532745361328125e+01 4.465052185058593750e+02 2.378336029052734375e+02
4.335652160644531250e+01 3.257739257812500000e+01 4.172718811035156250e+02 2.383688964843750000e+02
7.324371337890625000e+00 6.906506347656250000e+01 3.341278076171875000e+02 2.029349365234375000e+02
2.411579895019531250e+01 6.163816070556640625e+01 3.166710510253906250e+02 2.103618392944335938e+02
2.362112426757812500e+01 7.659032058715820312e+01 3.110958251953125000e+02 1.954096794128417969e+02
3.908999633789068184e+01 4.955181312561040841e+01 3.037607421875000000e+02 2.106232299804687500e+02
2.322892761230468750e+01 2.220265388488769531e+01 3.000340270996093750e+02 2.473938140869140625e+02
3.286949157714843750e+01 3.214196968078613281e+01 3.023735046386718750e+02 2.356927947998046875e+02
3.503034973144531250e+01 1.712723731994628906e+01 2.974415588378906250e+02 2.548727626800537109e+02
3.080187988281250000e+01 2.558710193634033203e+01 3.126675415039062500e+02 2.424568176269531250e+02
3.919528198242187500e+01 2.814206409454345703e+01 3.128419189453125000e+02 2.431764831542968750e+02
5.175073242187500000e+01 2.369992542266845703e+01 2.928526000976562500e+02 2.439371032714843750e+02
6.054437255859375000e+01 2.548821735382080078e+01 2.828800659179687500e+02 2.426145477294921875e+02
4.497993469238281250e+01 1.812942981719970703e+01 2.876413269042968750e+02 2.522190856933593750e+02
3.744674682617187500e+01 4.327489948272705078e+01 3.158053588867187500e+02 2.287251005172729492e+02
3.792277526855468750e+01 3.028044748306274414e+01 3.185234680175781250e+02 2.417195525169372559e+02
5.390235900878906250e+01 2.173010563850402832e+01 2.997347106933593750e+02 2.471873016357421875e+02
4.380499267578125000e+01 3.640092778205871582e+01 3.085714111328125000e+02 2.355990722179412842e+02
5.169752502441406250e+01 2.399556124210357666e+01 3.017337341308593750e+02 2.480044387578964233e+02
6.589546203613281250e+01 2.598683243989944458e+01 2.858529968261718750e+02 2.449501190185546875e+02
2.484587097167968750e+01 3.255818253755569458e+01 3.212739562988281250e+02 2.394418174624443054e+02
3.660021972656250000e+01 4.474042549729347229e+01 3.173753662109375000e+02 2.272595745027065277e+02
4.053335571289062500e+01 2.709222812950611115e+01 3.237098999023437500e+02 2.449077718704938889e+02
5.068151855468750000e+01 2.441341600567102432e+01 3.011218261718750000e+02 2.452843170166015625e+02
6.145587158203125000e+01 2.298439226299524307e+01 2.797536621093750000e+02 2.464399719238281250e+02
4.092369079589843750e+01 2.499257097393274307e+01 2.957300109863281250e+02 2.446981506347656250e+02
5.724819946289062500e+01 3.160273943096399307e+01 3.165772094726562500e+02 2.403972605690360069e+02
2.781018066406250000e+01 1.559755806997418404e+01 2.713794555664062500e+02 2.504988098144531250e+02
1.393681335449218750e+01 7.289888100698590279e+01 3.173132019042968750e+02 1.991011189930140972e+02
2.199627685546869316e+01 6.786683704890305080e+01 3.123807983398437500e+02 2.025105438232421875e+02
3.552516174316400566e+01 4.473412373103195705e+01 3.264761047363281250e+02 2.272658762689680430e+02
1.343179321289056816e+01 0.000000000000000000e+00 4.985682067871094318e+02 2.720000000000000000e+02
0.000000000000000000e+00 0.000000000000000000e+00 5.067093048095701988e+02 2.720000000000000000e+02
0.000000000000000000e+00 0.000000000000000000e+00 5.120000000000000000e+02 2.720000000000000000e+02
0.000000000000000000e+00 0.000000000000000000e+00 5.120000000000000000e+02 2.720000000000000000e+02
1.697665405273437500e+01 0.000000000000000000e+00 4.950233459472656250e+02 2.720000000000000000e+02
0.000000000000000000e+00 0.000000000000000000e+00 5.120000000000000000e+02 2.720000000000000000e+02
1.403146362304687500e+01 0.000000000000000000e+00 4.979685363769531250e+02 2.720000000000000000e+02
4.767338562011718750e+01 0.000000000000000000e+00 3.927786865234375000e+02 2.720000000000000000e+02
0.000000000000000000e+00 0.000000000000000000e+00 5.120000000000000000e+02 2.720000000000000000e+02
2.967617797851562500e+01 0.000000000000000000e+00 4.823238220214843750e+02 2.720000000000000000e+02
5.479751586914062500e+00 0.000000000000000000e+00 5.065202484130859375e+02 2.720000000000000000e+02
0.000000000000000000e+00 0.000000000000000000e+00 5.120000000000000000e+02 2.720000000000000000e+02
1.069998168945312500e+01 0.000000000000000000e+00 5.013000183105468750e+02 2.720000000000000000e+02
6.483799743652343750e+01 0.000000000000000000e+00 4.324135131835937500e+02 2.720000000000000000e+02
5.448370361328125000e+01 0.000000000000000000e+00 4.575162963867187500e+02 2.720000000000000000e+02
9.281341552734375000e+00 0.000000000000000000e+00 5.027186584472656250e+02 2.720000000000000000e+02
2.954716491699218750e+01 0.000000000000000000e+00 4.824528350830078125e+02 2.720000000000000000e+02
0.000000000000000000e+00 0.000000000000000000e+00 5.120000000000000000e+02 2.720000000000000000e+02
0.000000000000000000e+00 0.000000000000000000e+00 5.120000000000000000e+02 2.720000000000000000e+02
0.000000000000000000e+00 0.000000000000000000e+00 5.120000000000000000e+02 2.720000000000000000e+02
4.511483764648437500e+01 0.000000000000000000e+00 4.668851623535156250e+02 2.720000000000000000e+02
2.473622131347656250e+01 4.879237365722656250e+01 3.622754516601562500e+02 2.194899597167968750e+02
3.473683166503906250e+01 4.524906158447265625e+01 3.306441040039062500e+02 2.267509384155273438e+02
3.944300842285156250e+01 5.137215042114257812e+01 3.047699584960937500e+02 2.206278495788574219e+02
4.677525329589843750e+01 6.668966102600097656e+01 3.207770996093750000e+02 2.053103389739990234e+02
4.076844787597656250e+01 8.572115802764892578e+01 2.967067260742187500e+02 1.862788419723510742e+02
2.237792968750000000e+01 7.512053537368774414e+01 3.114112854003906250e+02 1.957985076904296875e+02
2.961524963378906250e+01 6.764310312271118164e+01 3.105617675781250000e+02 2.012062530517578125e+02
3.508798217773437500e+01 7.788174295425415039e+01 3.002776184082031250e+02 1.941182570457458496e+02
2.051855468750005684e+01 6.657197499275213204e+01 3.094309997558593750e+02 2.032807617187500000e+02
2.901889038085943184e+01 7.343332600593572579e+01 3.142788391113281250e+02 1.985666739940642742e+02
3.112646484375005684e+01 8.282311594486236572e+01 2.994441223144531250e+02 1.887324676513671875e+02
3.397499084472661934e+01 6.258802378177642822e+01 3.037067260742187500e+02 2.048313140869140625e+02
2.484265136718750000e+01 6.159756815433496513e+01 3.091230163574218750e+02 2.104024318456650349e+02
1.812100219726562500e+01 6.722784596681594849e+01 3.092613830566406250e+02 2.047721540331840515e+02
2.495242309570312500e+01 5.387887659668922424e+01 3.177190246582031250e+02 2.181211234033107758e+02
1.937142944335937500e+01 8.349432416260242462e+01 3.104717102050781250e+02 1.885056758373975754e+02
2.397413635253906250e+01 6.764054129272699356e+01 3.151080322265625000e+02 2.043594587072730064e+02
3.504928588867187500e+01 6.494817744567990303e+01 3.089580993652343750e+02 2.070518225543200970e+02
2.919178771972650566e+01 7.825876432098442592e+01 3.022814941406250000e+02 1.937412356790155741e+02
3.261541748046863631e+01 5.812337782699603395e+01 3.038134460449218750e+02 2.046685028076171875e+02
3.295486450195295447e+01 5.669246962387097710e+01 3.062787170410156250e+02 2.153075303761290229e+02
2.813586425781232947e+01 6.816023017326358513e+01 3.112972717285156250e+02 2.038397698267364149e+02
3.812625122070295447e+01 6.530580020626069881e+01 3.076877136230468750e+02 2.066941997937393012e+02
3.875111389160139197e+01 6.980206239561084658e+01 2.940122680664062500e+02 2.021979376043891534e+02
2.323831176757795447e+01 7.713381928374292329e+01 3.041504211425781250e+02 1.935534057617187500e+02
2.606384277343732947e+01 6.235823792387964204e+01 3.094326477050781250e+02 2.096417620761203580e+02
2.236531066894508513e+01 6.427688965285773293e+01 3.086508789062500000e+02 2.077231103471422671e+02
3.178547668457002828e+01 6.356128113013971870e+01 3.183601074218750000e+02 2.084387188698602813e+02
3.767172241210909078e+01 8.271112915149564060e+01 3.052685241699218750e+02 1.892888708485043594e+02
1.551127624511690328e+01 8.305948303277909872e+01 3.091456298828125000e+02 1.889405169672209013e+02
2.092089843749977263e+01 8.072132324246382495e+01 3.139817199707031250e+02 1.912786767575361750e+02
2.629617309570295447e+01 4.890836822523590399e+01 3.169237976074218750e+02 2.148931121826171875e+02
2.794194030761701697e+01 2.912630188002106024e+01 3.106347045898437500e+02 2.428736981199789398e+02
3.577874755859357947e+01 2.956671386725662387e+01 3.163916320800781250e+02 2.417409210205078125e+02
4.601121520996076697e+01 2.128842407233474887e+01 3.051447143554687500e+02 2.467550201416015625e+02
5.666651916503889197e+01 2.569929748542068637e+01 2.966879882812500000e+02 2.426377410888671875e+02
4.624433898925764197e+01 2.353719573981521762e+01 2.991501464843750000e+02 2.484628042601847824e+02
5.173718261718732947e+01 2.556255844119664289e+01 2.949183654785156250e+02 2.445028991699218750e+02
4.176986694335920447e+01 2.870894363406773664e+01 3.028014831542968750e+02 2.392500457763671875e+02
4.731129455566389197e+01 3.007267501834508039e+01 3.002552490234375000e+02 2.395495605468750000e+02
4.881051635742170447e+01 3.133287551883336164e+01 2.942236022949218750e+02 2.392443695068359375e+02
