4.800000000000000000e+02 1.710000000000000000e+02 1.500000000000000000e+01 9.000000000000000000e+00
4.790189671516418457e+02 1.702809324264526367e+02 1.569413661956787109e+01 1.107159233093261719e+01
4.785290808677673340e+02 1.702461118698120117e+02 1.597930240631103516e+01 1.184671974182128906e+01
4.763791623115539551e+02 1.702653660774230957e+02 1.505860424041748047e+01 1.067770290374755859e+01
4.763647441864013672e+02 1.701455502510070801e+02 1.627132797241210938e+01 1.104596233367919922e+01
4.739632081985473633e+02 1.700349779129028320e+02 1.696873283386230469e+01 1.101263999938964844e+01
4.733001403808593750e+02 1.705741705894470215e+02 1.689440917968750000e+01 1.032391452789306641e+01
4.727128124237060547e+02 1.703323416709899902e+02 1.687308502197265625e+01 1.099075794219970703e+01
4.712585620880126953e+02 1.699899234771728516e+02 1.630439758300781250e+01 1.151307296752929688e+01
4.708093585968017578e+02 1.696478190422058105e+02 1.617526245117187500e+01 1.183908176422119141e+01
4.695572071075439453e+02 1.691526098251342773e+02 1.663928222656250000e+01 1.090267372131347656e+01
4.688149662017822266e+02 1.697884917259216309e+02 1.627919387817382812e+01 1.063116931915283203e+01
4.683118276596069336e+02 1.697686109542846680e+02 1.669404792785644531e+01 1.021695518493652344e+01
4.670207958221435547e+02 1.704168367385864258e+02 1.656081771850585938e+01 1.065801811218261719e+01
4.663608088493347168e+02 1.691430292129516602e+02 1.591523075103759766e+01 1.034560966491699219e+01
4.652839498519897461e+02 1.695814175605773926e+02 1.615028953552246094e+01 1.120041179656982422e+01
4.645965080261230469e+02 1.695444231033325195e+02 1.622453308105468750e+01 1.094981956481933594e+01
4.630974235534667969e+02 1.697532377243041992e+02 1.601019287109375000e+01 1.069109535217285156e+01
4.617422103881835938e+02 1.692792696952819824e+02 1.675154113769531250e+01 1.072559452056884766e+01
4.612363910675048828e+02 1.698046655654907227e+02 1.638379287719726562e+01 1.000000000000000000e+01
4.605531778335571289e+02 1.692203779220581055e+02 1.628623390197753906e+01 1.107614135742187500e+01
4.590249357223510742e+02 1.690797996520996094e+02 1.615416145324707031e+01 1.069598579406738281e+01
4.577665872573852539e+02 1.688987684249877930e+02 1.570819282531738281e+01 1.144101333618164062e+01
4.571897668838500977e+02 1.686376562118530273e+02 1.629187965393066406e+01 1.057553863525390625e+01
4.563777194023132324e+02 1.697688131332397461e+02 1.542284107208251953e+01 1.076337432861328125e+01
4.557263870239257812e+02 1.695311579704284668e+02 1.625780487060546875e+01 1.000000000000000000e+01
4.543833017349243164e+02 1.691000504493713379e+02 1.659467124938964844e+01 1.002478981018066406e+01
4.535449051856994629e+02 1.693843441009521484e+02 1.598930644989013672e+01 1.054484462738037109e+01
4.521914777755737305e+02 1.684782857894897461e+02 1.575869560241699219e+01 1.075291538238525391e+01
4.517377772331237793e+02 1.691357860565185547e+02 1.519086933135986328e+01 1.060471630096435547e+01
4.509620099067687988e+02 1.680964798927307129e+02 1.562890529632568359e+01 1.107404136657714844e+01
4.504500708580017090e+02 1.682348780632019043e+02 1.539482975006103516e+01 1.149734115600585938e+01
4.497463002204895020e+02 1.687125124931335449e+02 1.500030040740966797e+01 1.075174713134765625e+01
4.487559328079223633e+02 1.683868498802185059e+02 1.451101112365722656e+01 1.027579879760742188e+01
4.476639399528503418e+02 1.687561516761779785e+02 1.434877490997314453e+01 1.126857948303222656e+01
4.475619678497314453e+02 1.679642806053161621e+02 1.428196716308593750e+01 1.104748916625976562e+01
4.464491815567016602e+02 1.679603524208068848e+02 1.434824562072753906e+01 1.062601280212402344e+01
4.453001942634582520e+02 1.682169194221496582e+02 1.359371852874755859e+01 1.099319648742675781e+01
4.443388423919677734e+02 1.682448792457580566e+02 1.404161071777343750e+01 1.038838768005371094e+01
4.438424539566040039e+02 1.676355652809143066e+02 1.440423011779785156e+01 1.034253501892089844e+01
4.428338108062744141e+02 1.681887841224670410e+02 1.401679611206054688e+01 1.044592475891113281e+01
4.428916387557983398e+02 1.671081628799438477e+02 1.397856712341308594e+01 1.072709369659423828e+01
4.423562073707580566e+02 1.674582533836364746e+02 1.289983272552490234e+01 1.068668746948242188e+01
4.417631635665893555e+02 1.672074913978576660e+02 1.261774253845214844e+01 1.123596382141113281e+01
4.407422819137573242e+02 1.666029849052429199e+02 1.239049339294433594e+01 1.194475555419921875e+01
4.404043078422546387e+02 1.665274786949157715e+02 1.309493350982666016e+01 1.124140167236328125e+01
4.395643095970153809e+02 1.664212398529052734e+02 1.225051975250244141e+01 1.122759914398193359e+01
4.385732665061950684e+02 1.662293610572814941e+02 1.260670566558837891e+01 1.066271400451660156e+01
4.384718551635742188e+02 1.662676167488098145e+02 1.215202331542968750e+01 1.055170631408691406e+01
4.372155871391296387e+02 1.661208829879760742e+02 1.188663959503173828e+01 1.117958164215087891e+01
4.365993776321411133e+02 1.657623758316040039e+02 1.209257316589355469e+01 1.121946048736572266e+01
4.372583088874816895e+02 1.658161897659301758e+02 1.172558879852294922e+01 1.052048969268798828e+01
4.357974553108215332e+02 1.655040311813354492e+02 1.194964122772216797e+01 1.062846088409423828e+01
4.351480798721313477e+02 1.662237768173217773e+02 1.192989158630371094e+01 1.000000000000000000e+01
4.354277257919311523e+02 1.661637849807739258e+02 1.236137580871582031e+01 1.006693267822265625e+01
4.351146874427795410e+02 1.650820698738098145e+02 1.200467586517333984e+01 1.032313632965087891e+01
4.337672634124755859e+02 1.654108176231384277e+02 1.169713211059570312e+01 1.000000000000000000e+01
4.333743529319763184e+02 1.656713318824768066e+02 1.163515567779541016e+01 1.016535377502441406e+01
4.333965911865234375e+02 1.651775279045104980e+02 1.091097259521484375e+01 1.000000000000000000e+01
4.332895708084106445e+02 1.658207111358642578e+02 1.102285194396972656e+01 1.000000000000000000e+01
4.324962196350097656e+02 1.655043916702270508e+02 1.108838272094726562e+01 1.000000000000000000e+01
4.315532507896423340e+02 1.655660552978515625e+02 1.168309497833251953e+01 1.003823280334472656e+01
4.308522720336914062e+02 1.644077615737915039e+02 1.271999740600585938e+01 1.047192001342773438e+01
4.308879995346069336e+02 1.647163429260253906e+02 1.157840538024902344e+01 1.000000000000000000e+01
4.300474815368652344e+02 1.642955751419067383e+02 1.197362518310546875e+01 1.000000000000000000e+01
4.299789972305297852e+02 1.650102181434631348e+02 1.186779594421386719e+01 1.000000000000000000e+01
4.290638775825500488e+02 1.648533916473388672e+02 1.241172695159912109e+01 1.000000000000000000e+01
4.286516237258911133e+02 1.652353558540344238e+02 1.238084220886230469e+01 1.000000000000000000e+01
4.285689496994018555e+02 1.639621915817260742e+02 1.324631690979003906e+01 1.000000000000000000e+01
4.271314821243286133e+02 1.646320843696594238e+02 1.273027610778808594e+01 1.000000000000000000e+01
4.282009792327880859e+02 1.634391908645629883e+02 1.204607009887695312e+01 1.000000000000000000e+01
4.276055378913879395e+02 1.641826548576354980e+02 1.110491085052490234e+01 1.000000000000000000e+01
4.267162494659423828e+02 1.631501336097717285e+02 1.184522247314453125e+01 1.000000000000000000e+01
4.259805731773376465e+02 1.638208589553833008e+02 1.165622043609619141e+01 1.000000000000000000e+01
4.252912368774414062e+02 1.635629453659057617e+02 1.206577682495117188e+01 1.010008239746093750e+01
4.249699602127075195e+02 1.638041758537292480e+02 1.213622474670410156e+01 1.000000000000000000e+01
4.243894200325012207e+02 1.631282248497009277e+02 1.156849193572998047e+01 1.000000000000000000e+01
4.246863722801208496e+02 1.631120367050170898e+02 1.197176837921142578e+01 1.013772296905517578e+01
4.242172365188598633e+02 1.627634611129760742e+02 1.145843696594238281e+01 1.000000000000000000e+01
4.241759619712829590e+02 1.634588050842285156e+02 1.192719364166259766e+01 1.000000000000000000e+01
4.234511723518371582e+02 1.633384885787963867e+02 1.131815624237060547e+01 1.000000000000000000e+01
4.220418314933776855e+02 1.626595091819763184e+02 1.220068073272705078e+01 1.042775249481201172e+01
4.226494355201721191e+02 1.624063477516174316e+02 1.241579341888427734e+01 1.000000000000000000e+01
4.220354232788085938e+02 1.626583781242370605e+02 1.167459106445312500e+01 1.000000000000000000e+01
4.216422767639160156e+02 1.612557897567749023e+02 1.150416183471679688e+01 1.022169208526611328e+01
4.220324850082397461e+02 1.624234137535095215e+02 1.131772422790527344e+01 1.000000000000000000e+01
4.210615706443786621e+02 1.617947468757629395e+02 1.157274723052978516e+01 1.000000000000000000e+01
4.200723381042480469e+02 1.620286936759948730e+02 1.205850982666015625e+01 1.000000000000000000e+01
4.200119171142578125e+02 1.617142205238342285e+02 1.225229644775390625e+01 1.000000000000000000e+01
4.191534700393676758e+02 1.621981654167175293e+02 1.140440559387207031e+01 1.000000000000000000e+01
4.197131009101867676e+02 1.609783086776733398e+02 1.143683147430419922e+01 1.000000000000000000e+01
4.190475525856018066e+02 1.621899099349975586e+02 1.113284206390380859e+01 1.000000000000000000e+01
4.186629018783569336e+02 1.606464767456054688e+02 1.158598518371582031e+01 1.000000000000000000e+01
4.186397600173950195e+02 1.614752922058105469e+02 1.157620429992675781e+01 1.000000000000000000e+01
4.185485529899597168e+02 1.623986158370971680e+02 1.169994068145751953e+01 1.000000000000000000e+01
4.175187420845031738e+02 1.612793979644775391e+02 1.277255916595458984e+01 1.000000000000000000e+01
4.164007678031921387e+02 1.611908450126647949e+02 1.292552280426025391e+01 1.000000000000000000e+01
4.173733887672424316e+02 1.605223903656005859e+02 1.201808452606201172e+01 1.000000000000000000e+01
4.166462836265563965e+02 1.598331565856933594e+02 1.250550174713134766e+01 1.000000000000000000e+01
4.168634591102600098e+02 1.607068023681640625e+02 1.091076564788818359e+01 1.000000000000000000e+01
4.171897993087768555e+02 1.594553642272949219e+02 1.099575233459472656e+01 1.000000000000000000e+01
4.152745552062988281e+02 1.608855671882629395e+02 1.179480743408203125e+01 1.000000000000000000e+01
4.156538753509521484e+02 1.600937328338623047e+02 1.191349029541015625e+01 1.000000000000000000e+01
4.134763407707214355e+02 1.597672533988952637e+02 1.267833423614501953e+01 1.000634479522705078e+01
4.142156820297241211e+02 1.590630269050598145e+02 1.271734428405761719e+01 1.000000000000000000e+01
4.137461991310119629e+02 1.600417270660400391e+02 1.161211681365966797e+01 1.000000000000000000e+01
4.135363221168518066e+02 1.592700834274291992e+02 1.216548824310302734e+01 1.000000000000000000e+01
4.133304643630981445e+02 1.596298680305480957e+02 1.235663795471191406e+01 1.000000000000000000e+01
4.129570026397705078e+02 1.598722090721130371e+02 1.202564239501953125e+01 1.000000000000000000e+01
4.131002516746520996e+02 1.586587858200073242e+02 1.170115756988525391e+01 1.000000000000000000e+01
4.122371520996093750e+02 1.582179293632507324e+02 1.225049591064453125e+01 1.000000000000000000e+01
4.121338491439819336e+02 1.585088572502136230e+02 1.145308876037597656e+01 1.000000000000000000e+01
4.125934929847717285e+02 1.589918880462646484e+02 1.133713054656982422e+01 1.000000000000000000e+01
4.112993702888488770e+02 1.591841630935668945e+02 1.172288799285888672e+01 1.000000000000000000e+01
4.121667404174804688e+02 1.586331768035888672e+02 1.098756408691406250e+01 1.000000000000000000e+01
4.107700705528259277e+02 1.575857896804809570e+02 1.168489551544189453e+01 1.000000000000000000e+01
4.105797777175903320e+02 1.576694202423095703e+02 1.154425621032714844e+01 1.000000000000000000e+01
4.114231772422790527e+02 1.580342888832092285e+02 1.051197910308837891e+01 1.000000000000000000e+01
4.103448534011840820e+02 1.573943266868591309e+02 1.167732429504394531e+01 1.000000000000000000e+01
4.105821809768676758e+02 1.581832480430603027e+02 1.128787422180175781e+01 1.000000000000000000e+01
4.096851024627685547e+02 1.574682922363281250e+02 1.163659667968750000e+01 1.000000000000000000e+01
4.101501526832580566e+02 1.585724601745605469e+02 1.086445140838623047e+01 1.000000000000000000e+01
4.086309604644775391e+02 1.569006485939025879e+02 1.188629531860351562e+01 1.000000000000000000e+01
4.091260061264038086e+02 1.571125888824462891e+02 1.191283988952636719e+01 1.000000000000000000e+01
4.092158770561218262e+02 1.569035344123840332e+02 1.124588489532470703e+01 1.000000000000000000e+01
4.091866345405578613e+02 1.575738615989685059e+02 1.164989376068115234e+01 1.000000000000000000e+01
4.087344613075256348e+02 1.564498944282531738e+02 1.068866634368896484e+01 1.000000000000000000e+01
4.084187250137329102e+02 1.568084559440612793e+02 1.146460533142089844e+01 1.000000000000000000e+01
4.082061653137207031e+02 1.565244541168212891e+02 1.115200042724609375e+01 1.000000000000000000e+01
4.092302651405334473e+02 1.556619052886962891e+02 1.088870525360107422e+01 1.000000000000000000e+01
4.078641076087951660e+02 1.550857481956481934e+02 1.134971904754638672e+01 1.000000000000000000e+01
4.081083545684814453e+02 1.554709906578063965e+02 1.060883712768554688e+01 1.000000000000000000e+01
4.085243172645568848e+02 1.561725835800170898e+02 1.063794994354248047e+01 1.000000000000000000e+01
4.071976404190063477e+02 1.556215577125549316e+02 1.050041770935058594e+01 1.000000000000000000e+01
4.071030483245849609e+02 1.549688210487365723e+02 1.138426589965820312e+01 1.000000000000000000e+01
4.076492519378662109e+02 1.551108155250549316e+02 1.089011764526367188e+01 1.000000000000000000e+01
4.071360096931457520e+02 1.541852140426635742e+02 1.060668087005615234e+01 1.000000000000000000e+01
4.070765495300292969e+02 1.549339323043823242e+02 1.065668869018554688e+01 1.000000000000000000e+01
4.063679723739624023e+02 1.542522020339965820e+02 1.106341361999511719e+01 1.000000000000000000e+01
4.058643174171447754e+02 1.544664630889892578e+02 1.048215007781982422e+01 1.000000000000000000e+01
4.053610959053039551e+02 1.544222555160522461e+02 1.050924968719482422e+01 1.000000000000000000e+01
4.053523235321044922e+02 1.551968035697937012e+02 1.027008056640625000e+01 1.000000000000000000e+01
4.055330395698547363e+02 1.536447324752807617e+02 1.037758922576904297e+01 1.000000000000000000e+01
4.050545897483825684e+02 1.534949254989624023e+02 1.124718952178955078e+01 1.000000000000000000e+01
4.054783673286437988e+02 1.533896994590759277e+02 1.000913143157958984e+01 1.000000000000000000e+01
4.046409606933593750e+02 1.536608495712280273e+02 1.083152770996093750e+01 1.000000000000000000e+01
4.048871545791625977e+02 1.533482723236083984e+02 1.122267341613769531e+01 1.000000000000000000e+01
4.043987421989440918e+02 1.532844572067260742e+02 1.083049106597900391e+01 1.000000000000000000e+01
4.030637927055358887e+02 1.536698632240295410e+02 1.182597064971923828e+01 1.000000000000000000e+01
4.038355479240417480e+02 1.523362231254577637e+02 1.062405872344970703e+01 1.000000000000000000e+01
4.035432229042053223e+02 1.531675429344177246e+02 1.134915065765380859e+01 1.000000000000000000e+01
4.031121988296508789e+02 1.520068168640136719e+02 1.100713539123535156e+01 1.000000000000000000e+01
4.027241182327270508e+02 1.530607166290283203e+02 1.051792716979980469e+01 1.000000000000000000e+01
4.030857262611389160e+02 1.530836539268493652e+02 1.017684078216552734e+01 1.000000000000000000e+01
4.017981290817260742e+02 1.520328702926635742e+02 1.141310691833496094e+01 1.000000000000000000e+01
4.020308856964111328e+02 1.523310179710388184e+02 1.038064193725585938e+01 1.000000000000000000e+01
4.015570931434631348e+02 1.520249271392822266e+02 1.099447536468505859e+01 1.000000000000000000e+01
4.015340123176574707e+02 1.513484487533569336e+02 1.044171810150146484e+01 1.000000000000000000e+01
4.015020465850830078e+02 1.516632428169250488e+02 1.016220092773437500e+01 1.000000000000000000e+01
4.011803841590881348e+02 1.522450890541076660e+02 1.034088420867919922e+01 1.000000000000000000e+01
4.010678491592407227e+02 1.515083174705505371e+02 1.017654991149902344e+01 1.000000000000000000e+01
4.005074405670166016e+02 1.516342310905456543e+02 1.037637329101562500e+01 1.000000000000000000e+01
4.000062294006347656e+02 1.516642198562622070e+02 1.145038986206054688e+01 1.000000000000000000e+01
4.007662968635559082e+02 1.515095725059509277e+02 1.079165172576904297e+01 1.000000000000000000e+01
3.996643834114074707e+02 1.506263489723205566e+02 1.122008419036865234e+01 1.000000000000000000e+01
3.995179648399353027e+02 1.506839752197265625e+02 1.029055118560791016e+01 1.000000000000000000e+01
3.999467129707336426e+02 1.512371335029602051e+02 1.000000000000000000e+01 1.000000000000000000e+01
3.991744675636291504e+02 1.511512503623962402e+02 1.013725280761718750e+01 1.000000000000000000e+01
3.992338342666625977e+02 1.500285000801086426e+02 1.023375988006591797e+01 1.000000000000000000e+01
3.989029150009155273e+02 1.499382052421569824e+02 1.026958370208740234e+01 1.000000000000000000e+01
3.981820073127746582e+02 1.502930345535278320e+02 1.029726409912109375e+01 1.000000000000000000e+01
3.976151862144470215e+02 1.494578227996826172e+02 1.102240562438964844e+01 1.000000000000000000e+01
3.981356129646301270e+02 1.501043214797973633e+02 1.065895080566406250e+01 1.000000000000000000e+01
3.990433883666992188e+02 1.498374762535095215e+02 1.023895740509033203e+01 1.000000000000000000e+01
3.963994116783142090e+02 1.495438337326049805e+02 1.167957878112792969e+01 1.000000000000000000e+01
3.978168859481811523e+02 1.492238693237304688e+02 1.117240047454833984e+01 1.000000000000000000e+01
3.981020503044128418e+02 1.484762325286865234e+02 1.083417701721191406e+01 1.000000000000000000e+01
3.970250682830810547e+02 1.492140779495239258e+02 1.110549640655517578e+01 1.000000000000000000e+01
3.972697601318359375e+02 1.479696989059448242e+02 1.089395236968994141e+01 1.000000000000000000e+01
3.972729020118713379e+02 1.489888181686401367e+02 1.000000000000000000e+01 1.000000000000000000e+01
3.979935269355773926e+02 1.483120565414428711e+02 1.000000000000000000e+01 1.000000000000000000e+01
3.966171798706054688e+02 1.484454188346862793e+02 1.000000000000000000e+01 1.000000000000000000e+01
3.967922458648681641e+02 1.488197193145751953e+02 1.000000000000000000e+01 1.000000000000000000e+01
3.959794712066650391e+02 1.464157266616821289e+02 1.009873580932617188e+01 1.062286567687988281e+01
3.970092926025390625e+02 1.475921950340270996e+02 1.000000000000000000e+01 1.000000000000000000e+01
3.952845764160156250e+02 1.470815582275390625e+02 1.144015502929687500e+01 1.000000000000000000e+01
3.953336153030395508e+02 1.471509537696838379e+02 1.045864295959472656e+01 1.000000000000000000e+01
3.968679566383361816e+02 1.475337476730346680e+02 1.000000000000000000e+01 1.000000000000000000e+01
3.954464850425720215e+02 1.473922586441040039e+02 1.052535820007324219e+01 1.000000000000000000e+01
3.952679810523986816e+02 1.479647297859191895e+02 1.068882751464843750e+01 1.000000000000000000e+01
3.953269267082214355e+02 1.474421186447143555e+02 1.042274665832519531e+01 1.000000000000000000e+01
3.965152101516723633e+02 1.471178140640258789e+02 1.009889125823974609e+01 1.000000000000000000e+01
3.953418259620666504e+02 1.466041831970214844e+02 1.000000000000000000e+01 1.000000000000000000e+01
3.958589649200439453e+02 1.471864075660705566e+02 1.031354999542236328e+01 1.000000000000000000e+01
3.950392537117004395e+02 1.468052201271057129e+02 1.074003219604492188e+01 1.000000000000000000e+01
3.958581533432006836e+02 1.466685438156127930e+02 1.000000000000000000e+01 1.000000000000000000e+01
3.954463253021240234e+02 1.464230308532714844e+02 1.000766563415527344e+01 1.000000000000000000e+01
3.952829885482788086e+02 1.467513132095336914e+02 1.006146621704101562e+01 1.000000000000000000e+01
3.951275401115417480e+02 1.468258213996887207e+02 1.000000000000000000e+01 1.000000000000000000e+01
3.946874070167541504e+02 1.463159580230712891e+02 1.113238334655761719e+01 1.000000000000000000e+01
3.940257391929626465e+02 1.461848211288452148e+02 1.045611190795898438e+01 1.000000000000000000e+01
3.943160696029663086e+02 1.461859188079833984e+02 1.028241062164306641e+01 1.000000000000000000e+01
3.949145264625549316e+02 1.461067080497741699e+02 1.029078102111816406e+01 1.000000000000000000e+01
3.936006031036376953e+02 1.451546163558959961e+02 1.121694087982177734e+01 1.000000000000000000e+01
3.934124426841735840e+02 1.455119938850402832e+02 1.075650024414062500e+01 1.000000000000000000e+01
3.929898619651794434e+02 1.452336730957031250e+02 1.055781555175781250e+01 1.000000000000000000e+01
3.923188076019287109e+02 1.463025741577148438e+02 1.128710842132568359e+01 1.000000000000000000e+01
3.901814398765563965e+02 1.442427411079406738e+02 1.367175292968750000e+01 1.078206539154052734e+01
3.882790665626525879e+02 1.366810336112976074e+02 1.449516487121582031e+01 1.577877521514892578e+01
3.868363499641418457e+02 1.442898693084716797e+02 1.665994071960449219e+01 1.062315368652343750e+01
3.858823599815368652e+02 1.378005218505859375e+02 1.391387176513671875e+01 1.451525115966796875e+01
3.837658414840698242e+02 1.348006820678710938e+02 1.415287113189697266e+01 1.648308944702148438e+01
3.804460787773132324e+02 1.390761718750000000e+02 1.600801467895507812e+01 1.402164840698242188e+01
3.813154273033142090e+02 1.272181720733642578e+02 1.190571212768554688e+01 2.079433441162109375e+01
3.755763964653015137e+02 1.397404117584228516e+02 1.639743041992187500e+01 1.169053649902343750e+01
3.727900104522705078e+02 1.269898471832275391e+02 1.456502819061279297e+01 2.070796585083007812e+01
3.697942118644714355e+02 1.394169569015502930e+02 1.717075347900390625e+01 1.117992591857910156e+01
3.677088155746459961e+02 1.288513517379760742e+02 1.353725147247314453e+01 1.710056495666503906e+01
3.639142756462097168e+02 1.365708045959472656e+02 1.517308807373046875e+01 1.000000000000000000e+01
3.595238804817199707e+02 1.306274437904357910e+02 1.406173515319824219e+01 1.391085720062255859e+01
3.537030920982360840e+02 1.321105122566223145e+02 1.709915542602539062e+01 1.284444713592529297e+01
3.539695429801940918e+02 1.301211338043212891e+02 1.455330276489257812e+01 1.183351516723632812e+01
3.487261104583740234e+02 1.281536145210266113e+02 1.421567821502685547e+01 1.375008296966552734e+01
3.455539178848266602e+02 1.312216343879699707e+02 1.482471942901611328e+01 1.002664470672607422e+01
3.421728777885437012e+02 1.247908926010131836e+02 1.402352142333984375e+01 1.512289619445800781e+01
3.383677306175231934e+02 1.293967061042785645e+02 1.459675598144531250e+01 1.257363033294677734e+01
3.356024165153503418e+02 1.221038122177124023e+02 1.216418838500976562e+01 1.603780555725097656e+01
3.307142400741577148e+02 1.305752654075622559e+02 1.335152912139892578e+01 1.215797901153564453e+01
3.289838838577270508e+02 1.187162575721740723e+02 1.171470737457275391e+01 1.577520465850830078e+01
3.245260000228881836e+02 1.277065329551696777e+02 1.159725284576416016e+01 1.140291500091552734e+01
3.203940672874450684e+02 1.174016904830932617e+02 1.184711074829101562e+01 1.538151168823242188e+01
3.179555449485778809e+02 1.253749232292175293e+02 1.199455642700195312e+01 1.000000000000000000e+01
3.128583269119262695e+02 1.207425408363342285e+02 1.178647327423095703e+01 1.167963600158691406e+01
3.063099179267883301e+02 1.225249447822570801e+02 1.404367256164550781e+01 1.000000000000000000e+01
3.043713097572326660e+02 1.200084137916564941e+02 1.291596794128417969e+01 1.000000000000000000e+01
2.974220042228698730e+02 1.180744304656982422e+02 1.534645843505859375e+01 1.165227603912353516e+01
2.969551081657409668e+02 1.199964604377746582e+02 1.618458557128906250e+01 1.254489135742187500e+01
2.913206539154052734e+02 1.134990315437316895e+02 1.217303752899169922e+01 1.467427062988281250e+01
2.877151312828063965e+02 1.187415432929992676e+02 1.406459045410156250e+01 1.045767211914062500e+01
2.842305216789245605e+02 1.102066836357116699e+02 1.266177368164062500e+01 1.363568305969238281e+01
2.831982588768005371e+02 1.153241834640502930e+02 1.120328521728515625e+01 1.031151485443115234e+01
2.785373277664184570e+02 1.087244262695312500e+02 1.105599689483642578e+01 1.493739414215087891e+01
2.775626692771911621e+02 1.152891345024108887e+02 1.425363922119140625e+01 1.000000000000000000e+01
2.717845120429992676e+02 1.081704239845275879e+02 1.101810646057128906e+01 1.182514762878417969e+01
2.688063378334045410e+02 1.122489409446716309e+02 1.105048561096191406e+01 1.000000000000000000e+01
2.642475757598876953e+02 1.078149523735046387e+02 1.081009578704833984e+01 1.000000000000000000e+01
2.625446367263793945e+02 1.083581109046936035e+02 1.026230335235595703e+01 1.000000000000000000e+01
2.595898170471191406e+02 1.082346713542938232e+02 1.000000000000000000e+01 1.000000000000000000e+01
2.532507486343383789e+02 1.054182436466217041e+02 1.051578521728515625e+01 1.002161121368408203e+01
2.542300133705139160e+02 1.070467574596405029e+02 1.041439914703369141e+01 1.000000000000000000e+01
2.484738054275512695e+02 9.817660546302795410e+01 1.000000000000000000e+01 1.279212856292724609e+01
2.487840151786804199e+02 1.039466392993927002e+02 1.000000000000000000e+01 1.000000000000000000e+01
2.433805303573608398e+02 9.742074799537658691e+01 1.000000000000000000e+01 1.147026824951171875e+01
2.422490634918212891e+02 1.028363692760467529e+02 1.012370109558105469e+01 1.000000000000000000e+01
2.385783848762512207e+02 1.007738697528839111e+02 1.000000000000000000e+01 1.000000000000000000e+01
2.296619229316711426e+02 9.663798546791076660e+01 1.360757064819335938e+01 1.024035835266113281e+01
2.317699389457702637e+02 9.908771586418151855e+01 1.291467094421386719e+01 1.053187656402587891e+01
2.297052941322326660e+02 9.541313910484313965e+01 1.008776855468750000e+01 1.075687694549560547e+01
2.280683398246765137e+02 9.688194203376770020e+01 1.000000000000000000e+01 1.000000000000000000e+01
2.239441213607788086e+02 9.020580077171325684e+01 1.184915637969970703e+01 1.056124782562255859e+01
2.244968047142028809e+02 9.409967207908630371e+01 1.000000000000000000e+01 1.000000000000000000e+01
2.225670323371887207e+02 9.295220780372619629e+01 1.006724357604980469e+01 1.000000000000000000e+01
2.212483258247375488e+02 9.191547703742980957e+01 1.000000000000000000e+01 1.000000000000000000e+01
2.176137509346008301e+02 9.044069695472717285e+01 1.209030914306640625e+01 1.000000000000000000e+01
2.148978543281555176e+02 8.777502965927124023e+01 1.000000000000000000e+01 1.000000000000000000e+01
2.138511548042297363e+02 8.794856905937194824e+01 1.000000000000000000e+01 1.000000000000000000e+01
2.080809531211853027e+02 8.840993380546569824e+01 1.169162940979003906e+01 1.000000000000000000e+01
2.072525324821472168e+02 8.127387595176696777e+01 1.208779335021972656e+01 1.000000000000000000e+01
2.094030947685241699e+02 8.509795689582824707e+01 1.000000000000000000e+01 1.000000000000000000e+01
2.082126154899597168e+02 8.344209885597229004e+01 1.006612014770507812e+01 1.000000000000000000e+01
2.060411367416381836e+02 8.195935678482055664e+01 1.000000000000000000e+01 1.000000000000000000e+01
2.047081966400146484e+02 8.200629186630249023e+01 1.181978416442871094e+01 1.000000000000000000e+01
2.023475866317749023e+02 7.955652618408203125e+01 1.000000000000000000e+01 1.000000000000000000e+01
2.025709543228149414e+02 7.935294842720031738e+01 1.000000000000000000e+01 1.000000000000000000e+01
1.986669702529907227e+02 7.976318573951721191e+01 1.131238174438476562e+01 1.000000000000000000e+01
1.992131557464599609e+02 7.700715065002441406e+01 1.000000000000000000e+01 1.000000000000000000e+01
1.987768597602844238e+02 7.781804943084716797e+01 1.000000000000000000e+01 1.000000000000000000e+01
1.970498499870300293e+02 7.623528933525085449e+01 1.000000000000000000e+01 1.000000000000000000e+01
1.948634691238403320e+02 7.369821524620056152e+01 1.000000000000000000e+01 1.000000000000000000e+01
1.947239756584167480e+02 7.481633281707763672e+01 1.000000000000000000e+01 1.000000000000000000e+01
1.932841324806213379e+02 7.390250325202941895e+01 1.000000000000000000e+01 1.000000000000000000e+01
1.945087499618530273e+02 7.304498314857482910e+01 1.000000000000000000e+01 1.000000000000000000e+01
1.913118057250976562e+02 7.256955242156982422e+01 1.000000000000000000e+01 1.000000000000000000e+01
1.933887767791748047e+02 7.149692296981811523e+01 1.000000000000000000e+01 1.000000000000000000e+01
1.922342910766601562e+02 7.056979632377624512e+01 1.000000000000000000e+01 1.000000000000000000e+01
1.920676927566528320e+02 7.023950958251953125e+01 1.000000000000000000e+01 1.000000000000000000e+01
1.921345686912536621e+02 7.039177417755126953e+01 1.000000000000000000e+01 1.000000000000000000e+01
1.915151104927062988e+02 6.969712972640991211e+01 1.000000000000000000e+01 1.000000000000000000e+01
1.918492350578308105e+02 6.949705934524536133e+01 1.000000000000000000e+01 1.000000000000000000e+01
1.909791212081909180e+02 6.899719142913818359e+01 1.000000000000000000e+01 1.000000000000000000e+01
1.917052164077758789e+02 6.699921512603759766e+01 1.000000000000000000e+01 1.000000000000000000e+01
1.914633564949035645e+02 6.776588535308837891e+01 1.000000000000000000e+01 1.000000000000000000e+01
1.926587524414062500e+02 6.546490335464477539e+01 1.000000000000000000e+01 1.000000000000000000e+01
1.921261906623840332e+02 6.601219701766967773e+01 1.000000000000000000e+01 1.000000000000000000e+01
1.931335263252258301e+02 6.505199837684631348e+01 1.000000000000000000e+01 1.000000000000000000e+01
1.922703163623809814e+02 6.423351788520812988e+01 1.000000000000000000e+01 1.000000000000000000e+01
1.930532052516937256e+02 6.378080368041992188e+01 1.000000000000000000e+01 1.000000000000000000e+01
1.941868863105773926e+02 6.013261699676513672e+01 1.000000000000000000e+01 1.000000000000000000e+01
1.909003520011901855e+02 5.936632919311523438e+01 1.000000000000000000e+01 1.000000000000000000e+01
1.919619278907775879e+02 6.029892539978027344e+01 1.000000000000000000e+01 1.000000000000000000e+01
1.917517747879028320e+02 5.879788351058959961e+01 1.000000000000000000e+01 1.000000000000000000e+01
1.939296722412109375e+02 5.807186412811279297e+01 1.000000000000000000e+01 1.000000000000000000e+01
1.933386445045471191e+02 5.655008316040039062e+01 1.000000000000000000e+01 1.000000000000000000e+01
1.926358528137207031e+02 5.499243068695068359e+01 1.000000000000000000e+01 1.000000000000000000e+01
1.915765295028686523e+02 5.251552486419677734e+01 1.112700462341308594e+01 1.020503616333007812e+01
1.918692436218261719e+02 5.355814409255981445e+01 1.023128509521484375e+01 1.000000000000000000e+01
1.914773578643798828e+02 5.545823097229003906e+01 1.080974197387695312e+01 1.000000000000000000e+01
1.898491010665893555e+02 5.239692592620849609e+01 1.100955772399902344e+01 1.026759529113769531e+01
1.896992621421813965e+02 4.954501390457153320e+01 1.044427585601806641e+01 1.025627040863037109e+01
1.889555854797363281e+02 5.059619855880737305e+01 1.087113571166992188e+01 1.000000000000000000e+01
1.871722378730773926e+02 5.054948520660400391e+01 1.081103420257568359e+01 1.064685153961181641e+01
1.873089160919189453e+02 4.940100145339965820e+01 1.035147476196289062e+01 1.000000000000000000e+01
1.854332723617553711e+02 4.951810455322265625e+01 1.046796607971191406e+01 1.000000000000000000e+01
1.840804920196533203e+02 5.051489734649658203e+01 1.010234832763671875e+01 1.000000000000000000e+01
1.853373174667358398e+02 4.899814367294311523e+01 1.266454887390136719e+01 1.000000000000000000e+01
1.814609422683715820e+02 4.996937656402587891e+01 1.063186836242675781e+01 1.000000000000000000e+01
1.787377910614013672e+02 5.181830501556396484e+01 1.022190856933593750e+01 1.000000000000000000e+01
1.797126936912536621e+02 5.194823408126831055e+01 1.000000000000000000e+01 1.000000000000000000e+01
1.749758915901184082e+02 5.261405658721923828e+01 1.083631134033203125e+01 1.000000000000000000e+01
1.755087308883666992e+02 5.324063587188720703e+01 1.000000000000000000e+01 1.000000000000000000e+01
1.705773892402648926e+02 5.375465583801269531e+01 1.078086376190185547e+01 1.000000000000000000e+01
1.688575415611267090e+02 5.460683012008666992e+01 1.172962665557861328e+01 1.000000000000000000e+01
1.709752039909362793e+02 5.394195699691772461e+01 1.000000000000000000e+01 1.000000000000000000e+01
1.679428043365478516e+02 5.519104552268981934e+01 1.060678005218505859e+01 1.000000000000000000e+01
1.666993827819824219e+02 5.594361281394958496e+01 1.028382778167724609e+01 1.000000000000000000e+01
