1.600000000000000000e+01 1.460000000000000000e+02 2.100000000000000000e+01 4.800000000000000000e+01
1.666916847229003906e+01 1.464166698455810547e+02 2.091553878784179688e+01 4.663083267211914062e+01
1.774174022674560547e+01 1.456915893554687500e+02 2.005614662170410156e+01 4.717467498779296875e+01
1.966487598419189453e+01 1.449443817138671875e+02 1.860326194763183594e+01 4.787947845458984375e+01
2.080176925659179688e+01 1.444754409790039062e+02 1.916963195800781250e+01 4.796201324462890625e+01
2.258582687377929688e+01 1.448715457916259766e+02 1.930672454833984375e+01 4.863235092163085938e+01
2.348438835144043679e+01 1.441381626129150391e+02 1.933707046508789062e+01 4.816350936889648438e+01
2.502432155609132280e+01 1.444975032806396484e+02 2.206089973449707031e+01 4.836442184448242188e+01
2.652463722229005327e+01 1.454710330963134766e+02 2.474872970581054688e+01 4.770416641235351562e+01
2.787750053405763140e+01 1.433791408538818359e+02 2.680653762817382812e+01 4.967115402221679688e+01
2.822062206268311968e+01 1.451691799163818359e+02 2.861197853088378906e+01 4.770025253295898438e+01
2.887293815612794390e+01 1.445305366516113281e+02 2.860470962524414062e+01 4.827868652343750000e+01
2.980108165740968218e+01 1.463564777374267578e+02 2.819086647033691406e+01 4.629938125610351562e+01
3.167373085021974077e+01 1.459678573608398438e+02 2.820469284057617188e+01 4.672800445556640625e+01
3.289797401428224077e+01 1.467315979003906250e+02 2.708633041381835938e+01 4.617998504638671875e+01
3.519475364685060015e+01 1.455314140319824219e+02 2.574200820922851562e+01 4.673410034179687500e+01
3.683408164978028765e+01 1.462200164794921875e+02 2.323846817016601562e+01 4.629944610595703125e+01
4.018861961364747515e+01 1.452330284118652344e+02 2.051634597778320312e+01 4.736735534667968750e+01
4.198142337799073687e+01 1.448554306030273438e+02 1.867196464538574219e+01 4.817468261718750000e+01
4.334256172180177202e+01 1.444669551849365234e+02 1.870193862915039062e+01 4.808578872680664062e+01
4.397077178955079546e+01 1.441442642211914062e+02 2.027394866943359375e+01 4.768892669677734375e+01
4.498359394073487749e+01 1.442583656311035156e+02 2.199160575866699219e+01 4.979061889648437500e+01
4.635888957977296343e+01 1.440193996429443359e+02 2.451704597473144531e+01 4.855367660522460938e+01
4.753717231750489702e+01 1.442916126251220703e+02 2.569429397583007812e+01 4.768292617797851562e+01
4.894052314758302202e+01 1.442983779907226562e+02 2.570378494262695312e+01 4.755434417724609375e+01
5.028299999237061968e+01 1.450890712738037109e+02 2.568541145324707031e+01 4.719785690307617188e+01
5.216710186004640093e+01 1.438335533142089844e+02 2.538093757629394531e+01 4.857386779785156250e+01
5.395127296447755327e+01 1.440765514373779297e+02 2.453325271606445312e+01 4.887990951538085938e+01
5.558792877197267046e+01 1.447218456268310547e+02 2.284500885009765625e+01 4.858489608764648438e+01
5.822561931610108843e+01 1.445261154174804688e+02 2.091589546203613281e+01 4.888002777099609375e+01
6.005431556701661577e+01 1.445647773742675781e+02 1.927994155883789062e+01 4.933702087402343750e+01
6.077957344055177202e+01 1.444333972930908203e+02 1.860193252563476562e+01 4.947447586059570312e+01
6.214028549194337359e+01 1.435707588195800781e+02 1.881774139404296875e+01 5.070644378662109375e+01
6.343894004821778765e+01 1.432758026123046875e+02 1.943384933471679688e+01 5.064791870117187500e+01
6.575885677337647905e+01 1.422857418060302734e+02 1.991629981994628906e+01 5.191051864624023438e+01
6.896834564208985796e+01 1.429639148712158203e+02 1.874939727783203125e+01 5.128313064575195312e+01
7.155715656280518999e+01 1.433714675903320312e+02 1.776035881042480469e+01 5.027209472656250000e+01
7.368350410461427202e+01 1.437628116607666016e+02 1.698501205444335938e+01 4.948602676391601562e+01
7.470115089416505327e+01 1.451880416870117188e+02 1.841906356811523438e+01 4.694722747802734375e+01
7.334918594360352984e+01 1.492182521820068359e+02 2.259681701660156250e+01 4.308008956909179688e+01
7.417548561096192827e+01 1.501699924468994141e+02 2.617927932739257812e+01 4.364833450317382812e+01
7.535644912719727984e+01 1.470889110565185547e+02 3.268721008300781250e+01 4.788604354858398438e+01
7.780447196960450640e+01 1.524053554534912109e+02 3.314997482299804688e+01 4.448986434936523438e+01
8.238090896606446734e+01 1.524558734893798828e+02 3.403669738769531250e+01 5.121580886840820312e+01
8.840434265136720171e+01 1.471755752563476562e+02 3.398423004150390625e+01 7.180208587646484375e+01
8.341019439697268467e+01 1.446959838867187500e+02 4.615390777587890625e+01 8.179628753662109375e+01
8.530121040344242545e+01 1.470664939880371094e+02 5.604393386840821734e+01 8.775955200195312500e+01
8.447432518005376778e+01 1.433669128417968750e+02 4.924097824096679688e+01 8.156581878662109375e+01
8.440137863159185372e+01 1.328115768432617188e+02 5.277734375000000000e+01 7.293386077880859375e+01
7.064335823059086295e+01 1.269114265441894531e+02 4.438171768188476562e+01 8.827647399902343750e+01
7.807893753051762076e+01 1.234845886230468750e+02 4.474526977539062500e+01 8.947199249267578125e+01
7.927138710021976920e+01 1.321536865234375000e+02 4.760152053833007812e+01 8.600934600830078125e+01
7.770186996459965201e+01 1.455835571289062500e+02 4.761546325683593750e+01 8.105643463134765625e+01
7.579909324645998936e+01 1.449652557373046875e+02 4.805625534057617188e+01 8.088314056396484375e+01
1.343001232147217081e+02 1.646387119293212891e+02 4.840636825561523438e+01 5.179028701782226562e+01
8.161458396911623936e+01 1.592286262512207031e+02 3.480777359008789062e+01 8.343936157226562500e+01
8.136165428161623936e+01 1.412461776733398438e+02 3.995065689086914062e+01 9.404595184326171875e+01
7.860421943664555045e+01 1.448260040283203125e+02 4.416630172729492188e+01 7.516277313232421875e+01
8.160509872436527701e+01 1.387680778503417969e+02 4.274868011474609375e+01 6.685075378417968750e+01
9.643099784851077061e+01 1.380814762115478516e+02 3.297128677368164062e+01 5.374740982055664062e+01
1.033634586334228800e+02 1.415943946838378906e+02 2.811814498901367188e+01 4.874992370605468750e+01
1.077334690093994425e+02 1.420073471069335938e+02 2.637447738647460938e+01 4.721488189697265625e+01
1.089766664505005167e+02 1.412219619750976562e+02 2.596460533142089844e+01 4.590801239013671875e+01
1.108030891418457315e+02 1.412084445953369141e+02 2.582193756103515625e+01 4.526227188110351562e+01
1.124984693527221964e+02 1.424231204986572266e+02 2.441324806213378906e+01 4.485950088500976562e+01
1.137804031372070597e+02 1.413652038574218750e+02 2.383734130859375000e+01 4.724326324462890625e+01
1.154165744781494425e+02 1.420758876800537109e+02 2.318819808959960938e+01 4.685587692260742188e+01
1.160694465637207315e+02 1.405624313354492188e+02 2.321611785888671875e+01 4.790210723876953125e+01
1.177786998748779581e+02 1.397150421142578125e+02 2.196707534790039062e+01 4.890842437744140625e+01
1.199391965866089151e+02 1.398997020721435547e+02 2.057648658752441406e+01 4.976629257202148438e+01
1.224502563476562784e+02 1.400093421936035156e+02 1.884175109863281250e+01 4.977816772460937500e+01
1.237091016769409464e+02 1.401906929016113281e+02 2.041504859924316406e+01 4.939365386962890625e+01
1.239185161590576456e+02 1.396654644012451172e+02 2.117959976196289062e+01 5.007971572875976562e+01
1.252559223175049112e+02 1.396413917541503906e+02 2.204235458374023438e+01 5.067539215087890625e+01
1.267725925445556925e+02 1.391839599609375000e+02 2.375060653686523438e+01 5.006056213378906250e+01
1.275832901000976847e+02 1.388663578033447266e+02 2.384176635742187500e+01 5.116909408569335938e+01
1.280565099716186808e+02 1.397698440551757812e+02 2.415114021301269531e+01 4.989706420898437500e+01
1.284606256484985636e+02 1.390999107360839844e+02 2.459849357604980469e+01 5.040232086181640625e+01
1.306215152740478800e+02 1.386523132324218750e+02 2.385808944702148438e+01 5.006184387207031250e+01
1.322702074050903605e+02 1.389891071319580078e+02 2.345647239685058594e+01 5.001127243041992188e+01
1.335981760025024698e+02 1.387547569274902344e+02 2.321540641784667969e+01 4.944747161865234375e+01
1.352846803665161417e+02 1.391217975616455078e+02 2.219304466247558594e+01 4.899431991577148438e+01
1.370109071731567667e+02 1.383395862579345703e+02 2.020705223083496094e+01 4.793340682983398438e+01
1.376674442291260050e+02 1.383890571594238281e+02 1.872377395629882812e+01 4.934732818603515625e+01
1.388756608963012980e+02 1.385940818786621094e+02 1.805386924743652344e+01 5.004609680175781250e+01
1.396541395187378214e+02 1.386835308074951172e+02 1.878809547424316406e+01 4.903059768676757812e+01
1.406331386566162394e+02 1.379451808929443359e+02 1.866429519653320312e+01 4.931647872924804688e+01
1.410597677230835245e+02 1.372594203948974609e+02 1.886293220520019531e+01 4.957555007934570312e+01
1.422050313949585245e+02 1.374004688262939453e+02 2.045029640197753906e+01 5.044262313842773438e+01
1.429494304656982706e+02 1.377341232299804688e+02 2.061005783081054688e+01 4.950448608398437500e+01
1.442198362350464151e+02 1.380882205963134766e+02 2.217679023742675781e+01 4.928712081909179688e+01
1.448148889541626261e+02 1.377883071899414062e+02 2.281293296813964844e+01 4.924925231933593750e+01
1.461291847229004190e+02 1.383104419708251953e+02 2.523622131347656250e+01 4.789463424682617188e+01
1.435559530258178995e+02 1.383484115600585938e+02 2.625319862365722656e+01 4.919435119628906250e+01
1.466952037811279581e+02 1.381607170104980469e+02 2.761172103881835938e+01 4.940181732177734375e+01
1.444652109146118448e+02 1.381044750213623047e+02 3.002290916442871094e+01 5.016014480590820312e+01
1.465499248504638956e+02 1.388668575286865234e+02 3.268084335327148438e+01 4.995492935180664062e+01
1.457675189971924112e+02 1.371887931823730469e+02 3.327328872680664062e+01 5.300257110595703125e+01
1.554624290466308878e+02 1.378512496948242188e+02 3.340103149414062500e+01 5.264556884765625000e+01
1.526471977233887003e+02 1.374679718017578125e+02 3.356425476074218750e+01 5.511335754394531250e+01
1.534352989196777628e+02 1.351146392822265625e+02 3.433428955078125000e+01 5.720417785644531250e+01
1.511913471221924112e+02 1.364965782165527344e+02 3.671791458129882812e+01 5.477405548095703125e+01
1.623953943252563761e+02 1.367168579101562500e+02 3.011673545837402344e+01 5.553585815429687500e+01
1.642771921157837198e+02 1.375583496093750000e+02 2.984558677673339844e+01 5.489868164062500000e+01
1.631080551147461222e+02 1.383431339263916016e+02 3.223770904541015625e+01 5.520689010620117188e+01
1.668043260574341105e+02 1.383092212677001953e+02 3.024308586120605469e+01 5.756412887573242188e+01
1.695928974151611612e+02 1.360285243988037109e+02 3.165817642211914062e+01 5.992015457153320312e+01
1.700847301483154581e+02 1.384645709991455078e+02 3.529803085327148438e+01 5.409624862670898438e+01
1.745328922271728800e+02 1.365289001464843750e+02 2.956258010864257812e+01 5.610519409179687500e+01
1.755133380889892862e+02 1.348637504577636719e+02 2.547763442993164062e+01 5.767771148681640625e+01
1.772859382629394815e+02 1.340829887390136719e+02 2.487704467773437500e+01 4.639727020263671875e+01
1.780037250518799112e+02 1.366330776214599609e+02 2.275508499145507812e+01 4.173894119262695312e+01
1.814222202301025675e+02 1.345979537963867188e+02 2.162793350219726562e+01 3.701550292968750000e+01
1.836165637969970987e+02 1.373550834655761719e+02 2.029711532592773438e+01 4.136719512939453125e+01
1.841540880203247355e+02 1.359911003112792969e+02 2.002400779724121094e+01 4.125583648681640625e+01
1.853702154159546183e+02 1.355752334594726562e+02 1.997319221496582031e+01 4.124477386474609375e+01
1.872199306488037394e+02 1.343690185546875000e+02 2.060424423217773438e+01 3.977708435058593750e+01
1.901476945877075480e+02 1.368553924560546875e+02 2.402751731872558594e+01 4.383933258056640625e+01
1.921592655181885050e+02 1.346471366882324219e+02 2.361803817749023438e+01 4.545080566406250000e+01
1.920507726669311808e+02 1.371233024597167969e+02 2.317369270324707031e+01 4.258335876464843750e+01
1.928871755599975870e+02 1.346807842254638672e+02 2.274740791320800781e+01 4.509768295288085938e+01
1.990727014541626261e+02 1.351000232696533203e+02 2.331367301940917969e+01 4.551021194458007812e+01
2.012524251937866495e+02 1.361677341461181641e+02 2.414251899719238281e+01 4.498306655883789062e+01
2.022485666275024698e+02 1.347855319976806641e+02 2.917417716979980469e+01 4.496493911743164062e+01
2.020405445098877237e+02 1.344947013854980469e+02 2.935728073120117188e+01 4.637533569335937500e+01
2.041603460311889933e+02 1.335706233978271484e+02 2.884118843078613281e+01 4.633523178100585938e+01
2.060168733596802042e+02 1.336243515014648438e+02 2.556006431579589844e+01 4.765743255615234375e+01
2.082270736694336222e+02 1.339226284027099609e+02 2.487573242187500000e+01 4.538319015502929688e+01
2.110826463699341105e+02 1.333341846466064453e+02 2.273805809020996094e+01 4.564126968383789062e+01
2.128058872222900675e+02 1.331622753143310547e+02 2.223752975463867188e+01 4.371198654174804688e+01
2.140465707778930948e+02 1.341012439727783203e+02 2.294807243347167969e+01 4.155061721801757812e+01
2.144776573181152628e+02 1.351493186950683594e+02 2.458560180664062500e+01 4.121224975585937500e+01
2.180213670730591105e+02 1.342074508666992188e+02 2.213944816589355469e+01 4.023802947998046875e+01
2.209345340728760050e+02 1.349647178649902344e+02 2.214836502075195312e+01 3.917763519287109375e+01
2.231642599105835245e+02 1.327796897888183594e+02 2.105200386047363281e+01 4.134631347656250000e+01
2.258314390182495401e+02 1.334867019653320312e+02 1.946756935119628906e+01 3.984967803955078125e+01
2.274627609252929972e+02 1.341928291320800781e+02 1.826314544677734375e+01 3.827049255371093750e+01
2.294692516326904581e+02 1.332101535797119141e+02 1.702367019653320312e+01 3.886168289184570312e+01
2.312406244277954386e+02 1.328607826232910156e+02 1.704868888854980469e+01 4.085974121093750000e+01
2.318806505203247355e+02 1.329606876373291016e+02 1.654883384704589844e+01 4.253655624389648438e+01
2.327404747009277628e+02 1.325262165069580078e+02 1.705275726318359375e+01 4.167574691772460938e+01
2.326823940277099894e+02 1.325093555450439453e+02 1.898095321655273438e+01 4.035431289672851562e+01
2.332739429473877237e+02 1.324726867675781250e+02 2.064508438110351562e+01 4.118496704101562500e+01
2.348073406219482706e+02 1.311913909912109375e+02 2.199179458618161220e+01 4.271379852294921875e+01
2.364940443038940430e+02 1.315608386993408203e+02 2.577681922912597656e+01 4.473908615112304688e+01
2.382671470642089844e+02 1.314113788604736328e+02 3.012409210205078125e+01 4.983410263061523438e+01
2.402816514968872070e+02 1.294559116363525391e+02 2.910101890563964844e+01 5.155663681030273438e+01
2.423362255096435547e+02 1.302341289520263672e+02 2.873183059692382812e+01 5.091394424438476562e+01
2.445495157241821289e+02 1.286914119720458984e+02 2.699291801452636719e+01 5.309309768676757812e+01
2.466427593231201172e+02 1.310986728668212891e+02 2.497491836547851562e+01 5.075852584838867188e+01
2.487738838195800781e+02 1.285644664764404297e+02 2.294834136962890625e+01 5.400477981567382812e+01
2.501522912979125977e+02 1.296892910003662109e+02 2.198003959655761719e+01 5.392488479614257812e+01
2.514961309432983398e+02 1.287451171875000000e+02 2.117862129211425781e+01 5.288424682617187500e+01
2.533754491806030273e+02 1.288686695098876953e+02 1.913966560363769531e+01 5.620536422729492188e+01
2.542998695373535156e+02 1.293572788238525391e+02 1.933774566650390625e+01 5.750947189331054688e+01
2.564605598449707031e+02 1.285872287750244141e+02 2.008765411376953125e+01 5.547111129760742188e+01
2.594500389099121094e+02 1.289744987487792969e+02 2.059886932373046875e+01 5.559986114501953125e+01
2.612896471023559570e+02 1.286250076293945312e+02 2.286177635192871094e+01 5.328451538085937500e+01
2.622799758911132812e+02 1.293001441955566406e+02 2.629466247558593750e+01 5.273044586181640625e+01
2.617286624908447266e+02 1.291528511047363281e+02 2.952097702026367188e+01 5.259194183349609375e+01
2.626211404800415039e+02 1.301858024597167969e+02 3.045591545104980469e+01 5.131819915771484375e+01
2.636972160339355469e+02 1.300632915496826172e+02 3.049271392822265625e+01 5.096210098266601562e+01
2.649096183776855469e+02 1.287351665496826172e+02 2.940314483642578125e+01 5.141064834594726562e+01
2.677243404388427734e+02 1.290698738098144531e+02 2.665123367309570312e+01 5.207051849365234375e+01
2.717963190078735352e+02 1.274815597534179688e+02 2.291689872741699219e+01 5.392050170898437500e+01
2.746342267990112305e+02 1.273208160400390625e+02 2.017312049865722656e+01 5.350706481933593750e+01
2.776902065277099609e+02 1.274697761535644531e+02 1.769437026977539062e+01 5.399839019775390625e+01
2.794582290649414062e+02 1.268480987548828125e+02 1.711842346191406250e+01 5.504999542236328125e+01
2.811223783493041992e+02 1.261576118469238281e+02 1.676476478576660156e+01 5.469281768798828125e+01
2.830147333145141602e+02 1.274183635711669922e+02 1.781416130065917969e+01 5.321269607543945312e+01
2.840854520797729492e+02 1.287623558044433594e+02 2.176032447814941406e+01 5.221636199951171875e+01
2.846927709579467773e+02 1.286110858917236328e+02 2.516649055480957031e+01 5.199795150756835938e+01
2.847896137237548828e+02 1.289717941284179688e+02 2.819289779663085938e+01 5.126652526855468750e+01
2.867367696762084961e+02 1.280535144805908203e+02 2.849870491027832031e+01 5.228260421752929688e+01
2.869895420074462891e+02 1.275192871093750000e+02 2.927849960327148438e+01 5.209236145019531250e+01
2.876912031173706055e+02 1.280970230102539062e+02 2.875557899475097656e+01 5.193188476562500000e+01
2.884896974563598633e+02 1.274038925170898438e+02 2.848868370056152344e+01 5.200956726074218750e+01
2.909139194488525391e+02 1.282834415435791016e+02 2.512760543823242188e+01 5.144030380249023438e+01
2.945357227325439453e+02 1.269551486968994141e+02 2.282157516479492188e+01 5.205668258666992188e+01
2.965512685775756836e+02 1.268887119293212891e+02 2.107719612121582031e+01 5.199621200561523438e+01
2.986053409576416016e+02 1.268009910583496094e+02 1.954584884643554688e+01 5.301692962646484375e+01
2.996241827011108398e+02 1.266503696441650391e+02 1.952952766418457031e+01 5.215534591674804688e+01
3.010059137344360352e+02 1.265323371887207031e+02 2.104788017272949219e+01 5.366182708740234375e+01
3.028600835800170898e+02 1.263795032501220703e+02 2.411956977844238281e+01 5.566607284545898438e+01
3.040446453094482422e+02 1.267261905670166016e+02 3.003722000122070312e+01 5.668778610229492188e+01
3.078906450271606445e+02 1.390867500305175781e+02 2.628514671325683594e+01 4.690564727783203125e+01
3.065534791946411133e+02 1.363609008789062500e+02 2.651929283142089844e+01 4.875852966308593750e+01
3.077495250701904297e+02 1.284555664062500000e+02 2.537454605102539062e+01 5.862927246093750000e+01
3.084304542541503906e+02 1.284810543060302734e+02 2.565686798095703125e+01 5.788783645629882812e+01
3.086226530075073242e+02 1.276174964904785156e+02 2.592455482482910156e+01 5.759238433837890625e+01
3.090152502059936523e+02 1.267099208831787109e+02 2.680241584777832031e+01 5.857136917114257812e+01
3.067865209579467773e+02 1.267900962829589844e+02 2.954590034484863281e+01 5.596590423583984375e+01
3.082950811386108398e+02 1.260848808288574219e+02 2.896180915832519531e+01 5.367073822021484375e+01
3.202279300689697266e+02 1.239438247680664062e+02 1.825329208374023438e+01 5.200265502929687500e+01
3.228700428009033203e+02 1.242105979919433594e+02 1.712693405151367188e+01 5.303503417968750000e+01
3.244911546707153320e+02 1.247685432434082031e+02 1.719478416442871094e+01 5.298130035400390625e+01
3.266318778991699219e+02 1.248964900970458984e+02 1.817462158203125000e+01 5.085673904418945312e+01
3.287169427871704102e+02 1.254325656890869141e+02 1.658295249938964844e+01 4.505678176879882812e+01
3.303517999649047852e+02 1.250781326293945312e+02 1.736605644226074219e+01 4.845415496826171875e+01
3.313205184936523438e+02 1.231572799682617188e+02 1.907460784912109375e+01 5.118068695068359375e+01
3.328637847900390625e+02 1.236775512695312500e+02 2.044249725341796875e+01 4.966967773437500000e+01
3.347138967514038086e+02 1.231501922607421875e+02 1.861539649963378906e+01 4.660136413574218750e+01
3.362219705581665039e+02 1.249952678680419922e+02 1.838037681579589844e+01 4.230727767944335938e+01
3.381206111907958984e+02 1.258199748992919922e+02 1.793383407592773438e+01 4.261632156372070312e+01
3.387861232757568359e+02 1.254655647277832031e+02 1.737026596069335938e+01 4.443575286865234375e+01
3.405299015045166016e+02 1.267421607971191406e+02 1.749576187133789062e+01 4.351492309570312500e+01
3.422391223907470703e+02 1.261437835693359375e+02 1.663853836059570312e+01 3.986555480957031250e+01
3.433861875534057617e+02 1.255073261260986328e+02 1.625659370422363281e+01 3.894565200805664062e+01
3.446648664474487305e+02 1.253091888427734375e+02 1.626310157775878906e+01 3.813668823242187500e+01
3.454177780151367188e+02 1.242117195129394531e+02 1.698226928710937500e+01 3.872246551513671875e+01
3.463968896865844727e+02 1.242757873535156250e+02 1.713892936706542969e+01 3.811209106445312500e+01
3.467267837524414062e+02 1.241007518768310547e+02 1.900946044921875000e+01 4.086619186401367188e+01
3.472235374450683594e+02 1.231227626800537109e+02 2.205504608154296875e+01 4.338515090942382812e+01
3.477179212570190430e+02 1.258588256835937500e+02 2.550815773010253906e+01 4.339918518066406250e+01
3.494559469223022461e+02 1.245456295013427734e+02 2.524423408508300781e+01 4.495222854614257812e+01
3.501433324813842773e+02 1.252116718292236328e+02 2.587977790832519531e+01 4.470772933959960938e+01
3.514281940460205078e+02 1.262906570434570312e+02 2.571670150756835938e+01 4.479458618164062500e+01
3.538254899978637695e+02 1.253758525848388672e+02 2.487605857849121094e+01 4.631987380981445312e+01
3.558186922073364258e+02 1.247463016510009766e+02 2.269917869567871094e+01 4.815897750854492188e+01
3.571615982055664062e+02 1.257434558868408203e+02 2.129794311523437500e+01 4.554870223999023438e+01
3.593315858840942383e+02 1.247530269622802734e+02 1.976296806335449219e+01 4.598922348022460938e+01
3.617995862960815430e+02 1.249875488281250000e+02 1.801385688781738281e+01 4.550469207763671875e+01
3.633311233520507812e+02 1.244781455993652344e+02 1.787134552001953125e+01 4.648634338378906250e+01
3.653075132369995117e+02 1.241058235168457031e+02 1.914727210998535156e+01 4.852097320556640625e+01
3.679388322830200195e+02 1.230014381408691406e+02 1.878767204284667969e+01 4.156265258789062500e+01
3.712482805252075195e+02 1.198630447387695312e+02 1.827014732360839844e+01 3.660956573486328125e+01
3.722794904708862305e+02 1.208584499359130859e+02 1.712999916076660156e+01 3.363408279418945312e+01
3.738930153846740723e+02 1.220857925415039062e+02 1.491296672821044922e+01 3.250339508056640625e+01
3.751405024528503418e+02 1.225104312896728516e+02 1.423586368560791016e+01 3.260129165649414062e+01
3.770530180931091309e+02 1.226598558425903320e+02 1.352922534942626953e+01 3.162246513366699219e+01
3.804993715286254883e+02 1.244241819381713867e+02 1.360842704772949219e+01 3.156002998352050781e+01
3.807436866760253906e+02 1.224001007080078125e+02 1.419448089599609375e+01 3.144961547851562500e+01
3.831175484657287598e+02 1.241892337799072266e+02 1.507350444793701172e+01 3.021670150756835938e+01
3.838076477050781250e+02 1.247248344421386719e+02 1.596207427978515625e+01 3.189341735839843750e+01
3.865764551162719727e+02 1.231787815093994141e+02 1.432224845886230469e+01 3.253408432006835938e+01
3.890126323699951172e+02 1.227669048309326172e+02 1.360264968872070312e+01 3.370895767211914062e+01
3.903998270034790039e+02 1.223281955718994141e+02 1.438713645935058594e+01 3.512315750122070312e+01
3.918519482612609863e+02 1.222002201080322266e+02 1.470101070404052734e+01 3.638253402709960938e+01
3.929785237312316895e+02 1.216159286499023438e+02 1.598525905609130859e+01 3.702721405029296875e+01
3.950267305374145508e+02 1.229713973999023438e+02 1.753042411804199219e+01 3.783180236816406250e+01
3.957716598510742188e+02 1.227555828094482422e+02 1.936893463134765625e+01 3.773294448852539062e+01
3.969305963516235352e+02 1.234600028991699219e+02 2.138261222839355469e+01 3.813137054443359375e+01
3.980739908218383789e+02 1.237163925170898438e+02 2.266934776306152344e+01 3.929226684570312500e+01
4.000668621063232422e+02 1.242340812683105469e+02 2.346485519409179688e+01 3.948416137695312500e+01
4.021315860748291016e+02 1.242983665466308594e+02 2.187736129760742188e+01 3.923747253417968750e+01
4.043261241912841797e+02 1.241680355072021484e+02 2.174782180786132812e+01 3.895193862915039062e+01
4.062764225006103516e+02 1.251411724090576172e+02 2.062797164916992188e+01 3.899332809448242188e+01
4.079255552291870117e+02 1.231627082824707031e+02 1.948253059387207031e+01 4.154501342773437500e+01
4.098135900497436523e+02 1.231220493316650391e+02 1.809726905822753906e+01 4.258406448364257812e+01
4.116610631942749023e+02 1.231545696258544922e+02 1.657814216613769531e+01 4.198570632934570312e+01
4.130886473655700684e+02 1.225393142700195312e+02 1.532032489776611328e+01 4.274834442138671875e+01
4.155142145156860352e+02 1.225651855468750000e+02 1.568402671813964844e+01 4.553906250000000000e+01
4.173783645629882812e+02 1.221174087524414062e+02 1.613820648193359375e+01 4.585369873046875000e+01
4.188124856948852539e+02 1.214770221710205078e+02 1.643045616149902344e+01 4.436990737915039062e+01
4.202441272735595703e+02 1.216744461059570312e+02 1.727563095092773438e+01 4.505075836181640625e+01
4.217656860351562500e+02 1.228097038269042969e+02 2.115601348876953125e+01 4.536322021484375000e+01
4.237187175750732422e+02 1.220225105285644531e+02 2.746146774291992188e+01 5.090721130371093750e+01
4.258844842910766602e+02 1.230681114196777344e+02 3.006087303161621094e+01 4.978427124023437500e+01
4.265121002197265625e+02 1.224859924316406250e+02 3.061415863037109375e+01 5.157160186767578125e+01
4.281526145935058594e+02 1.222962703704833984e+02 2.907502746582031250e+01 5.186011886596679688e+01
4.300833835601806641e+02 1.224782752990722656e+02 2.484845352172851562e+01 5.273313903808593750e+01
4.323994035720825195e+02 1.217766265869140625e+02 2.431988334655761719e+01 5.373210906982421875e+01
4.343773717880249023e+02 1.217080917358398438e+02 2.281501197814941406e+01 5.170053863525390625e+01
4.354243745803833008e+02 1.210644092559814453e+02 2.192748832702636719e+01 5.160774612426757812e+01
4.381539831161499023e+02 1.207410068511962891e+02 2.014287757873535156e+01 5.207870864868164062e+01
4.401847457885742188e+02 1.205073528289794922e+02 1.894515228271484375e+01 5.348516464233398438e+01
4.412389087677001953e+02 1.209434471130371094e+02 1.752046585083007812e+01 5.333811950683593750e+01
4.432663383483886719e+02 1.204340572357177734e+02 1.845809936523437500e+01 5.377331924438476562e+01
4.439731578826904297e+02 1.205871295928955078e+02 2.277958297729492188e+01 5.293945693969726562e+01
4.446506080627441406e+02 1.198457431793212891e+02 2.615737915039062500e+01 5.279030227661132812e+01
4.449903678894042969e+02 1.197112712860107422e+02 2.902818298339843750e+01 5.286440658569335938e+01
4.446645679473876953e+02 1.195849685668945312e+02 3.108646011352539062e+01 5.322168731689453125e+01
4.450691299438476562e+02 1.197393283843994141e+02 3.170027923583984375e+01 5.300650405883789062e+01
4.451590290069580078e+02 1.204434185028076172e+02 3.264880752563476562e+01 5.290020370483398438e+01
4.459360485076904297e+02 1.204622611999511719e+02 3.258161544799804688e+01 5.306092834472656250e+01
