2.260000000000000000e+02 1.700000000000000000e+02 1.820000000000000000e+02 1.000000000000000000e+02
2.288036422729492188e+02 1.669956741333007812e+02 1.779131011962890625e+02 1.020903167724609375e+02
2.303503341674804688e+02 1.672084579467773438e+02 1.763054962158203125e+02 1.018128814697265625e+02
2.310483474731445312e+02 1.661557922363281250e+02 1.764177093505859375e+02 1.033104858398437500e+02
2.330007324218750000e+02 1.645666694641113281e+02 1.745487670898437500e+02 1.053368148803710938e+02
2.337544174194335938e+02 1.623790206909179688e+02 1.738900909423828125e+02 1.071811676025390625e+02
2.350961837768554688e+02 1.616724357604980469e+02 1.744566802978515625e+02 1.087464370727539062e+02
2.362654800415039062e+02 1.600987548828125000e+02 1.710917205810546875e+02 1.092084960937500000e+02
2.369894332885742188e+02 1.587130165100097656e+02 1.734195709228515625e+02 1.117084274291992188e+02
2.354489746093750000e+02 1.569903450012207031e+02 1.724692993164062500e+02 1.133953475952148438e+02
2.311221923828125000e+02 1.547772064208984375e+02 1.758291625976562500e+02 1.149988098144531250e+02
2.279792251586914062e+02 1.498645973205566406e+02 1.753142547607421875e+02 1.191111373901367188e+02
2.239839401245117188e+02 1.447377433776855469e+02 1.762688751220703125e+02 1.253226699829101562e+02
2.211183471679687500e+02 1.420894012451171875e+02 1.778204956054687500e+02 1.283758850097656250e+02
2.143826522827148438e+02 1.368970794677734375e+02 1.802116851806640625e+02 1.319736022949218750e+02
2.064584197998046875e+02 1.336953430175781250e+02 1.832327575683593750e+02 1.357819213867187500e+02
2.021809768676757812e+02 1.303217773437500000e+02 1.854096527099609375e+02 1.348692626953125000e+02
1.985449066162109375e+02 1.330450668334960938e+02 1.890005187988281250e+02 1.349977569580078125e+02
1.958715057373046875e+02 1.059136810302734375e+02 1.927231140136718750e+02 1.574009094238281250e+02
2.030428924560546875e+02 8.934893035888671875e+01 1.894249572753906250e+02 1.795587921142578125e+02
1.978024444580078125e+02 8.909506988525390625e+01 1.957460021972656250e+02 1.816540374755859375e+02
1.972253265380859375e+02 8.626104736328125000e+01 1.942861022949218750e+02 1.716868286132812500e+02
1.968263702392578125e+02 9.333438873291015625e+01 1.898706359863281250e+02 1.761971893310546875e+02
2.016819839477539062e+02 8.647464752197265625e+01 1.839955902099609375e+02 1.769537200927734375e+02
1.967065887451171875e+02 8.790794372558593750e+01 1.890652770996093750e+02 1.796269836425781250e+02
1.940402450561523438e+02 8.645227813720703125e+01 1.970625762939453125e+02 1.814057464599609375e+02
1.888108901977539062e+02 8.016410827636718750e+01 2.031508636474609375e+02 1.839661560058593750e+02
2.001748580932617188e+02 7.947743225097656250e+01 1.948590850830078125e+02 1.794090270996093750e+02
1.945705490112304688e+02 7.741665649414062500e+01 1.963205718994140625e+02 1.888825683593750000e+02
1.903653640747070312e+02 7.455065917968750000e+01 2.016392669677734375e+02 1.886447143554687500e+02
1.949093551635742188e+02 7.519846343994140625e+01 1.992857818603515625e+02 1.867162933349609375e+02
1.893711929321289062e+02 7.161106109619140625e+01 2.049216766357421875e+02 1.907816009521484375e+02
1.985768356323242756e+02 6.983917999267583809e+01 1.974326934814453125e+02 1.917093963623046875e+02
1.899868240356445881e+02 6.974299621582036934e+01 2.057938079833984375e+02 1.966289367675781250e+02
2.003488922119141193e+02 6.812114715576177559e+01 1.984926452636718750e+02 1.949835968017578125e+02
1.894170913696289631e+02 6.801145172119146309e+01 2.084100799560546875e+02 1.975789642333984375e+02
1.933834838867188068e+02 6.533876037597661934e+01 2.022169189453125000e+02 1.951813049316406250e+02
1.884915695190430256e+02 6.415986633300786934e+01 2.075216827392578125e+02 1.905276184082031250e+02
1.889265289306641193e+02 6.577573394775396309e+01 2.038705749511718750e+02 1.830396575927734375e+02
1.859957122802735512e+02 6.531207275390636369e+01 2.045799255371093750e+02 1.788605346679687500e+02
1.837564620971680824e+02 6.445371246337901994e+01 2.039281768798828125e+02 1.873489227294921875e+02
1.952165985107423580e+02 6.540374755859392053e+01 1.936507263183593750e+02 1.872083129882812500e+02
1.848819046020509518e+02 6.354179382324235803e+01 2.029618377685546875e+02 1.881927185058593750e+02
1.812765884399416336e+02 6.267970275878928987e+01 2.022137298583984375e+02 1.891613464355468750e+02
1.731400833129885086e+02 6.205178833007835237e+01 2.055604095458984375e+02 1.970612792968750000e+02
1.844421997070314774e+02 6.362218475341819612e+01 1.966367187500000000e+02 1.938712310791015625e+02
1.728997192382814774e+02 6.299506378173850862e+01 2.091253662109375000e+02 1.943260345458984375e+02
1.703644409179689774e+02 6.346089935302757112e+01 2.066754150390625000e+02 1.949143829345703125e+02
1.663375167846681961e+02 6.506533813476585237e+01 2.107514801025390625e+02 1.911221313476562500e+02
1.645605621337892899e+02 6.387789154052757112e+01 2.115993347167968750e+02 1.989984283447265625e+02
1.767668762207033524e+02 6.362333679199241487e+01 2.058550415039062500e+02 1.916250305175781250e+02
1.696154327392580399e+02 6.327267456054710237e+01 2.080304870605468750e+02 1.951393432617187500e+02
1.673373336791994461e+02 6.505358123779319612e+01 2.114516754150390625e+02 1.891337432861328125e+02
1.625418395996096024e+02 6.326897430419944612e+01 2.139936523437500000e+02 1.901517486572265625e+02
1.623992156982424149e+02 6.597760009765647737e+01 2.120530090332031250e+02 1.913729858398437500e+02
1.643954772949221024e+02 6.290816497802757112e+01 2.056367187500000000e+02 1.928863677978515625e+02
1.627856369018556393e+02 5.978519439697282678e+01 2.028725128173828125e+02 1.926353607177734375e+02
1.542600631713869461e+02 6.177660369873069612e+01 2.121391143798828125e+02 1.947566070556640625e+02
1.599972305297853836e+02 6.395843505859397737e+01 2.105718231201171875e+02 1.932637939453125000e+02
1.522787246704103836e+02 5.910788726806663362e+01 2.145280609130859375e+02 2.022379608154296875e+02
1.667193527221681393e+02 7.031581878662126428e+01 2.035774688720703125e+02 1.923693389892578125e+02
1.779747619628908524e+02 6.406027221679710237e+01 1.976602172851562500e+02 1.909230346679687500e+02
1.828748703002931961e+02 6.129350280761741487e+01 1.958870391845703125e+02 1.945588073730468750e+02
1.782198486328127274e+02 5.889833831787132112e+01 2.034572143554687500e+02 2.020272369384765625e+02
1.838911056518556961e+02 6.759626770019553987e+01 2.177011260986328125e+02 1.914725646972656250e+02
1.730311584472657955e+02 7.564571380615251428e+01 2.337290649414062500e+02 1.823509063720703125e+02
1.438056640625001705e+02 1.039018402099611080e+02 1.774577636718750000e+02 1.557735900878906250e+02
1.505429306030275143e+02 1.100416259765626705e+02 1.913183135986328125e+02 1.608535156250000000e+02
1.579576568603517330e+02 1.012213211059572018e+02 1.932825012207031250e+02 1.606566619873046875e+02
1.530173034667970455e+02 9.812102508544938928e+01 1.987352294921875000e+02 1.640481109619140625e+02
1.574228210449220455e+02 9.258401489257829553e+01 1.996420898437500000e+02 1.692320556640625000e+02
1.601934051513673580e+02 9.144091033935563928e+01 2.026087341308593750e+02 1.720598907470703125e+02
1.591437072753907955e+02 8.210102844238298303e+01 1.915320434570312500e+02 1.796813049316406250e+02
1.579235763549806393e+02 8.524458312988298303e+01 1.937711944580078125e+02 1.699506530761718750e+02
1.608928604125978268e+02 8.192160797119157678e+01 1.907232513427734375e+02 1.781481781005859375e+02
1.656645660400392330e+02 8.141130828857438928e+01 1.907291564941406250e+02 1.712001495361328125e+02
1.701452178955079830e+02 7.719920349121110803e+01 1.798329162597656250e+02 1.784554748535156250e+02
1.744329452514650143e+02 7.377058410644548303e+01 1.869672393798828125e+02 1.739302062988281250e+02
1.872273330688478268e+02 8.375668334960954553e+01 1.747330169677734375e+02 1.733716430664062500e+02
1.777953567504884518e+02 7.390256500244157678e+01 1.867961273193359375e+02 1.374581146240234375e+02
1.847421340942384518e+02 7.221627044677751428e+01 1.761280975341796875e+02 1.591393585205078125e+02
1.780074615478517330e+02 7.359132385253923303e+01 1.860359191894531250e+02 1.518562927246093750e+02
1.759837417602540768e+02 6.950622558593767053e+01 1.909510955810546875e+02 1.583529052734375000e+02
1.807874221801759518e+02 7.207403564453142053e+01 1.883253631591796875e+02 1.574114990234375000e+02
1.789562454223634518e+02 7.083139801025407678e+01 1.803141937255859375e+02 1.596351776123046875e+02
1.807820968627931393e+02 7.181423187255876428e+01 1.866132965087890625e+02 1.513211212158203125e+02
1.748652420043947018e+02 7.484177398681657678e+01 1.869009857177734375e+02 1.602569427490234375e+02
1.813177719116212643e+02 7.423578643798845178e+01 1.876880645751953125e+02 1.658472747802734375e+02
1.824157409667970455e+02 6.973127746582048303e+01 1.861463012695312500e+02 1.586797180175781250e+02
1.838568038940431393e+02 6.800370788574235803e+01 1.744137115478515625e+02 1.613734436035156250e+02
1.803874130249025143e+02 6.978825378417985803e+01 1.854896392822265625e+02 1.556519470214843750e+02
1.863331298828126705e+02 6.798610687255876428e+01 1.688991699218750000e+02 1.559243316650390625e+02
1.810577316284181393e+02 6.704538726806657678e+01 1.843238677978515625e+02 1.572548065185546875e+02
1.875174713134767330e+02 6.866766357421892053e+01 1.764703063964843750e+02 1.329616699218750000e+02
1.717755355834962643e+02 6.579598236084001428e+01 1.993424224853515625e+02 1.836462554931640625e+02
1.697736129760743893e+02 9.062123870849626428e+01 1.670809478759765625e+02 1.663235626220703125e+02
1.753059005737306393e+02 8.720056915283220178e+01 1.593112945556640625e+02 1.689963226318359375e+02
1.866768875122072018e+02 7.408086395263688928e+01 1.593979339599609375e+02 1.831056671142578125e+02
1.735012283325197018e+02 1.063041534423829830e+02 1.727015838623046875e+02 1.488912048339843750e+02
1.855541000366212643e+02 8.027443695068376428e+01 1.630166778564453125e+02 1.619432525634765625e+02
2.003389663696290768e+02 6.847837066650407678e+01 1.543328704833984375e+02 1.280754852294921875e+02
1.996865844726564205e+02 5.999165344238298303e+01 1.621311035156250000e+02 1.578733825683593750e+02
2.072564315795900143e+02 7.241976928710954553e+01 1.560935821533203125e+02 1.602384643554687500e+02
2.106843338012697018e+02 6.505125427246110803e+01 1.547815399169921875e+02 1.404415588378906250e+02
2.270622482299806393e+02 7.718584442138688928e+01 1.381967926025390625e+02 1.683671417236328125e+02
2.127322006225587643e+02 6.686113739013688928e+01 1.625955963134765625e+02 1.451847686767578125e+02
2.412529449462892330e+02 1.433917732238771237e+02 1.910866394042968750e+02 1.212893295288085938e+02
2.428566970825197018e+02 1.406243972778322018e+02 1.959593353271484375e+02 1.149225311279296875e+02
2.375619430541993893e+02 1.309396705627443112e+02 1.990892486572265625e+02 1.198524703979492188e+02
2.299016113281251705e+02 1.202583847045900143e+02 1.938193359375000000e+02 1.334722442626953125e+02
2.272250976562501705e+02 1.182372589111329830e+02 1.973790893554687500e+02 1.381429138183593750e+02
2.273237152099611080e+02 1.181290664672853268e+02 2.015738830566406250e+02 1.354440155029296875e+02
2.261119232177736080e+02 1.137150802612306393e+02 1.984584045410156250e+02 1.422625274658203125e+02
2.255066528320314205e+02 1.170982055664064205e+02 1.997699584960937500e+02 1.322359619140625000e+02
2.252086105346681393e+02 1.145880584716798580e+02 1.963563385009765625e+02 1.379877014160156250e+02
2.237998733520509518e+02 1.166657333374025143e+02 2.026511688232421875e+02 1.355263214111328125e+02
2.270655593872072018e+02 1.166916351318361080e+02 2.009063568115234375e+02 1.345808410644531250e+02
2.267598495483400143e+02 1.133368682861329830e+02 1.996374664306640625e+02 1.404674377441406250e+02
2.262650299072267330e+02 1.131882553100587643e+02 2.043051452636718750e+02 1.384344635009765625e+02
2.301710357666017330e+02 1.191509475708009518e+02 1.991582336425781250e+02 1.374857635498046875e+02
2.333786315917970455e+02 1.205185775756837643e+02 1.957852783203125000e+02 1.309870758056640625e+02
2.313550720214845455e+02 1.208379211425782955e+02 1.965905151367187500e+02 1.362039794921875000e+02
2.322413635253907955e+02 1.224227218627931393e+02 1.978328247070312500e+02 1.362672882080078125e+02
2.346792755126954830e+02 1.222708435058595455e+02 1.946072082519531250e+02 1.305101318359375000e+02
2.363810501098634518e+02 1.218228988647462643e+02 1.956232757568359375e+02 1.379074249267578125e+02
2.383537216186525143e+02 1.250066070556642330e+02 1.920755767822265625e+02 1.336584777832031250e+02
2.410276794433595455e+02 1.278575439453126705e+02 1.915335083007812500e+02 1.330787963867187500e+02
2.436185684204103268e+02 1.303543472290040768e+02 1.933593597412109375e+02 1.292223358154296875e+02
2.443231277465822018e+02 1.319696197509767330e+02 1.902831878662109375e+02 1.334013366699218750e+02
2.502557220458986080e+02 1.362488555908204830e+02 1.829825744628906250e+02 1.289402770996093750e+02
2.533839111328126705e+02 1.427612266540529049e+02 1.817926025390625000e+02 1.252909622192382812e+02
2.556505813598634518e+02 1.520033111572267330e+02 1.811216888427734375e+02 1.156705017089843750e+02
2.562124099731447018e+02 1.529557418823243893e+02 1.828499603271484375e+02 1.152177276611328125e+02
2.596246185302736080e+02 1.580988044738771237e+02 1.824639587402343750e+02 1.098817367553710938e+02
2.650102691650392330e+02 1.626829605102540768e+02 1.784495544433593750e+02 1.049902801513671875e+02
2.644254074096681393e+02 1.627434844970704830e+02 1.809853057861328125e+02 1.079297790527343750e+02
2.613000335693361080e+02 1.631835632324220455e+02 1.891947326660156250e+02 1.075762329101562500e+02
2.598967285156251705e+02 1.638823089599611080e+02 1.760279541015625000e+02 1.077638244628906250e+02
2.612341156005861080e+02 1.656171035766603268e+02 1.760693054199218750e+02 1.043320159912109375e+02
2.582269287109376705e+02 1.646291122436525143e+02 1.773435058593750000e+02 1.050883941650390625e+02
2.592484359741212643e+02 1.634104270935060299e+02 1.749617462158203125e+02 1.054797439575195312e+02
2.569115524291993893e+02 1.630417327880861080e+02 1.751374664306640625e+02 1.063610534667968750e+02
2.585884170532228268e+02 1.649678993225099362e+02 1.737277069091796875e+02 1.047839279174804688e+02
2.582742004394532955e+02 1.643772964477540768e+02 1.742526855468750000e+02 1.058166961669921875e+02
2.603721771240236080e+02 1.669156265258790768e+02 1.727810363769531250e+02 1.029757537841796875e+02
2.616130905151368893e+02 1.675575675964357174e+02 1.699913482666015625e+02 1.031253433227539062e+02
2.583488159179689205e+02 1.645709419250489987e+02 1.691584472656250000e+02 1.049695663452148438e+02
2.610654983520509518e+02 1.701993255615236080e+02 1.684884490966796875e+02 9.929391479492187500e+01
2.644851760864259518e+02 1.734077110290529049e+02 1.683354949951171875e+02 9.663996124267578125e+01
2.583119049072267330e+02 1.688793945312501705e+02 1.701438903808593750e+02 1.011731872558593750e+02
2.628307342529298580e+02 1.718924980163575924e+02 1.651637268066406250e+02 9.572333526611328125e+01
2.606570739746094887e+02 1.719243316650392046e+02 1.714444274902343750e+02 9.537200927734372158e+01
2.596933593750001137e+02 1.653616943359376137e+02 1.712302856445312500e+02 9.724423217773437500e+01
2.588533630371094887e+02 1.533837509155274574e+02 1.534948425292968750e+02 1.010149078369140625e+02
2.520441436767579262e+02 8.248394775390633527e+01 1.664990234375000000e+02 1.242392883300781250e+02
2.604415512084962074e+02 5.397232055664071027e+01 1.541218109130859375e+02 1.483872985839843750e+02
2.498131942749024574e+02 8.477149200439461652e+01 1.752933807373046875e+02 1.217160797119140625e+02
1.610306587219239418e+02 1.089765396118164915e+02 1.272294540405273438e+02 1.293073883056640625e+02
1.187301330566407387e+02 1.009238052368164915e+02 1.629618225097656250e+02 1.462122955322265625e+02
1.225731658935548012e+02 1.042203521728516478e+02 1.486259765625000000e+02 1.333693237304687500e+02
1.441229095458985512e+02 9.854329681396492902e+01 1.479820556640625000e+02 1.400313568115234375e+02
2.698740844726563637e+02 8.700136566162117902e+01 1.512992248535156250e+02 1.181664886474609375e+02
2.458451385498048012e+02 2.468902587890633527e+01 1.339480590820312500e+02 1.419595642089843750e+02
1.414927368164063637e+02 1.159220581054688353e+02 1.313847045898437500e+02 1.417456359863281534e+02
2.464375534057618324e+02 9.474712753295909806e+01 1.468509063720703125e+02 1.161089859008789062e+02
1.359454727172852699e+02 1.041362075805665199e+02 1.453735198974609375e+02 1.327389678955078125e+02
2.387021179199219887e+02 9.281605529785167619e+01 1.591441650390625000e+02 1.129101562500000000e+02
1.554763870239258949e+02 1.146740989685059731e+02 1.251042938232421875e+02 1.270932388305664062e+02
1.407191467285157387e+02 1.151589584350587074e+02 1.434663391113281250e+02 1.462097625732421875e+02
1.332632293701173012e+02 1.102574310302735512e+02 1.490493164062500000e+02 1.433090820312500000e+02
2.583653869628907387e+02 7.126515197753917619e+01 1.509660339355468750e+02 1.402467041015625000e+02
1.695329856872559731e+02 1.197173461914063637e+02 1.221435012817382812e+02 1.407024230957031250e+02
1.574517669677735512e+02 1.086184234619141762e+02 1.319047851562500000e+02 1.511630249023437500e+02
1.544618453979493324e+02 1.152748565673829262e+02 1.435265350341796875e+02 1.489711914062500000e+02
2.502446441650391762e+02 9.412781524658214494e+01 1.560249023437500000e+02 1.339870147705078125e+02
1.646064834594727699e+02 1.037432785034180824e+02 1.437734832763671875e+02 1.406604461669921875e+02
2.028405609130860512e+02 9.510532379150401994e+01 1.378096618652343750e+02 1.537230987548828125e+02
1.359873657226563637e+02 9.302929687500011369e+01 1.305884399414062500e+02 1.546649475097656250e+02
1.243930130004883949e+02 1.091639175415040199e+02 1.350266571044921875e+02 1.366364898681640625e+02
1.461785163879395668e+02 1.143073883056641762e+02 1.266819686889648438e+02 1.417099609375000000e+02
2.582141342163087074e+02 2.155254364013683244e+01 1.818565826416015625e+02 1.703493194580078125e+02
2.586127624511719887e+02 2.705172729492198869e+01 1.895867309570312500e+02 1.524030151367187500e+02
2.565682830810548012e+02 2.405667877197276994e+01 1.896910705566406250e+02 1.644365692138671875e+02
2.584905548095704262e+02 2.527890777587901994e+01 1.946466979980468750e+02 1.564145965576171875e+02
2.594079895019532387e+02 2.364390563964855119e+01 1.864225463867187500e+02 1.756618957519531250e+02
2.571954956054688637e+02 3.018561553955089494e+01 1.930482788085937500e+02 1.651309051513671875e+02
2.601663818359376137e+02 3.234447479248058244e+01 1.927116088867187500e+02 1.671158599853515625e+02
2.542178268432618324e+02 2.227800750732433244e+01 2.039281158447265625e+02 1.790475006103515625e+02
2.492690277099610512e+02 2.015246582031261369e+01 2.125041809082031250e+02 1.775845947265625000e+02
2.516947402954102699e+02 2.366046905517589494e+01 2.080978240966796875e+02 1.738239593505859375e+02
2.512684173583985512e+02 2.183179473876964494e+01 2.053216857910156250e+02 1.698448333740234375e+02
2.586185531616212074e+02 3.274409484863292619e+01 1.941351470947265625e+02 1.686924133300781250e+02
2.565601119995118324e+02 2.844482421875011369e+01 1.922964019775390625e+02 1.725661010742187500e+02
2.547664489746094887e+02 3.129654693603526994e+01 1.984648437500000000e+02 1.619315032958984375e+02
2.607964859008790199e+02 3.137304687500011369e+01 1.832391204833984375e+02 1.766019897460937500e+02
2.507274017333985512e+02 2.788274383544933244e+01 2.077908630371093750e+02 1.941212310791015625e+02
2.555199737548829262e+02 2.822372436523448869e+01 2.240268249511718750e+02 1.985691528320312500e+02
2.529751434326173580e+02 2.885815429687517053e+01 2.187249450683593750e+02 1.989672851562500000e+02
2.480310745239259518e+02 2.558125305175798303e+01 2.276741180419921875e+02 2.001492614746093750e+02
2.440379180908204830e+02 2.636537170410173303e+01 2.422544860839843750e+02 2.023501892089843750e+02
2.539514389038087074e+02 2.795137023925792619e+01 2.167561798095703125e+02 2.059940490722656250e+02
2.515883560180665199e+02 2.559157562255870744e+01 2.221041107177734375e+02 1.992231597900390625e+02
2.506556167602540199e+02 2.626605224609386369e+01 2.203878021240234375e+02 1.964180908203125000e+02
2.449728240966797443e+02 2.955072784423833809e+01 2.273218078613281250e+02 1.947379608154296875e+02
2.503934173583984943e+02 2.859746551513677559e+01 2.135439758300781250e+02 1.862744293212890625e+02
2.569149551391602131e+02 3.968094635009771309e+01 2.277812347412109375e+02 2.003343353271484375e+02
2.502172317504883381e+02 3.275522613525396309e+01 2.285149383544921875e+02 1.959711761474609375e+02
2.510604400634766193e+02 3.721301269531255684e+01 2.143463439941406250e+02 1.950844726562500000e+02
2.622112197875977131e+02 3.955711364746099434e+01 1.926960296630859375e+02 1.807080383300781250e+02
2.526199035644531818e+02 4.638348388671880684e+01 2.026853637695312500e+02 1.798676147460937500e+02
2.532045516967774006e+02 3.953200531005865059e+01 1.948431549072265625e+02 1.753675689697265625e+02
2.532097244262695881e+02 4.499497985839849434e+01 1.927684173583984375e+02 1.702801208496093750e+02
2.535782394409180256e+02 4.074420928955083809e+01 1.907658233642578125e+02 1.926865081787109375e+02
2.414906539916992756e+02 3.909228515625005684e+01 2.044096832275390625e+02 2.004766235351562500e+02
2.358692703247070881e+02 3.434371948242193184e+01 2.127772064208984375e+02 2.097581176757812500e+02
2.449855270385742756e+02 2.597935485839849434e+01 1.991555328369140625e+02 2.143566589355468750e+02
2.442204055786133381e+02 2.706929779052740059e+01 2.207424163818359375e+02 1.931327667236328125e+02
2.530704421997070881e+02 2.574514007568365059e+01 2.255076141357421875e+02 1.941602325439453125e+02
2.432824478149414631e+02 2.644999694824224434e+01 2.298064422607421875e+02 1.761584777832031250e+02
2.507053756713867756e+02 3.150745391845708809e+01 2.075943145751953125e+02 1.813253631591796875e+02
2.408736877441406818e+02 2.164123535156255684e+01 1.958299560546875000e+02 1.736936035156250000e+02
2.438113250732422443e+02 3.145277404785161934e+01 1.901081848144531250e+02 1.780163269042968750e+02
2.421391601562500568e+02 2.799301147460943184e+01 1.898034057617187500e+02 1.794595947265625000e+02
2.403051681518555256e+02 1.826701354980474434e+01 1.862670440673828125e+02 1.528153381347656250e+02
2.441112365722656818e+02 2.380606842041021309e+01 1.690024414062500000e+02 1.750182952880859375e+02
2.438075408935547443e+02 1.729319763183599434e+01 1.887368469238281250e+02 1.787705993652343750e+02
2.441276245117188068e+02 3.618167114257818184e+01 1.880171508789062500e+02 1.832164916992187500e+02
2.366622772216797443e+02 2.793151855468755684e+01 1.929183654785156250e+02 1.911440429687500000e+02
2.272564392089844318e+02 2.637546539306646309e+01 2.184404296875000000e+02 1.854545135498046875e+02
2.445505142211914631e+02 3.733285522460943184e+01 2.010383758544921875e+02 2.022250366210937500e+02
2.108063888549805256e+02 7.570981597900396309e+01 2.213698272705078125e+02 1.770558319091796875e+02
2.423294143676758949e+02 2.952152252197276994e+01 1.800624237060546875e+02 1.887250213623046875e+02
2.108854980468751137e+02 5.737009429931651994e+01 1.941174316406250000e+02 2.047198333740234375e+02
2.179992675781251137e+02 1.504296646118165199e+02 1.797205810546875000e+02 1.167880096435546875e+02
2.163786010742188637e+02 1.741399307250977699e+02 1.627328491210937500e+02 9.571159362792968750e+01
2.258245468139649574e+02 1.897894554138184731e+02 1.339570770263671875e+02 7.984290313720703125e+01
2.085434570312501137e+02 1.889061088562012856e+02 1.379126586914062500e+02 8.140161895751953125e+01
2.047751312255860512e+02 1.908835868835450356e+02 1.442907104492187500e+02 7.825983428955078125e+01
2.090486907958985512e+02 1.810796318054200356e+02 1.445322875976562500e+02 8.690470123291015625e+01
2.147460327148438637e+02 1.791874237060548012e+02 1.439605712890625000e+02 9.011132812500000000e+01
2.160858764648438637e+02 1.769900817871094887e+02 1.647086486816406250e+02 9.291638183593750000e+01
2.186118621826173012e+02 1.724733657836915199e+02 1.609578552246093750e+02 9.718943786621093750e+01
2.218057403564454262e+02 1.685174140930176634e+02 1.615428466796875000e+02 1.009179916381836222e+02
2.227827377319337074e+02 1.657515525817872231e+02 1.615708465576171875e+02 1.048087844848632812e+02
2.238061828613282387e+02 1.633911094665528481e+02 1.697345275878906250e+02 1.082843704223632812e+02
2.268408584594727699e+02 1.626767387390137856e+02 1.680944976806640625e+02 1.091562271118164062e+02
2.283850402832032387e+02 1.603145790100098793e+02 1.663836364746093750e+02 1.116854209899901207e+02
2.291371231079102699e+02 1.583510761260986897e+02 1.690085601806640625e+02 1.136422729492187500e+02
2.311161651611329262e+02 1.555868549346924397e+02 1.689485473632812500e+02 1.156296386718750000e+02
2.334203109741212074e+02 1.544434185028076740e+02 1.695171356201171875e+02 1.171721878051757812e+02
2.354978256225587074e+02 1.562443752288818928e+02 1.716249847412109375e+02 1.149623641967773438e+02
2.359188232421876137e+02 1.567305927276611897e+02 1.698780212402343750e+02 1.140613403320312500e+02
2.364369201660157387e+02 1.591757106781006428e+02 1.719214782714843750e+02 1.124323348999023438e+02
2.346502609252930824e+02 1.572199840545654865e+02 1.725102996826171875e+02 1.139881362915039062e+02
2.341537551879883949e+02 1.555309429168701740e+02 1.731347808837890625e+02 1.151779251098632812e+02
2.336250228881837074e+02 1.556992511749268147e+02 1.732377777099609375e+02 1.146539306640625000e+02
2.336605072021485512e+02 1.556814479827881428e+02 1.729209594726562500e+02 1.149909286499023438e+02
2.319325714111329262e+02 1.558132152557373615e+02 1.721043701171875000e+02 1.146900405883789062e+02
2.316355667114258949e+02 1.553359317779541584e+02 1.752772369384765625e+02 1.155607452392578125e+02
2.316448745727540199e+02 1.553529529571533772e+02 1.735605010986328125e+02 1.155784606933593750e+02
2.311988830566407387e+02 1.538037281036377522e+02 1.729756774902343750e+02 1.167003479003906250e+02
2.305171813964844887e+02 1.549771595001221272e+02 1.763876647949218750e+02 1.146280822753906250e+02
2.314983444213868324e+02 1.564037303924561115e+02 1.744949188232421875e+02 1.135510635375976562e+02
2.324581909179688637e+02 1.552017154693604084e+02 1.738636169433593750e+02 1.152130889892578125e+02
2.324731979370118324e+02 1.563337612152100178e+02 1.739714813232421875e+02 1.143301620483398438e+02
2.345992126464844887e+02 1.569895877838135334e+02 1.714193420410156250e+02 1.134726104736328125e+02
2.365376892089844887e+02 1.573536815643311115e+02 1.697519226074218750e+02 1.116465835571289062e+02
2.380416183471680824e+02 1.580387821197510334e+02 1.692821502685546875e+02 1.118600616455078125e+02
2.399937591552735512e+02 1.609864444732666584e+02 1.708931884765625000e+02 1.091526031494140625e+02
2.420200576782227699e+02 1.613990840911865803e+02 1.715933990478515625e+02 1.085219039916992188e+02
2.420904922485352699e+02 1.590112514495850178e+02 1.745437164306640625e+02 1.106938095092773438e+02
2.448301162719727699e+02 1.590905437469482990e+02 1.755484161376953125e+02 1.098527297973632812e+02
2.401775741577149574e+02 1.557432117462158772e+02 1.821839447021484375e+02 1.100089416503906250e+02
2.367053298950196449e+02 1.525171451568604084e+02 1.810525665283203125e+02 1.078629913330078125e+02
2.356553649902344887e+02 1.433335514068604084e+02 1.824271545410156250e+02 1.103186187744140625e+02
