2.890000000000000000e+02 1.290000000000000000e+02 1.800000000000000000e+01 1.800000000000000000e+01
2.887211465835571289e+02 1.283948040008544922e+02 1.869619560241699219e+01 1.870346450805664062e+01
2.882426528930664062e+02 1.284741535186767578e+02 1.880177307128906250e+01 1.898901748657226562e+01
2.882357206344604492e+02 1.281073694229125977e+02 1.891343879699707031e+01 1.905018424987792969e+01
2.881638317108154297e+02 1.276155319213867188e+02 1.900951004028320312e+01 1.916707611083984375e+01
2.886310701370239258e+02 1.278408794403076172e+02 1.893803215026855469e+01 1.912170028686523438e+01
2.883181629180908203e+02 1.280588359832763672e+02 1.886623001098632812e+01 1.891656112670898438e+01
2.883302993774414062e+02 1.276259908676147461e+02 1.887631225585937500e+01 1.897678565979003906e+01
2.883577375411987305e+02 1.282124929428100586e+02 1.896571540832519531e+01 1.914833259582519531e+01
2.888981227874755859e+02 1.285665788650512695e+02 1.887012863159179688e+01 1.888811302185058594e+01
2.888713417053222656e+02 1.281227655410766602e+02 1.887047576904296875e+01 1.899699211120605469e+01
2.888327198028564453e+02 1.276659164428710938e+02 1.894868850708007812e+01 1.912493133544921875e+01
2.885377359390258789e+02 1.277411603927612305e+02 1.892244529724121094e+01 1.912920570373535156e+01
2.889371414184570312e+02 1.279482898712158203e+02 1.890315246582031250e+01 1.901302719116210938e+01
2.890932083129882812e+02 1.285619840621948242e+02 1.879739379882812500e+01 1.903801918029785156e+01
2.889424095153808594e+02 1.281781387329101562e+02 1.909861755371093750e+01 1.911924743652343750e+01
2.887271194458007812e+02 1.284102993011474609e+02 1.889334106445312500e+01 1.889144515991210938e+01
2.887660598754882812e+02 1.279201498031616211e+02 1.878649902343750000e+01 1.914623451232910156e+01
2.887089109420776367e+02 1.287260808944702148e+02 1.903815650939941406e+01 1.910688209533691406e+01
2.883829622268676758e+02 1.280970878601074219e+02 1.887412834167480469e+01 1.896203613281250000e+01
2.884520807266235352e+02 1.276793107986450195e+02 1.879527854919433594e+01 1.910561180114746094e+01
2.884316053390502930e+02 1.285645990371704102e+02 1.893251991271972656e+01 1.898703575134277344e+01
2.885615091323852539e+02 1.282451496124267578e+02 1.882777976989746094e+01 1.896020889282226562e+01
2.888478460311889648e+02 1.280367507934570312e+02 1.848873329162597656e+01 1.897789764404296875e+01
2.885898046493530273e+02 1.281435384750366211e+02 1.850787544250488281e+01 1.897896003723144531e+01
2.891993875503540039e+02 1.283166027069091797e+02 1.863421440124511719e+01 1.902101516723632812e+01
2.886754741668701172e+02 1.279100914001464844e+02 1.848679733276367188e+01 1.896059417724609375e+01
2.892823667526245117e+02 1.280188455581665039e+02 1.864947700500488281e+01 1.909873771667480469e+01
2.887561826705932617e+02 1.277168140411376953e+02 1.854043769836425781e+01 1.894630050659179688e+01
2.883619422912597656e+02 1.279259319305419922e+02 1.875127410888671875e+01 1.902083206176757812e+01
2.881771793365478516e+02 1.285906429290771484e+02 1.899829483032226562e+01 1.911873245239257812e+01
2.885349903106689453e+02 1.278010616302490234e+02 1.890485000610351562e+01 1.942114639282226562e+01
2.888257246017456055e+02 1.283062477111816406e+02 1.903543281555175781e+01 1.909583282470703125e+01
2.883664579391479492e+02 1.285726718902587891e+02 1.904040718078613281e+01 1.907373428344726562e+01
2.885243721008300781e+02 1.277348299026489258e+02 1.914183044433593750e+01 1.932534599304199219e+01
2.882932529449462891e+02 1.280905675888061523e+02 1.886530685424804688e+01 1.900587654113769531e+01
2.881289052963256836e+02 1.276056365966796875e+02 1.906871986389160156e+01 1.929515838623046875e+01
2.886114015579223633e+02 1.278780527114868164e+02 1.886681175231933594e+01 1.911855888366699219e+01
2.885041885375976562e+02 1.287123222351074219e+02 1.892097473144531250e+01 1.902799987792968750e+01
2.884225978851318359e+02 1.284030723571777344e+02 1.900137710571289062e+01 1.915940093994140625e+01
2.888108997344970703e+02 1.285222558975219727e+02 1.893927383422851562e+01 1.916716575622558594e+01
2.885407018661499023e+02 1.277451343536376953e+02 1.862755775451660156e+01 1.904495620727539062e+01
2.883949356079101562e+02 1.284663534164428711e+02 1.892739105224609375e+01 1.907703590393066406e+01
2.887445840835571289e+02 1.276889381408691406e+02 1.888135337829589844e+01 1.917270660400390625e+01
2.884881038665771484e+02 1.278607797622680664e+02 1.881740188598632812e+01 1.911768913269042969e+01
2.886190605163574219e+02 1.286824026107788086e+02 1.878557586669921875e+01 1.893489265441894531e+01
2.888563022613525391e+02 1.285988645553588867e+02 1.868958663940429688e+01 1.876114082336425781e+01
2.885239915847778320e+02 1.290348043441772461e+02 1.871886253356933594e+01 1.870881080627441406e+01
2.889118137359619141e+02 1.285785055160522461e+02 1.882789230346679688e+01 1.890809822082519531e+01
2.890551433563232422e+02 1.282585449218750000e+02 1.872625350952148438e+01 1.936428070068359375e+01
2.890136404037475586e+02 1.285737638473510742e+02 1.827289009094238281e+01 1.919102668762207031e+01
2.886956386566162109e+02 1.282490949630737305e+02 1.845813369750976562e+01 1.875375556945800781e+01
2.896723594665527344e+02 1.286481981277465820e+02 1.821174621582031250e+01 1.856493186950683594e+01
2.889025459289550781e+02 1.276561384201049805e+02 1.845373535156250000e+01 1.883606910705566406e+01
2.884268646240234375e+02 1.270805873870849609e+02 1.857090759277343750e+01 1.862141799926757812e+01
2.882602577209472656e+02 1.269111595153808594e+02 1.889709472656250000e+01 1.934945678710937500e+01
2.878530530929565430e+02 1.277301187515258789e+02 1.868171882629394531e+01 1.887016868591308594e+01
2.874373064041137695e+02 1.282448158264160156e+02 1.830755424499511719e+01 1.871882629394531250e+01
2.870679636001586914e+02 1.291663112640380859e+02 1.769182395935058594e+01 1.881728744506835938e+01
2.864064731597900391e+02 1.304343385696411133e+02 1.752415084838867188e+01 1.882127189636230469e+01
2.843450393676757812e+02 1.331824245452880859e+02 1.731809997558593750e+01 1.731479263305664062e+01
2.835538997650146484e+02 1.338344106674194336e+02 1.716463088989257812e+01 1.735016822814941406e+01
2.829134426116943359e+02 1.341762228012084961e+02 1.694610977172851562e+01 1.676366615295410156e+01
2.819588823318481445e+02 1.343426504135131836e+02 1.706812858581542969e+01 1.674375343322753906e+01
2.805250587463378906e+02 1.345221490859985352e+02 1.790023803710937500e+01 1.657967948913574219e+01
2.793187437057495117e+02 1.340900983810424805e+02 1.776332283020019531e+01 1.730452919006347656e+01
2.785711688995361328e+02 1.340832996368408203e+02 1.790828323364257812e+01 1.681777572631835938e+01
2.776328001022338867e+02 1.343294801712036133e+02 1.802290534973144531e+01 1.711276817321777344e+01
2.785826930999755859e+02 1.346616573333740234e+02 1.760457229614257812e+01 1.686664199829101562e+01
2.782414417266845703e+02 1.350503683090209961e+02 1.732400131225585938e+01 1.569345283508300781e+01
2.777425203323364258e+02 1.353121891021728516e+02 1.753852653503417969e+01 1.604170608520507812e+01
2.766596870422363281e+02 1.338584375381469727e+02 1.829911804199218750e+01 1.766625785827636719e+01
2.760839061737060547e+02 1.234590682983398438e+02 2.048805618286132812e+01 2.660366821289062500e+01
2.755094614028930664e+02 1.232711811065673828e+02 2.189207267761230469e+01 2.699273300170898438e+01
2.775870752334594727e+02 1.236738328933715820e+02 2.026541709899902344e+01 2.534144401550292969e+01
2.770255470275878906e+02 1.219980669021606445e+02 2.125237274169921875e+01 2.451191520690917969e+01
2.779816370010375977e+02 1.192415685653686523e+02 2.106696891784667969e+01 2.558735084533691406e+01
2.789240684509277344e+02 1.146602210998535156e+02 2.218881225585937500e+01 2.632987976074218750e+01
2.765036077499389648e+02 1.098530321121215820e+02 2.525515174865722656e+01 2.903388786315917969e+01
2.786871919631958008e+02 1.098021783828735352e+02 2.381339073181152344e+01 2.481057548522949219e+01
2.813350372314453125e+02 1.096095590591430664e+02 2.104021453857421875e+01 2.153917503356933594e+01
2.800690202713012695e+02 1.030381898880004883e+02 2.255672264099121094e+01 2.551067161560058594e+01
2.841495342254638672e+02 1.040796241760253906e+02 2.162691116333007812e+01 2.215084838867187500e+01
2.846866960525512695e+02 1.013570842742919922e+02 2.084108543395996094e+01 2.140647506713867188e+01
2.774981317520141602e+02 9.350427818298339844e+01 2.881010246276855469e+01 2.572038650512695312e+01
2.824243173599243164e+02 9.182995319366455078e+01 2.537322807312011719e+01 2.487761497497558594e+01
2.756179342269897461e+02 8.828624439239501953e+01 2.812144660949707031e+01 2.490817070007324219e+01
2.777582416534423828e+02 8.498697376251220703e+01 2.725535964965820312e+01 2.575446891784667969e+01
2.791782760620117188e+02 8.336737346649169922e+01 2.824131011962890625e+01 2.819938087463378906e+01
2.710197353363037109e+02 7.979967117309570312e+01 3.702133560180664062e+01 3.362599945068359375e+01
2.685374965667724609e+02 7.734441947937011719e+01 3.942110061645507812e+01 3.470425796508789062e+01
2.693843688964843750e+02 7.785181045532226562e+01 3.889331054687500000e+01 3.262917327880859375e+01
2.723156147003173828e+02 7.899525070190429688e+01 3.660131454467773438e+01 3.297333526611328125e+01
2.743840980529785156e+02 8.162509536743164062e+01 3.641957855224609375e+01 3.490880584716796875e+01
2.679363632202148438e+02 8.481344223022460938e+01 4.042881774902343750e+01 4.295159149169921875e+01
2.853632469177246094e+02 1.152474727630615234e+02 2.494156646728515625e+01 3.193248367309570312e+01
2.863489971160888672e+02 1.146432971954345703e+02 2.097151565551757812e+01 2.226639938354492188e+01
2.872981681823730469e+02 1.099236764907836914e+02 1.917533111572265625e+01 1.958103752136230469e+01
2.868505382537841797e+02 1.071737079620361328e+02 1.929156875610351562e+01 1.936727523803710938e+01
2.876941871643066406e+02 1.086127471923828125e+02 1.880402374267578125e+01 1.946611022949218750e+01
2.871349363327026367e+02 1.142902832031250000e+02 1.891015052795410156e+01 1.849876403808593750e+01
2.880580835342407227e+02 1.250122318267822266e+02 1.825784873962402344e+01 1.944829940795898438e+01
2.893756179809570312e+02 1.238015556335449219e+02 1.778031158447265625e+01 1.889053344726562500e+01
2.902705841064453125e+02 1.184123544692993164e+02 1.835069274902343750e+01 1.928172874450683594e+01
2.905649356842041016e+02 1.172736749649047852e+02 1.920772171020507812e+01 1.959958457946777344e+01
2.918647727966308594e+02 1.209607019424438477e+02 1.856832122802734375e+01 1.873774528503417969e+01
2.922215023040771484e+02 1.274585895538330078e+02 1.871960830688476562e+01 1.856422042846679688e+01
2.939371309280395508e+02 1.246561517715454102e+02 1.889647483825683594e+01 1.898832511901855469e+01
2.951798906326293945e+02 1.228921051025390625e+02 1.887101554870605469e+01 1.925116729736328125e+01
2.961024675369262695e+02 1.253045301437377930e+02 1.864468955993652344e+01 1.918853187561035156e+01
2.979076805114746094e+02 1.282714681625366211e+02 1.852093505859375000e+01 1.954314613342285156e+01
2.978495883941650391e+02 1.256744651794433594e+02 1.911332321166992188e+01 1.943417358398437500e+01
2.998752889633178711e+02 1.277848320007324219e+02 1.982006263732910156e+01 1.951039123535156250e+01
3.015156869888305664e+02 1.287270002365112305e+02 1.882841300964355469e+01 1.983945655822753906e+01
3.024337863922119141e+02 1.277896242141723633e+02 1.841579055786132812e+01 1.957038688659667969e+01
3.030695877075195312e+02 1.290121698379516602e+02 1.926068878173828125e+01 1.983804893493652344e+01
3.054900979995727539e+02 1.298287639617919922e+02 1.889629173278808594e+01 2.000062179565429688e+01
3.065671033859252930e+02 1.293962526321411133e+02 1.914816474914550781e+01 1.980938529968261719e+01
3.078565206527709961e+02 1.304492540359497070e+02 1.933284950256347656e+01 1.965141868591308594e+01
3.085005807876586914e+02 1.303574047088623047e+02 1.931161308288574219e+01 1.974486923217773438e+01
3.100050249099731445e+02 1.300517559051513672e+02 1.951374626159667969e+01 2.002278518676757812e+01
3.115049829483032227e+02 1.304923810958862305e+02 1.952956962585449219e+01 1.992046546936035156e+01
3.126821289062500000e+02 1.304724378585815430e+02 1.959365081787109375e+01 1.990387153625488281e+01
3.137538175582885742e+02 1.306229467391967773e+02 1.980156898498535156e+01 1.991257667541503906e+01
3.143642520904541016e+02 1.303779220581054688e+02 1.993770217895507812e+01 2.006695556640625000e+01
3.156772909164428711e+02 1.307087259292602539e+02 1.984613227844238281e+01 2.015023612976074219e+01
3.158356981277465820e+02 1.306553783416748047e+02 2.022501182556152344e+01 1.995548629760742188e+01
3.174333677291870117e+02 1.308251428604125977e+02 2.012200355529785156e+01 2.002175712585449219e+01
3.175440950393676758e+02 1.308305006027221680e+02 2.058502769470214844e+01 2.041141700744628906e+01
3.179075088500976562e+02 1.304409341812133789e+02 2.050795745849609375e+01 2.048573112487792969e+01
3.186179361343383789e+02 1.299821109771728516e+02 2.003587150573730469e+01 2.048321151733398438e+01
3.184208269119262695e+02 1.305126276016235352e+02 2.014761924743652344e+01 2.043298149108886719e+01
3.196805191040039062e+02 1.298943004608154297e+02 1.980474090576171875e+01 2.046593093872070312e+01
3.190893115997314453e+02 1.299536542892456055e+02 2.007636642456054688e+01 2.030141639709472656e+01
3.185826406478881836e+02 1.298639135360717773e+02 1.986652565002441406e+01 2.023451423645019531e+01
3.184548788070678711e+02 1.308569002151489258e+02 2.039804267883300781e+01 2.051312065124511719e+01
3.180815267562866211e+02 1.308647613525390625e+02 2.001555824279785156e+01 1.992486572265625000e+01
3.178431358337402344e+02 1.306162824630737305e+02 2.059982299804687500e+01 2.019769477844238281e+01
3.176863241195678711e+02 1.305099601745605469e+02 2.015582466125488281e+01 2.015847015380859375e+01
3.171983251571655273e+02 1.308029718399047852e+02 2.029860877990722656e+01 2.017522239685058594e+01
3.168409957885742188e+02 1.310644216537475586e+02 1.991709136962890625e+01 2.036004829406738281e+01
3.164110794067382812e+02 1.299826164245605469e+02 2.012618255615234375e+01 2.024221038818359375e+01
3.160624694824218750e+02 1.300790309906005859e+02 1.973943328857421875e+01 1.981922531127929688e+01
3.156096687316894531e+02 1.303446083068847656e+02 1.973246002197265625e+01 2.019908905029296875e+01
3.155344381332397461e+02 1.312494640350341797e+02 1.965431404113769531e+01 1.967406082153320312e+01
3.148441743850708008e+02 1.311647415161132812e+02 1.898141288757324219e+01 1.878321838378906250e+01
3.149494953155517578e+02 1.324123868942260742e+02 1.906310653686523438e+01 1.807541084289550781e+01
3.134265213012695312e+02 1.318055419921875000e+02 1.913172912597656250e+01 1.887308502197265625e+01
3.129922657012939453e+02 1.319533567428588867e+02 1.904027175903320312e+01 1.876786994934082031e+01
3.105731573104858398e+02 1.323421974182128906e+02 1.930938148498535156e+01 1.885187530517578125e+01
3.088697662353515625e+02 1.317871294021606445e+02 1.914422607421875000e+01 1.907232475280761719e+01
3.067358055114746094e+02 1.305984830856323242e+02 1.861045837402343750e+01 1.951110267639160156e+01
3.030284729003906250e+02 1.300076179504394531e+02 1.792460632324218750e+01 1.975550842285156250e+01
3.001275863647460938e+02 1.299393291473388672e+02 1.844847869873046875e+01 2.007841873168945312e+01
2.966966524124145508e+02 1.307401638031005859e+02 1.890375328063964844e+01 1.970879745483398438e+01
2.937101621627807617e+02 1.293583822250366211e+02 1.968488502502441406e+01 1.986915779113769531e+01
2.909205837249755859e+02 1.304082269668579102e+02 1.851118850708007812e+01 1.968570518493652344e+01
2.881130495071411133e+02 1.294919509887695312e+02 1.903262901306152344e+01 1.985877227783203125e+01
2.855042266845703125e+02 1.303286113739013672e+02 1.928922271728515625e+01 1.967164230346679688e+01
2.836283216476440430e+02 1.294171848297119141e+02 1.927930641174316406e+01 2.013057327270507812e+01
2.807820854187011719e+02 1.295372381210327148e+02 1.893494415283203125e+01 1.998131752014160156e+01
2.787554130554199219e+02 1.290827426910400391e+02 1.909963226318359375e+01 1.981245803833007812e+01
2.765334568023681641e+02 1.295909833908081055e+02 1.897828292846679688e+01 1.982213783264160156e+01
2.744751472473144531e+02 1.286614265441894531e+02 1.918959808349609375e+01 2.023652648925781250e+01
2.715481662750244141e+02 1.296854209899902344e+02 1.924230575561523438e+01 2.022938537597656250e+01
2.697747802734375000e+02 1.297384634017944336e+02 1.904011535644531250e+01 1.971370124816894531e+01
2.681321916580200195e+02 1.289979162216186523e+02 1.928885459899902344e+01 2.002287483215332031e+01
2.660168657302856445e+02 1.291519355773925781e+02 1.953858757019042969e+01 1.991619110107421875e+01
2.636614818572998047e+02 1.292313098907470703e+02 1.954429244995117188e+01 2.000336074829101562e+01
2.614742755889892578e+02 1.300312967300415039e+02 1.911499404907226562e+01 1.978643608093261719e+01
2.588007783889770508e+02 1.294950942993164062e+02 1.987078666687011719e+01 2.038327026367187500e+01
2.564120140075683594e+02 1.303604965209960938e+02 1.967295837402343750e+01 2.022724914550781250e+01
2.541172714233398438e+02 1.306674175262451172e+02 1.951895904541015625e+01 2.010858535766601562e+01
2.513572368621826172e+02 1.299801387786865234e+02 1.949771499633789062e+01 2.050494003295898438e+01
2.490015468597412109e+02 1.309493141174316406e+02 1.989422225952148438e+01 2.009869384765625000e+01
2.463852434158325195e+02 1.307823190689086914e+02 1.989562797546386719e+01 2.058847618103027344e+01
2.437151784896850586e+02 1.305003137588500977e+02 2.003907966613769531e+01 2.065405082702636719e+01
2.409883975982666016e+02 1.314844017028808594e+02 2.042859268188476562e+01 2.033293151855468750e+01
2.390912246704101562e+02 1.314229688644409180e+02 2.047530364990234375e+01 2.078785133361816406e+01
2.361494398117065430e+02 1.323475103378295898e+02 2.082591438293457031e+01 2.105111122131347656e+01
2.357480363845825195e+02 1.327471027374267578e+02 2.054545402526855469e+01 2.077201461791992188e+01
2.373298101425170898e+02 1.332226171493530273e+02 2.034897804260253906e+01 2.079371070861816406e+01
2.393733110427856445e+02 1.351470947265625000e+02 2.049154472351074219e+01 2.033596038818359375e+01
2.397802886962890625e+02 1.358346424102783203e+02 2.071826934814453125e+01 2.066493606567382812e+01
2.411677322387695312e+02 1.361363248825073242e+02 2.034168243408203125e+01 2.094161415100097656e+01
2.423039264678955078e+02 1.373901290893554688e+02 2.044140243530273438e+01 2.129283905029296875e+01
2.429176101684570312e+02 1.385760440826416016e+02 2.000096893310546875e+01 2.105545425415039062e+01
2.449309215545654297e+02 1.392510175704956055e+02 2.012872695922851562e+01 2.086046028137207031e+01
2.447641029357910156e+02 1.401936864852905273e+02 2.038105773925781250e+01 2.090249061584472656e+01
2.458164768218994141e+02 1.417232856750488281e+02 2.071122360229492188e+01 2.102140045166015625e+01
2.462915573120117188e+02 1.426361589431762695e+02 2.033461761474609375e+01 2.104131889343261719e+01
2.466585874557495117e+02 1.430788373947143555e+02 2.036534309387207031e+01 2.105536842346191406e+01
2.478621616363525391e+02 1.442798690795898438e+02 2.063061141967773438e+01 2.122682952880859375e+01
2.482014694213867188e+02 1.450636768341064453e+02 2.072648620605468750e+01 2.123797225952148438e+01
2.484194765090942383e+02 1.458138408660888672e+02 2.080647087097167969e+01 2.106274032592773438e+01
2.490684423446655273e+02 1.474047031402587891e+02 2.066834449768066406e+01 2.095154190063476562e+01
2.507612991333007812e+02 1.479373693466186523e+02 2.054919433593750000e+01 2.110535621643066406e+01
2.507405405044555664e+02 1.494895124435424805e+02 2.070055961608886719e+01 2.084162330627441406e+01
2.515708751678466797e+02 1.499057722091674805e+02 2.103591537475585938e+01 2.117421150207519531e+01
2.520085000991821289e+02 1.511029996871948242e+02 2.095428276062011719e+01 2.104530525207519531e+01
2.541658506393432617e+02 1.517614078521728516e+02 2.060424995422363281e+01 2.114698410034179688e+01
2.546616926193237305e+02 1.535888233184814453e+02 2.057354927062988281e+01 2.113656234741210938e+01
2.548177270889282227e+02 1.545595912933349609e+02 2.102289390563964844e+01 2.093634414672851562e+01
2.555939178466796875e+02 1.553263998031616211e+02 2.088948822021484375e+01 2.114066505432128906e+01
2.550515651702880859e+02 1.567197151184082031e+02 2.133703994750976562e+01 2.114763641357421875e+01
2.562557821273803711e+02 1.573410978317260742e+02 2.085869026184082031e+01 2.109406471252441406e+01
2.559055356979370117e+02 1.584240074157714844e+02 2.126518440246582031e+01 2.109899902343750000e+01
2.565822477340698242e+02 1.600315208435058594e+02 2.085206031799316406e+01 2.136294555664062500e+01
2.563368787765502930e+02 1.608925600051879883e+02 2.131190681457519531e+01 2.145044517517089844e+01
2.568836984634399414e+02 1.612754058837890625e+02 2.134287834167480469e+01 2.138379669189453125e+01
2.563957328796386719e+02 1.624107103347778320e+02 2.196299743652343750e+01 2.144077110290527344e+01
2.570850296020507812e+02 1.628869724273681641e+02 2.135211944580078125e+01 2.153934097290039062e+01
2.566569089889526367e+02 1.636334171295166016e+02 2.180573463439941406e+01 2.160950088500976562e+01
2.570315427780151367e+02 1.647075262069702148e+02 2.159457588195800781e+01 2.159235572814941406e+01
2.570259780883789062e+02 1.654310960769653320e+02 2.177864837646484375e+01 2.178703117370605469e+01
2.563715620040893555e+02 1.664291276931762695e+02 2.198512458801269531e+01 2.177321434020996094e+01
2.565335054397583008e+02 1.672582159042358398e+02 2.212280845642089844e+01 2.179675483703613281e+01
2.559789056777954102e+02 1.679423255920410156e+02 2.182884788513183594e+01 2.172080993652343750e+01
2.564243812561035156e+02 1.680719308853149414e+02 2.170535278320312500e+01 2.163361167907714844e+01
2.566161842346191406e+02 1.692342901229858398e+02 2.182778930664062500e+01 2.174621772766113281e+01
2.567492246627807617e+02 1.695724515914916992e+02 2.185860633850097656e+01 2.185329627990722656e+01
2.572860593795776367e+02 1.704924354553222656e+02 2.177209663391113281e+01 2.183267211914062500e+01
2.586358079910278320e+02 1.709499568939208984e+02 2.153417778015136719e+01 2.159078598022460938e+01
2.587255125045776367e+02 1.713837242126464844e+02 2.181569862365722656e+01 2.179796600341796875e+01
2.590452156066894531e+02 1.716358709335327148e+02 2.181380462646484375e+01 2.177919197082519531e+01
2.601820545196533203e+02 1.714741973876953125e+02 2.161452102661132812e+01 2.154922485351562500e+01
2.616195611953735352e+02 1.721894550323486328e+02 2.150905418395996094e+01 2.172039413452148438e+01
2.618384647369384766e+02 1.724914512634277344e+02 2.181436538696289062e+01 2.174945068359375000e+01
2.624548788070678711e+02 1.738311233520507812e+02 2.184134101867675781e+01 2.185993957519531250e+01
2.645708599090576172e+02 1.736368446350097656e+02 2.175525283813476562e+01 2.194818878173828125e+01
2.654043102264404297e+02 1.741725797653198242e+02 2.155169296264648438e+01 2.177424812316894531e+01
2.656018466949462891e+02 1.769204196929931641e+02 2.140266799926757812e+01 1.988187026977539062e+01
2.659092941284179688e+02 1.786810922622680664e+02 2.115030670166015625e+01 1.966528129577636719e+01
2.665518312454223633e+02 1.772257843017578125e+02 2.055890464782714844e+01 1.982801055908203125e+01
2.668374605178833008e+02 1.767852640151977539e+02 2.044012260437011719e+01 1.982239341735839844e+01
2.665744915008544922e+02 1.766620378494262695e+02 2.061082839965820312e+01 1.960926628112792969e+01
2.677902383804321289e+02 1.754412078857421875e+02 2.038833427429199219e+01 1.951644134521484375e+01
2.679777622222900391e+02 1.717660121917724609e+02 2.152917861938476562e+01 2.107094955444335938e+01
2.704187765121459961e+02 1.672851448059082031e+02 2.192514228820800781e+01 2.259345245361328125e+01
2.733692150115966797e+02 1.631580104827880859e+02 2.185129165649414062e+01 2.265520858764648438e+01
2.746359109878540039e+02 1.600276355743408203e+02 2.135923576354980469e+01 2.216306686401367188e+01
2.773865432739257812e+02 1.568727884292602539e+02 2.148086547851562500e+01 2.176168632507324219e+01
2.792541332244873047e+02 1.535955543518066406e+02 2.140469741821289062e+01 2.234886932373046875e+01
2.820383234024047852e+02 1.498199348449707031e+02 2.134906578063964844e+01 2.204554748535156250e+01
2.845855150222778320e+02 1.471873359680175781e+02 2.147247123718261719e+01 2.200715637207031250e+01
2.867616004943847656e+02 1.434052705764770508e+02 2.085002899169921875e+01 2.175773429870605469e+01
2.896998138427734375e+02 1.408702001571655273e+02 2.002480316162109375e+01 2.141192817687988281e+01
2.923865385055541992e+02 1.380888929367065430e+02 1.997155952453613281e+01 2.114926338195800781e+01
2.943901920318603516e+02 1.352263441085815430e+02 1.983928298950195312e+01 2.145406532287597656e+01
2.970871038436889648e+02 1.326708688735961914e+02 2.017127418518066406e+01 2.095978355407714844e+01
