3.900000000000000000e+01 2.800000000000000000e+01 1.700000000000000000e+01 1.400000000000000000e+01
4.064577531814575195e+01 2.667732381820678711e+01 1.585810756683349609e+01 1.575576114654541016e+01
3.956963062286376953e+01 2.640015506744384766e+01 1.617708396911621094e+01 1.645830726623535156e+01
3.954506492614746094e+01 2.672801733016967773e+01 1.608467483520507812e+01 1.572845554351806641e+01
3.957030963897705078e+01 2.666303253173828125e+01 1.618212699890136719e+01 1.579666900634765625e+01
3.953507423400878906e+01 2.663210535049438477e+01 1.648520278930664062e+01 1.588941478729248047e+01
3.986322402954101562e+01 2.741290950775146484e+01 1.648292541503906250e+01 1.600361061096191406e+01
3.953572940826416016e+01 2.693744945526123047e+01 1.609582710266113281e+01 1.601923561096191406e+01
3.968093872070312500e+01 2.782602405548095703e+01 1.610129165649414062e+01 1.586588096618652344e+01
3.955223464965820312e+01 2.695523357391357422e+01 1.646677017211914062e+01 1.558114814758300781e+01
4.018814897537231445e+01 2.761986446380615234e+01 1.585098552703857422e+01 1.574196052551269531e+01
3.998735523223876953e+01 2.737844085693359375e+01 1.632065010070800781e+01 1.586022949218750000e+01
3.965470695495605469e+01 2.684364509582519531e+01 1.619376373291015625e+01 1.603197860717773438e+01
3.990663433074951172e+01 2.775749492645263672e+01 1.606325340270996094e+01 1.567301368713378906e+01
3.972400951385498047e+01 2.661174678802490234e+01 1.660048484802246094e+01 1.613063240051269531e+01
3.993397426605224609e+01 2.688341331481933594e+01 1.592326164245605469e+01 1.560408401489257812e+01
3.970861339569091797e+01 2.677749109268188477e+01 1.649947929382324219e+01 1.591121959686279297e+01
4.025470066070556641e+01 2.757464504241943359e+01 1.600929450988769531e+01 1.570352363586425781e+01
4.010119152069091797e+01 2.740374851226806641e+01 1.622515296936035156e+01 1.588987922668457031e+01
3.956399440765380859e+01 2.671723651885986328e+01 1.656353950500488281e+01 1.604675483703613281e+01
3.991584825515747070e+01 2.686499309539794922e+01 1.597663021087646484e+01 1.542819023132324219e+01
4.037825679779052734e+01 2.727393054962158203e+01 1.591850090026855469e+01 1.544247627258300781e+01
3.967606115341186523e+01 2.778745269775390625e+01 1.598165607452392578e+01 1.605717086791992188e+01
3.998090744018554688e+01 2.710642433166503906e+01 1.640522003173828125e+01 1.602779388427734375e+01
3.961468887329101562e+01 2.670439863204956055e+01 1.641213226318359375e+01 1.583857440948486328e+01
3.997049045562744141e+01 2.736050128936767578e+01 1.621666526794433594e+01 1.599966621398925781e+01
3.958452701568603516e+01 2.689679050445556641e+01 1.628980827331542969e+01 1.602887153625488281e+01
3.998768615722656250e+01 2.777481460571289062e+01 1.622222137451171875e+01 1.579813003540039062e+01
3.957039070129394531e+01 2.717638111114501953e+01 1.626292037963867188e+01 1.607712745666503906e+01
4.020096492767333984e+01 2.652489185333251953e+01 1.614948463439941406e+01 1.595390892028808594e+01
3.948083400726318359e+01 2.741530895233154297e+01 1.622906303405761719e+01 1.607648658752441406e+01
3.999302387237548828e+01 2.677662658691406250e+01 1.615005683898925781e+01 1.607783889770507812e+01
3.933014297485351562e+01 2.779117965698242188e+01 1.604145812988281250e+01 1.575099563598632812e+01
4.002794456481933594e+01 2.671761703491210938e+01 1.671248245239257812e+01 1.623835372924804688e+01
4.032610225677490234e+01 2.694765806198120117e+01 1.590279579162597656e+01 1.563410663604736328e+01
4.012098312377929688e+01 2.670054101943969727e+01 1.636392974853515625e+01 1.594555568695068359e+01
3.961766719818115234e+01 2.743523406982421875e+01 1.602117729187011719e+01 1.615291976928710938e+01
4.001531982421875000e+01 2.681423568725585938e+01 1.617818069458007812e+01 1.598502349853515625e+01
3.935868930816650391e+01 2.774665355682373047e+01 1.635400581359863281e+01 1.625541877746582031e+01
3.927721309661865234e+01 2.683272743225097656e+01 1.686667442321777344e+01 1.611815261840820312e+01
3.973920869827270508e+01 2.703256225585937500e+01 1.582366466522216797e+01 1.552967834472656250e+01
3.994091606140136719e+01 2.760702705383300781e+01 1.614425659179687500e+01 1.575680923461914062e+01
3.967433452606201172e+01 2.744722461700439453e+01 1.633420372009277344e+01 1.580718803405761719e+01
4.028042125701904297e+01 2.667197227478027344e+01 1.618850517272949219e+01 1.613787078857421875e+01
3.965650653839111328e+01 2.761236476898193359e+01 1.614084053039550781e+01 1.618303489685058594e+01
4.031343746185302734e+01 2.687581729888916016e+01 1.617455863952636719e+01 1.591531181335449219e+01
3.971512794494628906e+01 2.769207668304443359e+01 1.645988464355468750e+01 1.628370857238769531e+01
3.940864562988281250e+01 2.673143577575683594e+01 1.688196945190429688e+01 1.654394149780273438e+01
4.015119838714599609e+01 2.644917392730712891e+01 1.654147911071777344e+01 1.601920127868652344e+01
3.954418659210205078e+01 2.765072631835937500e+01 1.728293037414550781e+01 1.818875885009765625e+01
3.906450366973876953e+01 2.644186973571777344e+01 1.763387489318847656e+01 2.012204360961914062e+01
3.963670730590820312e+01 2.590050315856933594e+01 1.811047744750976562e+01 2.057606124877929688e+01
4.055999946594238281e+01 2.653534698486328125e+01 1.764782714843750000e+01 1.942951965332031250e+01
4.117887783050537109e+01 2.739958000183105469e+01 1.874516868591308594e+01 1.944606399536132812e+01
4.160919666290283203e+01 2.697214889526367188e+01 2.009837532043457031e+01 1.878410339355468750e+01
4.791952800750732422e+01 2.674203300476074219e+01 1.728890800476074219e+01 1.853293228149414062e+01
3.824718379974365234e+01 2.715551948547363281e+01 1.715255928039550781e+01 1.591183853149414062e+01
4.185770893096923828e+01 2.636819934844970703e+01 1.564887809753417969e+01 1.762267875671386719e+01
4.338889884948730469e+01 2.674703311920166016e+01 1.759872055053710938e+01 1.761542320251464844e+01
4.608419799804687500e+01 2.768941879272460938e+01 1.793682098388671875e+01 1.740037536621093750e+01
4.872341060638427734e+01 2.845931148529052734e+01 1.794720649719238281e+01 1.728179359436035156e+01
5.212101554870605469e+01 2.827222633361816406e+01 1.733126449584960938e+01 1.775857162475585938e+01
5.515497303009033203e+01 2.915229034423828125e+01 1.681365776062011719e+01 1.844261932373046875e+01
5.782818603515625000e+01 2.966038227081298828e+01 1.717388153076171875e+01 1.812282371520996094e+01
5.999068355560302734e+01 3.103078269958496094e+01 1.807808113098144531e+01 1.816357803344726562e+01
6.279297447204589844e+01 3.223280429840087891e+01 1.760715866088867188e+01 1.752900505065917969e+01
6.670989131927490234e+01 3.460925865173339844e+01 1.649810981750488281e+01 1.709707260131835938e+01
6.934660148620605469e+01 3.669248104095458984e+01 1.602123641967773438e+01 1.634028053283691406e+01
7.128637981414794922e+01 3.791297626495361328e+01 1.701443672180175781e+01 1.667458152770996094e+01
7.452720832824707031e+01 3.914264011383056641e+01 1.639860916137695312e+01 1.617852592468261719e+01
7.745902156829833984e+01 4.006575012207031250e+01 1.628310585021972656e+01 1.707361602783203125e+01
8.117530727386474609e+01 4.121802425384521484e+01 1.533982276916503906e+01 1.701044654846191406e+01
8.416858959197998047e+01 4.239124965667724609e+01 1.557643318176269531e+01 1.689343452453613281e+01
8.687023401260375977e+01 4.299239730834960938e+01 1.579323863983154297e+01 1.762350463867187500e+01
8.942879581451416016e+01 4.357397460937500000e+01 1.616924858093261719e+01 1.738249206542968750e+01
8.626927185058593750e+01 3.803479576110839844e+01 3.775325775146484375e+01 3.264255142211914062e+01
4.004677581787109375e+01 0.000000000000000000e+00 1.232848739624023438e+02 6.842427444458007812e+01
0.000000000000000000e+00 0.000000000000000000e+00 2.115811424255371094e+02 1.266605854034423828e+02
0.000000000000000000e+00 0.000000000000000000e+00 3.468144359588623047e+02 1.181513528823852539e+02
0.000000000000000000e+00 0.000000000000000000e+00 2.384740514755249023e+02 2.720000000000000000e+02
0.000000000000000000e+00 0.000000000000000000e+00 5.120000000000000000e+02 2.720000000000000000e+02
0.000000000000000000e+00 0.000000000000000000e+00 5.120000000000000000e+02 2.720000000000000000e+02
0.000000000000000000e+00 0.000000000000000000e+00 5.120000000000000000e+02 2.720000000000000000e+02
0.000000000000000000e+00 0.000000000000000000e+00 5.120000000000000000e+02 2.720000000000000000e+02
0.000000000000000000e+00 0.000000000000000000e+00 5.120000000000000000e+02 2.720000000000000000e+02
0.000000000000000000e+00 0.000000000000000000e+00 5.120000000000000000e+02 2.720000000000000000e+02
0.000000000000000000e+00 0.000000000000000000e+00 5.120000000000000000e+02 2.720000000000000000e+02
0.000000000000000000e+00 0.000000000000000000e+00 5.120000000000000000e+02 2.720000000000000000e+02
0.000000000000000000e+00 0.000000000000000000e+00 5.120000000000000000e+02 2.720000000000000000e+02
0.000000000000000000e+00 0.000000000000000000e+00 5.120000000000000000e+02 2.720000000000000000e+02
0.000000000000000000e+00 0.000000000000000000e+00 5.120000000000000000e+02 2.720000000000000000e+02
0.000000000000000000e+00 0.000000000000000000e+00 5.120000000000000000e+02 2.720000000000000000e+02
0.000000000000000000e+00 0.000000000000000000e+00 5.120000000000000000e+02 2.720000000000000000e+02
0.000000000000000000e+00 0.000000000000000000e+00 5.120000000000000000e+02 2.720000000000000000e+02
0.000000000000000000e+00 0.000000000000000000e+00 5.120000000000000000e+02 2.720000000000000000e+02
0.000000000000000000e+00 0.000000000000000000e+00 5.120000000000000000e+02 2.720000000000000000e+02
0.000000000000000000e+00 0.000000000000000000e+00 5.120000000000000000e+02 2.720000000000000000e+02
0.000000000000000000e+00 0.000000000000000000e+00 5.060556640625000000e+02 2.681960754394531250e+02
2.160110473632698813e+00 0.000000000000000000e+00 5.049677429199218750e+02 2.706491394042967613e+02
0.000000000000000000e+00 0.000000000000000000e+00 5.028025207519530113e+02 2.675592498779296875e+02
5.056457519530681566e-01 0.000000000000000000e+00 5.016015319824218750e+02 2.695280990600585938e+02
7.746582031249431566e-01 0.000000000000000000e+00 5.024903869628906250e+02 2.705023155212402344e+02
0.000000000000000000e+00 0.000000000000000000e+00 5.051695556640624432e+02 2.696362438201904297e+02
2.904510498046875000e-01 0.000000000000000000e+00 5.067143859863281250e+02 2.710358953475952148e+02
0.000000000000000000e+00 0.000000000000000000e+00 5.039718627929687500e+02 2.637924838066101074e+02
9.477767944335937500e+00 0.000000000000000000e+00 4.989969177246093750e+02 2.720000000000000000e+02
0.000000000000000000e+00 0.000000000000000000e+00 5.028988342285155113e+02 2.687680664062498863e+02
0.000000000000000000e+00 0.000000000000000000e+00 5.036381988525390057e+02 2.696531829833984375e+02
1.066291809082031250e+00 0.000000000000000000e+00 5.049664306640625000e+02 2.703530502319335938e+02
0.000000000000000000e+00 0.000000000000000000e+00 5.014516067504882812e+02 2.715865440368652344e+02
0.000000000000000000e+00 0.000000000000000000e+00 5.067256202697753906e+02 2.678022594451904297e+02
1.732759475707894126e+00 0.000000000000000000e+00 5.058287048339843750e+02 2.698526830673216637e+02
0.000000000000000000e+00 0.000000000000000000e+00 5.003513965606688316e+02 2.709851794242858887e+02
0.000000000000000000e+00 0.000000000000000000e+00 5.040040369033812908e+02 2.707099053859710693e+02
9.342083930969238281e-01 0.000000000000000000e+00 5.054038085937500000e+02 2.716691921949386597e+02
0.000000000000000000e+00 0.000000000000000000e+00 5.040619091987609863e+02 2.643368543982505798e+02
6.547769784927368164e+00 0.000000000000000000e+00 4.998889770507812500e+02 2.720000000000000000e+02
0.000000000000000000e+00 0.000000000000000000e+00 5.013705847263336182e+02 2.720000000000000000e+02
0.000000000000000000e+00 0.000000000000000000e+00 5.059835406541824341e+02 2.650222320556640625e+02
6.245981752872467041e+00 0.000000000000000000e+00 5.011558837890625000e+02 2.720000000000000000e+02
0.000000000000000000e+00 0.000000000000000000e+00 5.024445443749427795e+02 2.660176696777343750e+02
2.697430878877639771e+00 0.000000000000000000e+00 4.995935058593750000e+02 2.703084564208984375e+02
9.078190624713897705e-01 0.000000000000000000e+00 5.041340332031250000e+02 2.699423446655273438e+02
4.043095409870147705e-01 0.000000000000000000e+00 5.044605102539062500e+02 2.706566581726074219e+02
0.000000000000000000e+00 0.000000000000000000e+00 5.065602391064167023e+02 2.665853786468505859e+02
3.478041306138038635e+00 0.000000000000000000e+00 5.031544494628906250e+02 2.684259595870971680e+02
0.000000000000000000e+00 0.000000000000000000e+00 4.990485521703958511e+02 2.703181891441345215e+02
0.000000000000000000e+00 0.000000000000000000e+00 5.033993066027760506e+02 2.692318637371063232e+02
1.930732402950525284e+00 0.000000000000000000e+00 5.029318847656250000e+02 2.697986558675765991e+02
2.520408306270724097e+00 0.000000000000000000e+00 5.023300476074218750e+02 2.701339775919913109e+02
1.339500103145610410e+00 0.000000000000000000e+00 5.027453308105468750e+02 2.703460110127923599e+02
0.000000000000000000e+00 0.000000000000000000e+00 5.058319622613487354e+02 2.690696424692868050e+02
5.172994900493677051e-01 0.000000000000000000e+00 5.043032226562500000e+02 2.697512213811278343e+02
3.562124539165552051e-01 0.000000000000000000e+00 5.050825500488281250e+02 2.698741305880248547e+02
1.073568630962427051e-01 0.000000000000000000e+00 5.068886108398437500e+02 2.707921678330749273e+02
0.000000000000000000e+00 0.000000000000000000e+00 5.041098593045024927e+02 2.677239189995452762e+02
3.517283583059338525e-01 0.000000000000000000e+00 5.051277160644531250e+02 2.690114956325851381e+02
1.226453700102808853e+00 0.000000000000000000e+00 5.060639343261718750e+02 2.699780836317222565e+02
7.402171278371838525e-01 0.000000000000000000e+00 5.019083557128906250e+02 2.702943091498455033e+02
6.352035049332016570e-02 0.000000000000000000e+00 5.041687316894531250e+02 2.707225329928913879e+02
6.794566297901951657e-01 0.000000000000000000e+00 5.056360778808593750e+02 2.708825677659770008e+02
0.000000000000000000e+00 0.000000000000000000e+00 5.056105479383839452e+02 2.646757199181447504e+02
4.836096723098194161e+00 0.000000000000000000e+00 5.033804931640625000e+02 2.709013060039942502e+02
0.000000000000000000e+00 0.000000000000000000e+00 5.021733159613794442e+02 2.720000000000000000e+02
0.000000000000000000e+00 0.000000000000000000e+00 5.087727083957287846e+02 2.664254150390625000e+02
3.517991771106608212e+00 0.000000000000000000e+00 5.056319885253906250e+02 2.681911773681640625e+02
0.000000000000000000e+00 0.000000000000000000e+00 5.020054795640753582e+02 2.716052017211914062e+02
0.000000000000000000e+00 0.000000000000000000e+00 5.066057366082095541e+02 2.651177864074707031e+02
0.000000000000000000e+00 0.000000000000000000e+00 5.120000000000000000e+02 2.720000000000000000e+02
0.000000000000000000e+00 0.000000000000000000e+00 5.120000000000000000e+02 2.720000000000000000e+02
0.000000000000000000e+00 0.000000000000000000e+00 5.120000000000000000e+02 2.720000000000000000e+02
0.000000000000000000e+00 0.000000000000000000e+00 5.120000000000000000e+02 2.720000000000000000e+02
0.000000000000000000e+00 0.000000000000000000e+00 5.120000000000000000e+02 2.720000000000000000e+02
0.000000000000000000e+00 0.000000000000000000e+00 5.120000000000000000e+02 2.720000000000000000e+02
0.000000000000000000e+00 0.000000000000000000e+00 5.120000000000000000e+02 2.720000000000000000e+02
0.000000000000000000e+00 0.000000000000000000e+00 5.120000000000000000e+02 2.720000000000000000e+02
0.000000000000000000e+00 0.000000000000000000e+00 5.120000000000000000e+02 2.720000000000000000e+02
0.000000000000000000e+00 0.000000000000000000e+00 5.120000000000000000e+02 2.720000000000000000e+02
0.000000000000000000e+00 0.000000000000000000e+00 5.120000000000000000e+02 2.720000000000000000e+02
0.000000000000000000e+00 0.000000000000000000e+00 5.120000000000000000e+02 2.720000000000000000e+02
0.000000000000000000e+00 0.000000000000000000e+00 5.120000000000000000e+02 2.720000000000000000e+02
0.000000000000000000e+00 0.000000000000000000e+00 5.120000000000000000e+02 2.720000000000000000e+02
0.000000000000000000e+00 0.000000000000000000e+00 5.120000000000000000e+02 2.720000000000000000e+02
0.000000000000000000e+00 0.000000000000000000e+00 5.120000000000000000e+02 2.720000000000000000e+02
0.000000000000000000e+00 0.000000000000000000e+00 5.120000000000000000e+02 2.720000000000000000e+02
0.000000000000000000e+00 0.000000000000000000e+00 5.120000000000000000e+02 2.720000000000000000e+02
0.000000000000000000e+00 0.000000000000000000e+00 5.120000000000000000e+02 2.720000000000000000e+02
0.000000000000000000e+00 0.000000000000000000e+00 5.120000000000000000e+02 2.720000000000000000e+02
0.000000000000000000e+00 0.000000000000000000e+00 5.120000000000000000e+02 2.720000000000000000e+02
0.000000000000000000e+00 0.000000000000000000e+00 5.120000000000000000e+02 2.720000000000000000e+02
0.000000000000000000e+00 0.000000000000000000e+00 5.120000000000000000e+02 2.720000000000000000e+02
0.000000000000000000e+00 0.000000000000000000e+00 5.120000000000000000e+02 2.720000000000000000e+02
0.000000000000000000e+00 0.000000000000000000e+00 5.120000000000000000e+02 2.720000000000000000e+02
0.000000000000000000e+00 0.000000000000000000e+00 5.120000000000000000e+02 2.720000000000000000e+02
0.000000000000000000e+00 0.000000000000000000e+00 5.120000000000000000e+02 2.720000000000000000e+02
0.000000000000000000e+00 0.000000000000000000e+00 5.120000000000000000e+02 2.720000000000000000e+02
0.000000000000000000e+00 0.000000000000000000e+00 5.047757263183593750e+02 2.683519134521484375e+02
1.300628662109375000e+00 0.000000000000000000e+00 5.054158020019531250e+02 2.701028060913085938e+02
9.658813476562500000e-03 0.000000000000000000e+00 5.035545043945312500e+02 2.711733360290527344e+02
0.000000000000000000e+00 0.000000000000000000e+00 5.094002380371093750e+02 2.668727245330810547e+02
3.233566284179687500e+00 0.000000000000000000e+00 5.046066894531250000e+02 2.686945714950561523e+02
1.517501831054687500e+00 0.000000000000000000e+00 4.984860839843750000e+02 2.698961291313171387e+02
0.000000000000000000e+00 0.000000000000000000e+00 5.029421386718750000e+02 2.687621057033538818e+02
1.272583007812500000e-02 0.000000000000000000e+00 5.051488647460937500e+02 2.695198773145675659e+02
5.802001953125000000e-01 0.000000000000000000e+00 5.063768310546875000e+02 2.701881918311119080e+02
0.000000000000000000e+00 0.000000000000000000e+00 5.034838104248046875e+02 2.694012553393840790e+02
8.843231201160506316e-02 0.000000000000000000e+00 5.049998168945312500e+02 2.703167165368794258e+02
0.000000000000000000e+00 0.000000000000000000e+00 5.061184768676756676e+02 2.716994349285960197e+02
0.000000000000000000e+00 0.000000000000000000e+00 5.069386634826659588e+02 2.653012555502355099e+02
4.800264358520507812e+00 0.000000000000000000e+00 5.044025878906250000e+02 2.700040365885943174e+02
0.000000000000000000e+00 0.000000000000000000e+00 5.032192707061767578e+02 2.712331889485940337e+02
0.000000000000000000e+00 0.000000000000000000e+00 5.093434610366821289e+02 2.642870351481251419e+02
4.287666797637939453e+00 0.000000000000000000e+00 5.047225952148437500e+02 2.704471522176172584e+02
0.000000000000000000e+00 0.000000000000000000e+00 5.014004750251770020e+02 2.720000000000000000e+02
0.000000000000000000e+00 0.000000000000000000e+00 5.071429560184478760e+02 2.656072845458984375e+02
5.038869976997375488e+00 0.000000000000000000e+00 5.040409240722656250e+02 2.699627609252929688e+02
0.000000000000000000e+00 0.000000000000000000e+00 5.002285062074661255e+02 2.720000000000000000e+02
0.000000000000000000e+00 0.000000000000000000e+00 5.062550612092018127e+02 2.638799438476562500e+02
7.745389491319656372e+00 0.000000000000000000e+00 4.986237792968750000e+02 2.720000000000000000e+02
0.000000000000000000e+00 0.000000000000000000e+00 5.024862189590929802e+02 2.694745483398436363e+02
1.311560407280865093e+00 0.000000000000000000e+00 5.018473510742187500e+02 2.699391632080078125e+02
0.000000000000000000e+00 0.000000000000000000e+00 5.052083194404839901e+02 2.703934555053710938e+02
0.000000000000000000e+00 0.000000000000000000e+00 5.075302919223904610e+02 2.661532249450683594e+02
2.574044886976480484e+00 0.000000000000000000e+00 5.036596679687500000e+02 2.686063060760498047e+02
1.645318690687417984e+00 0.000000000000000000e+00 5.037610168457031250e+02 2.706639165878295898e+02
0.000000000000000000e+00 0.000000000000000000e+00 5.005054718889296055e+02 2.718416628837585449e+02
0.000000000000000000e+00 0.000000000000000000e+00 5.067749222237616777e+02 2.628370149135589600e+02
9.465662405826151371e+00 0.000000000000000000e+00 5.012846374511718750e+02 2.720000000000000000e+02
0.000000000000000000e+00 0.000000000000000000e+00 5.021276191929355264e+02 2.688025054931640625e+02
2.956516374833881855e-01 0.000000000000000000e+00 5.029089965820312500e+02 2.702935104370117188e+02
2.398502458818256855e-01 0.000000000000000000e+00 5.042469177246093750e+02 2.690770530700683594e+02
0.000000000000000000e+00 0.000000000000000000e+00 5.024438449968582745e+02 2.704842967987059410e+02
0.000000000000000000e+00 0.000000000000000000e+00 5.045218187386635122e+02 2.686953649520874023e+02
0.000000000000000000e+00 0.000000000000000000e+00 5.031407311466755345e+02 2.707629656791687012e+02
0.000000000000000000e+00 0.000000000000000000e+00 5.066742321504862048e+02 2.669412972927093506e+02
2.871738267625914887e+00 0.000000000000000000e+00 5.033328552246093750e+02 2.697360752820968628e+02
0.000000000000000000e+00 0.000000000000000000e+00 4.983363073594226762e+02 2.715280718207358177e+02
2.153123772484775600e+00 0.000000000000000000e+00 5.052868957519531250e+02 2.672373635470867157e+02
2.011796868187900600e+00 0.000000000000000000e+00 5.015865173339843750e+02 2.699321430772542953e+02
9.107836845941505999e-01 0.000000000000000000e+00 5.017649841308593750e+02 2.710583109185099602e+02
0.000000000000000000e+00 0.000000000000000000e+00 5.069479083183832131e+02 2.634192158840596676e+02
7.580765682629134972e+00 0.000000000000000000e+00 4.993625488281250000e+02 2.719285715650767088e+02
0.000000000000000000e+00 0.000000000000000000e+00 5.023335885586055838e+02 2.690698918616398032e+02
0.000000000000000000e+00 0.000000000000000000e+00 5.023036961347715419e+02 2.705395846026949584e+02
0.000000000000000000e+00 0.000000000000000000e+00 5.053075029746123619e+02 2.688139817544724792e+02
3.776742167983684340e-01 0.000000000000000000e+00 5.047424621582031250e+02 2.708939903889549896e+02
0.000000000000000000e+00 0.000000000000000000e+00 5.042817879863296184e+02 2.709699291544384323e+02
0.000000000000000000e+00 0.000000000000000000e+00 5.064468784902351217e+02 2.667532446065160912e+02
2.369206457031623358e+00 0.000000000000000000e+00 5.042533874511718750e+02 2.691177569468127331e+02
3.222551630861971717e-01 0.000000000000000000e+00 5.032965087890625000e+02 2.704108834782890654e+02
0.000000000000000000e+00 0.000000000000000000e+00 5.036377764033205722e+02 2.715817997713711520e+02
0.000000000000000000e+00 0.000000000000000000e+00 5.083782754086915361e+02 2.639318910966230760e+02
6.693074471923864621e+00 0.000000000000000000e+00 5.027466430664062500e+02 2.711966431801474755e+02
0.000000000000000000e+00 0.000000000000000000e+00 5.003772785734863646e+02 2.715869232746440503e+02
0.000000000000000000e+00 0.000000000000000000e+00 5.041121469771728698e+02 2.696894882486501501e+02
0.000000000000000000e+00 0.000000000000000000e+00 5.037758763450317474e+02 2.713782524251063251e+02
0.000000000000000000e+00 0.000000000000000000e+00 5.085355669566955612e+02 2.668367397379438444e+02
3.870551422683604414e+00 0.000000000000000000e+00 5.050613098144531250e+02 2.692050367390889960e+02
0.000000000000000000e+00 0.000000000000000000e+00 5.004786446844023544e+02 2.720000000000000000e+02
0.000000000000000000e+00 0.000000000000000000e+00 5.052950932162245863e+02 2.653031311035156250e+02
5.699853737018543143e+00 0.000000000000000000e+00 5.005260009765625000e+02 2.720000000000000000e+02
0.000000000000000000e+00 0.000000000000000000e+00 5.017823732682685431e+02 2.653084716796875000e+02
3.589947620462396571e+00 0.000000000000000000e+00 5.000881958007812500e+02 2.720000000000000000e+02
0.000000000000000000e+00 0.000000000000000000e+00 5.054912995491733341e+02 2.635843048095703125e+02
7.709791620289820457e+00 0.000000000000000000e+00 5.004741821289062500e+02 2.720000000000000000e+02
0.000000000000000000e+00 0.000000000000000000e+00 5.015768875675554455e+02 2.677230072021484375e+02
0.000000000000000000e+00 0.000000000000000000e+00 5.019334633150277227e+02 2.699310836791992188e+02
0.000000000000000000e+00 0.000000000000000000e+00 5.052945972580997704e+02 2.697657890319824219e+02
0.000000000000000000e+00 0.000000000000000000e+00 5.052735956261201977e+02 2.717091426849365234e+02
0.000000000000000000e+00 0.000000000000000000e+00 5.082800473247788204e+02 2.645480833053588867e+02
