1.700000000000000000e+02 4.100000000000000000e+01 1.800000000000000000e+01 4.500000000000000000e+01
1.682388420104980469e+02 4.068464469909667969e+01 1.985295867919921875e+01 4.449829483032226562e+01
1.680407896041870117e+02 4.040343093872070312e+01 1.952739906311035156e+01 4.529673767089843750e+01
1.685558986663818359e+02 3.985568618774414062e+01 1.909460067749023438e+01 4.507999420166015625e+01
1.682176456451416016e+02 4.077673912048339844e+01 1.917064285278320312e+01 4.414312362670898438e+01
1.682137336730957031e+02 4.081894111633301492e+01 1.909717559814453125e+01 4.479431533813475852e+01
1.680564336776733398e+02 4.023791885375977273e+01 1.911355781555175781e+01 4.485657501220702414e+01
1.671870059967041016e+02 4.025634384155273438e+01 1.956566238403320312e+01 4.465428161621093750e+01
1.678792362213134766e+02 4.068472480773925781e+01 1.903120040893554688e+01 4.400426864624023438e+01
1.680347795486450195e+02 4.015841102600097656e+01 1.901679801940917969e+01 4.364593124389648438e+01
1.682265911102294922e+02 4.052889060974121094e+01 1.718424606323242188e+01 4.413370895385742188e+01
1.687226743698120117e+02 3.973304748535156250e+01 1.750393867492675781e+01 4.617839050292968750e+01
1.696559257507324219e+02 4.011015892028808594e+01 1.643056488037109375e+01 4.367773818969726562e+01
1.696101574897766113e+02 3.972794342041015625e+01 1.581626033782958984e+01 4.574847412109375000e+01
1.691144418716430664e+02 3.857299423217773438e+01 1.564243888854980469e+01 4.694116973876953125e+01
1.698319902420043945e+02 3.857314109802246094e+01 1.699167442321777344e+01 4.709632492065429688e+01
1.698802661895751953e+02 3.969167327880859375e+01 1.661636734008789062e+01 4.693187713623046875e+01
1.695237226486206055e+02 4.030849647521972656e+01 1.756724739074707031e+01 4.445717239379882812e+01
1.700070514678955078e+02 3.995759773254394531e+01 1.780308151245117188e+01 4.481903457641601562e+01
1.712304306030273438e+02 3.926815032958984375e+01 1.788868713378906250e+01 4.682785797119140625e+01
1.716675729751586914e+02 4.018865585327148438e+01 1.900296592712402344e+01 4.515711212158203125e+01
1.723625392913818359e+02 3.987679100036621094e+01 1.921114730834960938e+01 4.608897018432617188e+01
1.721851663589477539e+02 4.098353767395019531e+01 1.914002799987792969e+01 4.546815872192382812e+01
1.729838705062866211e+02 4.161713600158691406e+01 1.833380317687988281e+01 4.493684768676757812e+01
1.730786705017089844e+02 4.038029289245605469e+01 1.615011596679687500e+01 4.629384231567382812e+01
1.746582946777343750e+02 3.921287155151367188e+01 1.685520935058593750e+01 4.727556610107421875e+01
1.747667646408081055e+02 4.046554565429687500e+01 1.713626289367675781e+01 4.663301849365234375e+01
1.753581771850585938e+02 3.940712165832519531e+01 1.686090087890625000e+01 4.733893966674804688e+01
1.755624046325683594e+02 4.060126686096191406e+01 1.632625579833984375e+01 4.473418807983398438e+01
1.781536436080932617e+02 3.858183288574218750e+01 1.638758277893066406e+01 4.801735687255859375e+01
1.776967611312866211e+02 3.977371406555175781e+01 1.648671913146972656e+01 4.581307601928710938e+01
1.787194676399230957e+02 3.946715545654296875e+01 1.595900630950927734e+01 4.548312377929687500e+01
1.798257722854614258e+02 4.007257270812988281e+01 1.649246025085449219e+01 4.472802352905273438e+01
1.804138250350952148e+02 3.933088111877441406e+01 1.650483131408691406e+01 4.523740768432617188e+01
1.803789834976196289e+02 4.059379005432128906e+01 1.637012290954589844e+01 4.486577224731445312e+01
1.808253269195556641e+02 3.939369201660156250e+01 1.677325057983398438e+01 4.714265441894531250e+01
1.812287244796752930e+02 4.106615447998046875e+01 1.726828956604003906e+01 4.557009124755859375e+01
1.824733190536499023e+02 4.090562820434570312e+01 1.721979713439941406e+01 4.413329315185546875e+01
1.826949181556701660e+02 4.236515808105468750e+01 1.591131114959716797e+01 3.951826477050781250e+01
1.842199535369873047e+02 4.068088722229003906e+01 1.646686172485351562e+01 4.466769027709960938e+01
1.836933355331420898e+02 4.065828514099121094e+01 1.640232276916503906e+01 4.546003341674804688e+01
1.848919391632080078e+02 4.128354072570800781e+01 1.717895126342773438e+01 4.540123367309570312e+01
1.878618974685668945e+02 4.155434226989746094e+01 1.684342765808105469e+01 4.392286300659179688e+01
1.867580451965332031e+02 4.201610755920410156e+01 1.700685882568359375e+01 4.325024032592773438e+01
1.873302955627441406e+02 4.141412544250488281e+01 1.759409332275390625e+01 4.539259719848632812e+01
1.900583286285400391e+02 4.210635757446289062e+01 1.801750564575195312e+01 4.142559051513671875e+01
1.906943273544311523e+02 4.072247505187988281e+01 1.737923622131347656e+01 4.435837173461914062e+01
1.943440513610839844e+02 4.051471138000488281e+01 1.676970672607421875e+01 4.360171890258789062e+01
1.948471903800964355e+02 4.141061210632324219e+01 1.496032810211181641e+01 3.802605819702148438e+01
1.955287518501281738e+02 4.208537101745605469e+01 1.574747371673583984e+01 3.840816879272460938e+01
1.964288263320922852e+02 4.165561294555664773e+01 1.472543907165527344e+01 4.098005676269530539e+01
1.978424000740051270e+02 4.024180412292481179e+01 1.452705287933349609e+01 4.581561660766600852e+01
1.986296830177307129e+02 4.079431533813476562e+01 1.497210979461669922e+01 4.591590881347656250e+01
1.996427373886108398e+02 3.997838592529297586e+01 1.502461433410644531e+01 4.711814880371093039e+01
2.002569627761840820e+02 4.087156105041503196e+01 1.644849205017089844e+01 4.442998886108399148e+01
2.015975809097290039e+02 4.065482711791992188e+01 1.724033164978027344e+01 4.348311614990234375e+01
2.031053357124328613e+02 4.027453231811523438e+01 1.542295742034912109e+01 4.697599792480468750e+01
2.033432159423828125e+02 4.103370285034179688e+01 1.674818420410156250e+01 4.664032745361328125e+01
2.046832194328308105e+02 4.291057777404785156e+01 1.559347629547119141e+01 4.632841110229492188e+01
2.064240732192993164e+02 4.229563522338867188e+01 1.452326011657714844e+01 4.667089843750000000e+01
2.075647411346435547e+02 4.269712638854980469e+01 1.398697280883789062e+01 4.596654129028320312e+01
2.082148566246032715e+02 4.267300224304199219e+01 1.400362110137939453e+01 4.564150619506835938e+01
2.105033197402954102e+02 4.231067276000976562e+01 1.406867027282714844e+01 4.759125518798828125e+01
2.105002260208129883e+02 4.128040504455566406e+01 1.457117271423339844e+01 4.811273574829101562e+01
2.110798668861389160e+02 4.255197143554687500e+01 1.395134258270263672e+01 4.691449737548828125e+01
2.118732347488403320e+02 4.107147026062011719e+01 1.437147331237792969e+01 4.718858718872070312e+01
2.126257529258728027e+02 4.287643623352050781e+01 1.466373920440673828e+01 4.591807174682617188e+01
2.132033643722534180e+02 4.182131958007812500e+01 1.511277961730957031e+01 4.424124145507812500e+01
2.137774820327758789e+02 4.296730995178222656e+01 1.557910728454589844e+01 4.398050308227539062e+01
2.147392439842224121e+02 4.257426261901855469e+01 1.575870227813720703e+01 4.597505569458007812e+01
2.146408166885375977e+02 4.261249542236328125e+01 1.636656761169433594e+01 4.514151763916015625e+01
2.177599406242370605e+02 4.220879745483398438e+01 1.587920475006103516e+01 4.451575469970703125e+01
2.181687169075012207e+02 4.322807121276855469e+01 1.575855922698974609e+01 4.495608139038085938e+01
2.193217701911926270e+02 4.341766738891601562e+01 1.517871761322021484e+01 4.503865051269531250e+01
2.215574769973754883e+02 4.385406112670898438e+01 1.458560752868652344e+01 4.510418701171875000e+01
2.228742814064025879e+02 4.374923515319824219e+01 1.548785686492919922e+01 4.484651565551757812e+01
2.233370871543884277e+02 4.391991806030273438e+01 1.497584247589111328e+01 4.544791412353515625e+01
2.255072784423828125e+02 4.301803016662597656e+01 1.559565734863281250e+01 4.635565567016601562e+01
2.265043420791625977e+02 4.230718803405761719e+01 1.397778892517089844e+01 4.660518264770507812e+01
2.274875569343566895e+02 4.178771400451660156e+01 1.461366176605224609e+01 4.763570022583007812e+01
2.277182683944702148e+02 4.097437286376953125e+01 1.432969856262207031e+01 4.774205017089843750e+01
2.290609493255615234e+02 4.209108352661132812e+01 1.407459640502929688e+01 4.672619628906250000e+01
2.289135465621948242e+02 4.080340957641601562e+01 1.440160560607910156e+01 4.757583618164062500e+01
2.293731923103332520e+02 4.153388786315917969e+01 1.555782985687255859e+01 4.749560928344726562e+01
2.300827975273132324e+02 4.126603507995605469e+01 1.475996494293212891e+01 4.779710006713867188e+01
2.305636157989501953e+02 4.139529228210449219e+01 1.664349746704101562e+01 4.693443679809570312e+01
2.315509777069091797e+02 4.147834777832031250e+01 1.665113449096679688e+01 4.608240509033203125e+01
2.326209564208984375e+02 4.158000183105468750e+01 1.734910583496093750e+01 4.651069641113281250e+01
2.332013063430786133e+02 4.181435966491699219e+01 1.743484306335449219e+01 4.565741348266601562e+01
2.336277074813842773e+02 4.227680587768554688e+01 1.812967109680175781e+01 4.526056671142578125e+01
2.339574003219604492e+02 4.269324684143066406e+01 1.873516273498535156e+01 4.559983444213867188e+01
2.351379108428955078e+02 4.204948234558105469e+01 1.698093032836914062e+01 4.516514205932617188e+01
2.355300846099853516e+02 4.284702682495117188e+01 1.781868362426757812e+01 4.585146331787109375e+01
2.364992809295654297e+02 4.276435661315917969e+01 1.716664505004882812e+01 4.571027755737304688e+01
2.371243267059326172e+02 4.399930381774902344e+01 1.642105484008789062e+01 4.467078781127929688e+01
2.383304538726806641e+02 4.379898452758789062e+01 1.645913314819335938e+01 4.452036285400390625e+01
2.394153118133544922e+02 4.387574958801269531e+01 1.716695785522460938e+01 4.442335128784179688e+01
2.404142293930053711e+02 4.409378433227539062e+01 1.750026893615722656e+01 4.452612304687500000e+01
2.396567716598510742e+02 4.468422889709472656e+01 1.859642982482910156e+01 4.532892990112304688e+01
2.419110174179077148e+02 4.453723335266113281e+01 1.845809364318847656e+01 4.366953659057617188e+01
2.441056551933288574e+02 4.442669105529785156e+01 1.568646335601806641e+01 4.443748855590820312e+01
2.450394992828369141e+02 4.233801460266113281e+01 1.634285354614257812e+01 4.658277511596679688e+01
2.449844017028808594e+02 4.403412246704101562e+01 1.624520874023437500e+01 4.508406829833984375e+01
2.460321869850158691e+02 4.428340339660644531e+01 1.545795726776123047e+01 4.499653244018554688e+01
2.467616658210754395e+02 4.326172828674316406e+01 1.598720455169677734e+01 4.574843978881835938e+01
2.482381291389465332e+02 4.375906562805175781e+01 1.548130702972412109e+01 4.510785293579101562e+01
2.479538445472717285e+02 4.473044776916503906e+01 1.486402416229248047e+01 4.424334335327148438e+01
2.493289318084716797e+02 4.350027847290039062e+01 1.475273513793945312e+01 4.537276458740234375e+01
2.495258631706237793e+02 4.382396888732910156e+01 1.467718601226806641e+01 4.511284255981445312e+01
2.511346187591552734e+02 4.272375297546386719e+01 1.493240737915039062e+01 4.573854446411132812e+01
2.511670217514038086e+02 4.344944000244140625e+01 1.494069099426269531e+01 4.492063140869140625e+01
2.512905383110046387e+02 4.377763366699218750e+01 1.561767673492431641e+01 4.451570892333984375e+01
2.529541797637939453e+02 4.362767219543457031e+01 1.562170791625976562e+01 4.481113815307617188e+01
2.528488287925720215e+02 4.421893310546875000e+01 1.599384021759033203e+01 4.455685424804687500e+01
2.546788196563720703e+02 4.401341247558593750e+01 1.728597640991210938e+01 4.512445831298828125e+01
2.540176095962524414e+02 4.456884956359863281e+01 1.797967338562011719e+01 4.382945632934570312e+01
2.533678684234619141e+02 4.426284790039062500e+01 1.827331924438476562e+01 4.439781951904296875e+01
2.554247407913208008e+02 4.429506111145019531e+01 1.716590690612792969e+01 4.418445205688476562e+01
2.558104238510131836e+02 4.431354713439941406e+01 1.694999122619628906e+01 4.275419998168945312e+01
2.583566770553588867e+02 4.401488494873046875e+01 1.617984962463378906e+01 4.260066986083984375e+01
2.619962110519409180e+02 4.441152381896972656e+01 1.448917579650878906e+01 4.305283737182617188e+01
2.632454390525817871e+02 4.493461036682128906e+01 1.444836139678955078e+01 3.900151443481445312e+01
2.672632665634155273e+02 4.438368415832519531e+01 1.514930152893066406e+01 4.076273727416992188e+01
2.681326351165771484e+02 4.376501274108886719e+01 1.401070785522460938e+01 4.291891860961914062e+01
2.693767175674438477e+02 4.278686523437500000e+01 1.437534904479980469e+01 4.455103302001953125e+01
2.701098666191101074e+02 4.312447166442871094e+01 1.454578495025634766e+01 4.348340225219726562e+01
2.703954086303710938e+02 4.436647224426269531e+01 1.466369628906250000e+01 4.267671585083007812e+01
2.724079384803771973e+02 4.371599960327148438e+01 1.498990917205810547e+01 4.226700592041015625e+01
2.734900984764099121e+02 4.442301750183105469e+01 1.556456470489501953e+01 4.223920059204101562e+01
2.746590914726257324e+02 4.361423301696777344e+01 1.588176822662353516e+01 4.362612533569335938e+01
2.758601346015930176e+02 4.445921707153320312e+01 1.579109096527099609e+01 4.315552520751953125e+01
2.769362001419067383e+02 4.292800521850585938e+01 1.648396110534667969e+01 4.421548461914062500e+01
2.780399017333984375e+02 4.459721374511718750e+01 1.667181396484375000e+01 4.352262115478515625e+01
2.791397562026977539e+02 4.385100555419921875e+01 1.746856498718261719e+01 4.685090637207031250e+01
2.800133476257324219e+02 4.300087356567382812e+01 1.802914428710937500e+01 4.709486389160156250e+01
2.812934541702270508e+02 4.461250114440917969e+01 1.787542533874511719e+01 4.768001937866210938e+01
2.828336772918701172e+02 4.510386657714843750e+01 1.730392837524414062e+01 4.602215576171875000e+01
2.852352428436279297e+02 4.430584907531738281e+01 1.551585006713867188e+01 4.832502365112304688e+01
2.870453462600708008e+02 4.455113601684570312e+01 1.406616020202636719e+01 4.783220672607421875e+01
2.883351984024047852e+02 4.439963531494140625e+01 1.446566581726074219e+01 4.839229583740234375e+01
2.884045643806457520e+02 4.261437606811523438e+01 1.449666500091552734e+01 5.016248321533203125e+01
2.896162204742431641e+02 4.316176986694335938e+01 1.466540908813476562e+01 4.927702331542968750e+01
2.908376197814941406e+02 4.301069450378417969e+01 1.542232513427734375e+01 4.937199020385742188e+01
2.916910839080810547e+02 4.359413146972656250e+01 1.519558334350585938e+01 4.902715301513671875e+01
2.926384048461914062e+02 4.319895172119140625e+01 1.635916137695312500e+01 4.842208099365234375e+01
2.934491844177246094e+02 4.370463943481445312e+01 1.677088928222656250e+01 4.706554412841796875e+01
2.944505572319030762e+02 4.349860572814941406e+01 1.590445804595947266e+01 4.636814498901367188e+01
2.948257408142089844e+02 4.422729301452636719e+01 1.644288635253906250e+01 4.774988937377929688e+01
2.956583499908447266e+02 4.386639213562011719e+01 1.721370315551757812e+01 4.688608169555664062e+01
2.973170776367187500e+02 4.514747428894042969e+01 1.754504394531250000e+01 4.757579421997070312e+01
2.977732028961181641e+02 4.460803222656250000e+01 1.987604904174804688e+01 4.921260833740234375e+01
2.991523971557617188e+02 4.625238990783691406e+01 1.914808654785156250e+01 4.551944351196289062e+01
3.009036941528320312e+02 4.429315567016601562e+01 1.887608337402343750e+01 4.775704956054687500e+01
3.016381368637084961e+02 4.572194862365722656e+01 1.721721076965332031e+01 4.705753707885742188e+01
3.040396995544433594e+02 4.457434654235839844e+01 1.774771118164062500e+01 4.906056594848632812e+01
3.064409680366516113e+02 4.466795349121093750e+01 1.502798366546630859e+01 4.743578338623046875e+01
3.082368135452270508e+02 4.433351325988769531e+01 1.383881187438964844e+01 4.769734573364257812e+01
3.086783175468444824e+02 4.471462440490722656e+01 1.329342746734619141e+01 4.661957931518554688e+01
3.079927840232849121e+02 4.416052627563476562e+01 1.445222949981689453e+01 4.681395721435546875e+01
3.092742462158203125e+02 4.456828689575195312e+01 1.370159149169921875e+01 4.641046142578125000e+01
3.092065386772155762e+02 4.440425872802734375e+01 1.503991031646728516e+01 4.733496093750000000e+01
3.113814201354980469e+02 4.343985748291015625e+01 1.606251525878906250e+01 4.852694702148437500e+01
3.129127063751220703e+02 4.410209083557128906e+01 1.612926864624023438e+01 4.806127548217773438e+01
3.140805106163024902e+02 4.328614997863769531e+01 1.567739582061767578e+01 4.967425918579101562e+01
3.151720848083496094e+02 4.282942390441894531e+01 1.555860900878906250e+01 4.976484298706054688e+01
3.161520338058471680e+02 4.299827957153320312e+01 1.643059730529785156e+01 4.849452972412109375e+01
3.168050603866577148e+02 4.324761581420898438e+01 1.727245521545410156e+01 4.896157836914062500e+01
3.171765775680541992e+02 4.503294181823730469e+01 1.728386116027832031e+01 4.782400131225585938e+01
3.176110649108886719e+02 4.459799003601074219e+01 1.702807617187500000e+01 4.797885513305664062e+01
3.180852680206298828e+02 4.471989440917968750e+01 1.769462203979492188e+01 4.743482971191406250e+01
3.187206707000732422e+02 4.628418350219726562e+01 1.703801345825195312e+01 4.632411193847656250e+01
3.190897703170776367e+02 4.446784973144531250e+01 1.687103462219238281e+01 4.789408874511718750e+01
3.205209283828735352e+02 4.623110961914062500e+01 1.573551750183105469e+01 4.640149688720703125e+01
3.222826437950134277e+02 4.481161689758300781e+01 1.511481189727783203e+01 4.762617111206054688e+01
3.220867166519165039e+02 4.443573760986328125e+01 1.565859794616699219e+01 4.709999084472656250e+01
3.241112046241760254e+02 4.566196060180664062e+01 1.578382396697998047e+01 4.762619018554687500e+01
3.245769090652465820e+02 4.494731903076171875e+01 1.490021324157714844e+01 4.706402587890625000e+01
3.231424903869628906e+02 4.638049888610839844e+01 1.654183197021484375e+01 4.535206985473632812e+01
3.245963296890258789e+02 4.545609474182128906e+01 1.716338920593261719e+01 4.528819656372070312e+01
3.256588163375854492e+02 4.539031410217285156e+01 1.664713478088378906e+01 4.545530319213867188e+01
3.254433994293212891e+02 4.451459312438964844e+01 1.668273544311523438e+01 4.541888809204101562e+01
3.263853034973144531e+02 4.578129005432128906e+01 1.751607513427734375e+01 4.414081192016601562e+01
3.271577157974243164e+02 4.551126098632812500e+01 1.701630210876464844e+01 4.271855926513671875e+01
3.272586727142333984e+02 4.504276657104492188e+01 1.789900588989257812e+01 4.512417602539062500e+01
3.285987501144409180e+02 4.530497550964355469e+01 1.740813636779785156e+01 4.288998031616210938e+01
3.299483680725097656e+02 4.469456481933593750e+01 1.731890106201171875e+01 4.517750549316406250e+01
3.294930143356323242e+02 4.480799865722656250e+01 1.717611885070800781e+01 4.636773681640625000e+01
3.295050029754638672e+02 4.559294700622558594e+01 1.634014511108398438e+01 4.612700271606445312e+01
3.295610237121582031e+02 4.486135292053222656e+01 1.791808319091796875e+01 4.637392807006835938e+01
3.297002496719360352e+02 4.549558830261230469e+01 1.704346275329589844e+01 4.633213424682617188e+01
3.300498790740966797e+02 4.585831832885742188e+01 1.756673049926757812e+01 4.713211822509765625e+01
3.300074768066406250e+02 4.599100303649902344e+01 1.805057525634765625e+01 4.811639785766601562e+01
3.307808427810668945e+02 4.573693275451660156e+01 1.837306785583496094e+01 4.599940872192382812e+01
3.312775793075561523e+02 4.587583732604980469e+01 1.759793281555175781e+01 4.745233535766601562e+01
3.312466440200805664e+02 4.508216285705566406e+01 1.775094413757324219e+01 4.704991531372070312e+01
3.312881431579589844e+02 4.535096359252929688e+01 1.756174468994140625e+01 4.733400726318359375e+01
3.314232568740844727e+02 4.589011764526367188e+01 1.737892723083496094e+01 4.699008941650390625e+01
3.316268091201782227e+02 4.551028060913085938e+01 1.770149803161621094e+01 4.701972198486328125e+01
3.323442935943603516e+02 4.608809661865234375e+01 1.774049758911132812e+01 4.708926391601562500e+01
3.323806428909301758e+02 4.475483512878417969e+01 1.817972373962402344e+01 4.651089096069335938e+01
3.327253255844116211e+02 4.448724174499511719e+01 1.763138771057128906e+01 4.812826919555664062e+01
3.330558357238769531e+02 4.505109214782714844e+01 1.772314453125000000e+01 4.773797988891601562e+01
3.335628023147583008e+02 4.511171150207519531e+01 1.761442375183105469e+01 4.789548873901367188e+01
3.335231809616088867e+02 4.350774765014648438e+01 1.710152626037597656e+01 4.839414978027343750e+01
3.334903211593627930e+02 4.413152885437011719e+01 1.735315132141113281e+01 4.828017807006835938e+01
3.341409082412719727e+02 4.435719680786132812e+01 1.756411552429199219e+01 4.866767883300781250e+01
3.344921789169311523e+02 4.389777183532714844e+01 1.816079139709472656e+01 4.851592636108398438e+01
3.344613962173461914e+02 4.391607475280761719e+01 1.785874748229980469e+01 4.748080825805664062e+01
3.345561046600341797e+02 4.473547363281250000e+01 1.764970016479492188e+01 4.775643157958984375e+01
3.350700073242187500e+02 4.363621902465820312e+01 1.686788940429687500e+01 4.818733215332031250e+01
3.352670269012451172e+02 4.438999748229980469e+01 1.710410690307617188e+01 4.839943313598632812e+01
3.353152208328247070e+02 4.316803359985351562e+01 1.642616081237792969e+01 4.792499542236328125e+01
3.355425863265991211e+02 4.371725463867187500e+01 1.688756752014160156e+01 4.787561035156250000e+01
3.361215810775756836e+02 4.301941490173339844e+01 1.600215339660644531e+01 4.907101821899414062e+01
3.360721530914306641e+02 4.378899574279785156e+01 1.612074661254882812e+01 4.848451614379882812e+01
3.363478260040283203e+02 4.312463951110839844e+01 1.611217117309570312e+01 4.958631515502929688e+01
3.369326720237731934e+02 4.317532539367675781e+01 1.569076251983642578e+01 4.945672225952148438e+01
3.364785881042480469e+02 4.383206939697265625e+01 1.564765167236328125e+01 4.854672241210937500e+01
3.366347131729125977e+02 4.283273315429687500e+01 1.549104881286621094e+01 4.979121398925781250e+01
3.378125672340393066e+02 4.274907493591308594e+01 1.537109661102294922e+01 5.002494430541992188e+01
3.375645742416381836e+02 4.473681259155273438e+01 1.528103828430175781e+01 4.866351318359375000e+01
3.380542654991149902e+02 4.313461685180664062e+01 1.502634906768798828e+01 5.049765014648437500e+01
3.376819596290588379e+02 4.374165153503417969e+01 1.535982799530029297e+01 4.911426925659179688e+01
3.382719979286193848e+02 4.458992958068847656e+01 1.505891704559326172e+01 4.868369674682617188e+01
3.385667810440063477e+02 4.428354263305664062e+01 1.492671775817871094e+01 4.871128845214843750e+01
3.386672677993774414e+02 4.356262207031250000e+01 1.497913932800292969e+01 4.861901855468750000e+01
3.391082906723022461e+02 4.475961875915527344e+01 1.472672462463378906e+01 4.737512588500976562e+01
3.396782088279724121e+02 4.539321899414062500e+01 1.491658496856689453e+01 4.735779571533203125e+01
3.390788955688476562e+02 4.410763168334960938e+01 1.498352050781250000e+01 4.782656860351562500e+01
3.390498657226562500e+02 4.567844390869140625e+01 1.488553619384765625e+01 4.677449035644531250e+01
3.405766649246215820e+02 4.550573921203613281e+01 1.479518699645996094e+01 4.719549942016601562e+01
3.401125283241271973e+02 4.575916099548339844e+01 1.534067058563232422e+01 4.686776351928710938e+01
3.401738843917846680e+02 4.596231842041015625e+01 1.508000373840332031e+01 4.684933471679687500e+01
3.405398569107055664e+02 4.553389549255371094e+01 1.537215232849121094e+01 4.711531448364257812e+01
3.406205763816833496e+02 4.597953414916992188e+01 1.558263111114501953e+01 4.674709320068359375e+01
3.409660382270812988e+02 4.610454750061035156e+01 1.581770229339599609e+01 4.709362411499023438e+01
3.409478368759155273e+02 4.492059898376464844e+01 1.542350959777832031e+01 4.781631088256835938e+01
3.418624935150146484e+02 4.648432922363281250e+01 1.596344375610351562e+01 4.673734283447265625e+01
3.422757825851440430e+02 4.554263687133789062e+01 1.539686775207519531e+01 4.606101226806640625e+01
3.422763142585754395e+02 4.622990036010742188e+01 1.569346523284912109e+01 4.628389739990234375e+01
3.423397436141967773e+02 4.626657867431640625e+01 1.562966346740722656e+01 4.656975555419921875e+01
3.427192211151123047e+02 4.644333267211914062e+01 1.540481185913085938e+01 4.538199615478515625e+01
3.427933506965637207e+02 4.638686370849609375e+01 1.560266017913818359e+01 4.578795623779296875e+01
3.428917617797851562e+02 4.704620170593261719e+01 1.602103424072265625e+01 4.541553878784179688e+01
3.426915855407714844e+02 4.628705215454101562e+01 1.643231964111328125e+01 4.627241516113281250e+01
3.440476083755493164e+02 4.628890228271484375e+01 1.608017539978027344e+01 4.642570495605468750e+01
3.436008520126342773e+02 4.600213813781738281e+01 1.653563117980957031e+01 4.523070144653320312e+01
3.438054742813110352e+02 4.628850936889648438e+01 1.672373771667480469e+01 4.638081359863281250e+01
3.447746324539184570e+02 4.684285354614257812e+01 1.673410606384277344e+01 4.678536987304687500e+01
3.452973461151123047e+02 4.664363288879394531e+01 1.664467239379882812e+01 4.683723068237304688e+01
3.449343576431274414e+02 4.582418632507324219e+01 1.723895072937011719e+01 4.765407180786132812e+01
3.451236553192138672e+02 4.627172470092773438e+01 1.701726150512695312e+01 4.778753662109375000e+01
3.453372726440429688e+02 4.608710670471191406e+01 1.717176818847656250e+01 4.786674118041992188e+01
3.472319507598876953e+02 4.673595237731933594e+01 1.730200576782226562e+01 4.751972579956054688e+01
3.480691833496093750e+02 4.802236557006835938e+01 1.842176818847656250e+01 4.449679565429687500e+01
3.498072853088378906e+02 4.791537666320800781e+01 1.831376647949218750e+01 4.371612930297851562e+01
3.515729942321777344e+02 4.816843795776367188e+01 1.720551300048828125e+01 4.347423553466796875e+01
3.516162996292114258e+02 4.956406593322753906e+01 1.762019920349121094e+01 3.958410263061523438e+01
3.551448335647583008e+02 4.872561454772949219e+01 1.604693412780761719e+01 4.282533645629882812e+01
3.551564331054687500e+02 4.894710159301757812e+01 1.544178009033203125e+01 4.153269958496093750e+01
3.555552825927734375e+02 4.861099433898925781e+01 1.604624938964843750e+01 4.403511428833007812e+01
3.550506877899169922e+02 4.883387374877929688e+01 1.716602706909179688e+01 4.545090484619140625e+01
3.565186557769775391e+02 4.849984550476074219e+01 1.708483505249023438e+01 4.421647262573242188e+01
3.584762611389160156e+02 4.761680412292480469e+01 1.656196594238281250e+01 4.369212722778320312e+01
3.596684999465942383e+02 4.978621482849121094e+01 1.602325248718261719e+01 4.006538772583007812e+01
3.610035300254821777e+02 5.110799789428710938e+01 1.499261188507080078e+01 3.591178131103515625e+01
3.627748780250549316e+02 5.257237815856933594e+01 1.462913799285888672e+01 2.965259933471679688e+01
3.640902609825134277e+02 5.300831413269042969e+01 1.476189899444580078e+01 2.979589462280273438e+01
3.649522805213928223e+02 5.268895149230957031e+01 1.471956920623779297e+01 2.935476303100585938e+01
3.663199396133422852e+02 5.282513236999511719e+01 1.451474571228027344e+01 3.173860549926757812e+01
3.654778528213500977e+02 5.165114593505859375e+01 1.704366111755371094e+01 3.255715179443359375e+01
3.665359134674072266e+02 5.216652011871337891e+01 1.762315750122070312e+01 3.111437034606933594e+01
3.670623016357421875e+02 5.067384338378906250e+01 1.902006530761718750e+01 3.221800231933593750e+01
3.673600502014160156e+02 4.831374740600585938e+01 1.774724578857421875e+01 3.729164123535156250e+01
3.678440608978271484e+02 4.859147262573242188e+01 1.925929641723632812e+01 3.572106170654296875e+01
3.694056377410888672e+02 4.781222915649414062e+01 1.830629348754882812e+01 3.677636718750000000e+01
3.693464288711547852e+02 4.882836723327636719e+01 2.053964042663574219e+01 3.922664260864257812e+01
3.648601598739624023e+02 4.924844741821289062e+01 2.518225288391113281e+01 4.116938781738281250e+01
3.460305948257446289e+02 6.406532287597656250e+01 2.599445152282714844e+01 4.407956695556640625e+01
3.433938159942626953e+02 6.511723899841308594e+01 2.409883499145507812e+01 3.831808090209960938e+01
3.381332693099975586e+02 6.701357841491699219e+01 3.178548622131347656e+01 4.014792251586914062e+01
3.693805665969848633e+02 5.092933464050292969e+01 2.382806205749511719e+01 4.344603347778320312e+01
3.728145685195922852e+02 5.006015586853027344e+01 1.781889915466308594e+01 4.240885543823242188e+01
3.747400536537170410e+02 5.248281860351562500e+01 1.527111339569091797e+01 3.290280914306640625e+01
3.741694235801696777e+02 5.341213798522949219e+01 1.250898456573486328e+01 2.703339767456054688e+01
3.737262067794799805e+02 5.310640048980712891e+01 1.260048866271972656e+01 2.718764305114746094e+01
3.728866271972656250e+02 5.314619827270507812e+01 1.272988891601562500e+01 2.780698394775390625e+01
3.735039410591125488e+02 5.363265705108642578e+01 1.324581813812255859e+01 2.758396720886230469e+01
3.729956936836242676e+02 5.304947757720947266e+01 1.358664608001708984e+01 2.879646110534667969e+01
3.739022049903869629e+02 5.320431709289550781e+01 1.325738048553466797e+01 2.947874832153320312e+01
3.723344793319702148e+02 5.322312831878662109e+01 1.481357765197753906e+01 2.718396949768066406e+01
3.744453344345092773e+02 5.302144622802734375e+01 1.385148811340332031e+01 2.963289642333984375e+01
3.748603544235229492e+02 5.149138641357421875e+01 1.415073585510253906e+01 3.292214202880859375e+01
3.737538290023803711e+02 5.172595214843750000e+01 1.506578254699707031e+01 3.435260009765625000e+01
3.731951098442077637e+02 5.248573970794677734e+01 1.521020603179931641e+01 3.159588050842285156e+01
3.725708646774291992e+02 5.063121414184570312e+01 1.492354774475097656e+01 3.438109588623046875e+01
3.722257027626037598e+02 5.163872909545898438e+01 1.484997081756591797e+01 3.251671600341796875e+01
3.712230806350708008e+02 5.145718669891357422e+01 1.500898551940917969e+01 2.951322364807128906e+01
3.725992240905761719e+02 5.189888572692871094e+01 1.424076080322265625e+01 2.891099166870117188e+01
3.708536558151245117e+02 5.317140674591064453e+01 1.480104255676269531e+01 2.763511466979980469e+01
3.711424851417541504e+02 5.240040016174316406e+01 1.460523509979248047e+01 2.889423751831054688e+01
3.698522500991821289e+02 5.275045108795166016e+01 1.602786827087402344e+01 2.907717704772949219e+01
3.696315650939941406e+02 5.150728607177734375e+01 1.663874816894531250e+01 3.250154876708984375e+01
3.668037462234497070e+02 5.005679893493652344e+01 1.714261436462402344e+01 3.503171920776367188e+01
3.677021150588989258e+02 5.088252639770507812e+01 1.692510032653808594e+01 3.198041534423828125e+01
3.672830410003662109e+02 5.136156654357910156e+01 1.635536575317382812e+01 3.084627914428710938e+01
3.677071223258972168e+02 5.023054695129394531e+01 1.590577030181884766e+01 3.320442581176757812e+01
3.644235296249389648e+02 5.146500396728515625e+01 1.682563972473144531e+01 3.222948455810546875e+01
3.665667185783386230e+02 5.143260955810546875e+01 1.579974460601806641e+01 3.271447753906250000e+01
3.657063369750976562e+02 5.236235332489013672e+01 1.681144714355468750e+01 3.095239448547363281e+01
3.657680211067199707e+02 5.344543647766113281e+01 1.520707607269287109e+01 3.031144332885742188e+01
3.653547887802124023e+02 5.341943264007568359e+01 1.419987678527832031e+01 3.066444587707519531e+01
3.648378205299377441e+02 5.411393356323242188e+01 1.370153331756591797e+01 2.827888488769531250e+01
3.656704630851745605e+02 5.492172145843505859e+01 1.254695224761962891e+01 2.695288276672363281e+01
3.605449476242065430e+02 5.607708168029785156e+01 1.250642204284667969e+01 2.557803726196289062e+01
3.646532030105590820e+02 5.465968894958496094e+01 1.425766181945800781e+01 2.650535202026367188e+01
3.630696239471435547e+02 5.293311691284179688e+01 1.604019165039062500e+01 3.004721069335937500e+01
3.649234333038330078e+02 5.304573917388916016e+01 1.430796813964843750e+01 3.015961265563964844e+01
3.623038387298583984e+02 5.165965080261230469e+01 1.379689788818359375e+01 3.918756484985351562e+01
3.606071047782897949e+02 5.067055320739746094e+01 1.555842304229736328e+01 3.815428543090820312e+01
3.619581475257873535e+02 5.046143531799316406e+01 1.542967891693115234e+01 4.224415969848632812e+01
3.607269754409790039e+02 5.129688453674316406e+01 1.447992897033691406e+01 3.731013870239257812e+01
3.601186394691467285e+02 5.013421821594238281e+01 1.492072963714599609e+01 3.892975234985351562e+01
3.574373984336853027e+02 5.019026374816894531e+01 1.532658481597900391e+01 4.242767715454101562e+01
3.567134695053100586e+02 5.078466606140136719e+01 1.483183860778808594e+01 3.979612350463867188e+01
3.559306254386901855e+02 4.897918701171875000e+01 1.559742450714111328e+01 4.410602569580078125e+01
3.553579206466674805e+02 4.937325096130371094e+01 1.551289939880371094e+01 4.450838088989257812e+01
3.543958706855773926e+02 4.967542457580566406e+01 1.576797771453857422e+01 4.408671188354492188e+01
3.541072797775268555e+02 4.987378120422363281e+01 1.560906028747558594e+01 4.266041183471679688e+01
3.537263760566711426e+02 5.033907699584960938e+01 1.524158763885498047e+01 4.375492858886718750e+01
3.542922077178955078e+02 4.926603698730468750e+01 1.530067443847656250e+01 4.541548919677734375e+01
3.537545104026794434e+02 4.926127815246582031e+01 1.465808963775634766e+01 4.366672897338867188e+01
3.533766398429870605e+02 4.901148414611816406e+01 1.418230152130126953e+01 4.543909835815429688e+01
3.527887806892395020e+02 4.869506645202636719e+01 1.499003887176513672e+01 4.459782791137695312e+01
3.514610590934753418e+02 4.903785705566406250e+01 1.529993915557861328e+01 4.424665832519531250e+01
3.496796164512634277e+02 4.840639686584472656e+01 1.537516117095947266e+01 4.408337783813476562e+01
3.480953836441040039e+02 4.794576644897460938e+01 1.666348457336425781e+01 4.693460845947265625e+01
3.483014459609985352e+02 4.718446922302246094e+01 1.744194984436035156e+01 4.835719680786132812e+01
3.452532672882080078e+02 4.739903259277343750e+01 1.762283325195312500e+01 4.483962249755859375e+01
3.448416738510131836e+02 4.778626632690429688e+01 1.790298271179199219e+01 4.583822631835937500e+01
3.451118440628051758e+02 4.719363975524902344e+01 1.727744483947753906e+01 4.515462112426757812e+01
3.442701663970947266e+02 4.727461242675781250e+01 1.690850830078125000e+01 4.447806549072265625e+01
3.439625902175903320e+02 4.707168769836425781e+01 1.645383644104003906e+01 4.334979629516601562e+01
3.428291072845458984e+02 4.786049461364746094e+01 1.692218017578125000e+01 4.447452926635742188e+01
3.426008815765380859e+02 4.757631683349609375e+01 1.707640075683593750e+01 4.540674591064453125e+01
3.418873214721679688e+02 4.808574676513671875e+01 1.713168716430664062e+01 4.473498535156250000e+01
3.413506565093994141e+02 4.809446144104003906e+01 1.617680358886718750e+01 4.420289993286132812e+01
3.407423753738403320e+02 4.700418663024902344e+01 1.627723884582519531e+01 4.458334732055664062e+01
3.398197736740112305e+02 4.781357765197753906e+01 1.581365013122558594e+01 4.422193527221679688e+01
3.392309441566467285e+02 4.694873046875000000e+01 1.564687252044677734e+01 4.421981811523437500e+01
3.385352010726928711e+02 4.760926818847656250e+01 1.630363273620605469e+01 4.384904479980468750e+01
3.386423435211181641e+02 4.773997879028320312e+01 1.587078094482421875e+01 4.256933593750000000e+01
3.376512112617492676e+02 4.744766807556152344e+01 1.535189342498779297e+01 4.367062759399414062e+01
3.376976594924926758e+02 4.750869560241699219e+01 1.558777809143066406e+01 4.320096969604492188e+01
3.375105791091918945e+02 4.727273941040039062e+01 1.578444862365722656e+01 4.347814178466796875e+01
3.364704318046569824e+02 4.640355110168457031e+01 1.574751758575439453e+01 4.470035934448242188e+01
3.357382712364196777e+02 4.712410354614257812e+01 1.572573947906494141e+01 4.515896606445312500e+01
3.354510912895202637e+02 4.711629104614257812e+01 1.593300342559814453e+01 4.596494293212890625e+01
3.348582687377929688e+02 4.563907623291015625e+01 1.627292251586914062e+01 4.661587524414062500e+01
3.345711803436279297e+02 4.726732635498046875e+01 1.666436004638671875e+01 4.570894622802734375e+01
3.344571952819824219e+02 4.633025741577148438e+01 1.684756088256835938e+01 4.600923919677734375e+01
3.331757335662841797e+02 4.716080474853515625e+01 1.670163726806640625e+01 4.538056182861328125e+01
3.325532531738281250e+02 4.749457740783691406e+01 1.626111221313476562e+01 4.488232040405273438e+01
3.324005689620971680e+02 4.709698677062988281e+01 1.705127525329589844e+01 4.558903884887695312e+01
3.316941843032836914e+02 4.687377548217773438e+01 1.738412666320800781e+01 4.421312713623046875e+01
3.316468439102172852e+02 4.657463836669921875e+01 1.715188026428222656e+01 4.553364562988281250e+01
3.314667434692382812e+02 4.620517921447753906e+01 1.715652847290039062e+01 4.576327133178710938e+01
3.305717887878417969e+02 4.579493713378906250e+01 1.700726699829101562e+01 4.533927917480468750e+01
3.304530744552612305e+02 4.632545661926269531e+01 1.657607841491699219e+01 4.490254592895507812e+01
3.296581726074218750e+02 4.604750633239746094e+01 1.652206039428710938e+01 4.391294479370117188e+01
3.290255594253540039e+02 4.614730644226074219e+01 1.610767555236816406e+01 4.469834518432617188e+01
3.284138755798339844e+02 4.640131378173828125e+01 1.654814529418945312e+01 4.529529571533203125e+01
3.272848472595214844e+02 4.515313148498535156e+01 1.734726333618164062e+01 4.666839218139648438e+01
3.262368879318237305e+02 4.572861480712890625e+01 1.719126701354980469e+01 4.506775665283203125e+01
3.252173423767089844e+02 4.518142890930175781e+01 1.673515701293945312e+01 4.380533218383789062e+01
3.242527885437011719e+02 4.326672935485839844e+01 1.773078536987304688e+01 4.611040878295898438e+01
3.233022956848144531e+02 4.410253715515136719e+01 1.740731430053710938e+01 4.699392318725585938e+01
3.221921024322509766e+02 4.385030555725097656e+01 1.808229064941406250e+01 4.727896499633789062e+01
3.211892890930175781e+02 4.469310951232910156e+01 1.910385513305664062e+01 4.593236923217773438e+01
3.209480304718017578e+02 4.535200691223144531e+01 1.853741455078125000e+01 4.588917160034179688e+01
3.187164297103881836e+02 4.605624580383300781e+01 2.018334770202636719e+01 4.467292404174804688e+01
3.179160585403442383e+02 4.536274909973144531e+01 1.980774879455566406e+01 4.441407394409179688e+01
3.167392578125000000e+02 4.588687133789062500e+01 2.092650222778320312e+01 4.608856201171875000e+01
3.158141851425170898e+02 4.637902832031250000e+01 2.001811027526855469e+01 4.441559600830078125e+01
3.149267511367797852e+02 4.564356040954589844e+01 1.977442359924316406e+01 4.524914169311523438e+01
3.143468608856201172e+02 4.615072250366210938e+01 1.871480560302734375e+01 4.536697387695312500e+01
3.135345983505249023e+02 4.562803077697753906e+01 1.767532157897949219e+01 4.676753616333007812e+01
3.128226747512817383e+02 4.524920082092285156e+01 1.669877052307128906e+01 4.684989547729492188e+01
3.114751286506652832e+02 4.462004852294921875e+01 1.540600872039794922e+01 4.717327117919921875e+01
3.102478132247924805e+02 4.629071044921875000e+01 1.513119316101074219e+01 4.593643188476562500e+01
3.090876283645629883e+02 4.520209693908691406e+01 1.505993080139160156e+01 4.615555191040039062e+01
3.075231409072875977e+02 4.584165191650390625e+01 1.635563087463378906e+01 4.421136474609375000e+01
3.065046377182006836e+02 4.404972267150878906e+01 1.564871788024902344e+01 4.587852859497070312e+01
3.055342855453491211e+02 4.369066238403320312e+01 1.530106163024902344e+01 4.624026489257812500e+01
3.036721911430358887e+02 4.458571815490722656e+01 1.507211780548095703e+01 4.657373428344726562e+01
3.022300977706909180e+02 4.341212081909179688e+01 1.725478935241699219e+01 4.809236145019531250e+01
3.008457221984863281e+02 4.441965293884277344e+01 1.667285537719726562e+01 4.741994094848632812e+01
2.983076791763305664e+02 4.434658050537109375e+01 1.900105476379394531e+01 4.749038696289062500e+01
2.977878093719482422e+02 4.386325645446777344e+01 1.944589233398437500e+01 4.914241409301757812e+01
2.967890520095825195e+02 4.511905479431152344e+01 1.946913337707519531e+01 4.731235122680664062e+01
2.949208812713623047e+02 4.444383811950683594e+01 2.027300262451171875e+01 4.839318466186523438e+01
2.948584671020507812e+02 4.439929771423339844e+01 1.918815994262695312e+01 4.652827835083007812e+01
2.934128246307373047e+02 4.442763137817382812e+01 1.914222717285156250e+01 4.419406127929687500e+01
2.923072552680969238e+02 4.397027015686035156e+01 1.582451915740966797e+01 4.717456436157226562e+01
2.899318923950195312e+02 4.341590118408203125e+01 1.574544143676757812e+01 4.721763610839843750e+01
2.879722852706909180e+02 4.382553863525390625e+01 1.611211967468261719e+01 4.815141296386718750e+01
2.879289903640747070e+02 4.261386489868164062e+01 1.625773048400878906e+01 4.942168426513671875e+01
2.868854923248291016e+02 4.375619316101074219e+01 1.466307067871093750e+01 4.936507034301757812e+01
2.865792589187622070e+02 4.344027137756347656e+01 1.517160987854003906e+01 4.881922531127929688e+01
2.845514745712280273e+02 4.275999259948730469e+01 1.486281394958496094e+01 4.992739486694335938e+01
2.857835111618041992e+02 4.293639755249023438e+01 1.587888145446777344e+01 4.936737060546875000e+01
2.823237261772155762e+02 4.336436080932617188e+01 1.522756671905517578e+01 4.684270477294921875e+01
2.814826517105102539e+02 4.355639076232910156e+01 1.668696022033691406e+01 4.857731246948242188e+01
2.788284358978271484e+02 4.276522445678710938e+01 1.783364868164062500e+01 4.892540740966796875e+01
2.783135471343994141e+02 4.336122131347656250e+01 1.758213806152343750e+01 4.770037841796875000e+01
2.772387523651123047e+02 4.416983032226562500e+01 1.722705078125000000e+01 4.778741455078125000e+01
2.753685894012451172e+02 4.410422706604003906e+01 1.758223724365234375e+01 4.514310836791992188e+01
2.736425228118896484e+02 4.586492156982421875e+01 1.679557037353515625e+01 4.327648162841796875e+01
2.716450462341308594e+02 4.365782356262207031e+01 1.915326309204101562e+01 4.483378219604492188e+01
2.683275213241577148e+02 4.348511314392089844e+01 1.842199516296386719e+01 4.511533737182617188e+01
2.678326549530029297e+02 4.476320648193359375e+01 1.607203674316406250e+01 4.269569396972656250e+01
2.673356828689575195e+02 4.461621665954589844e+01 1.643747901916503906e+01 4.208900833129882812e+01
2.627141847610473633e+02 4.453657722473144531e+01 1.814829444885253906e+01 4.144797134399414062e+01
2.615410470962524414e+02 4.362405586242675781e+01 1.835804939270019531e+01 4.369281387329101562e+01
2.630594434738159180e+02 4.402383804321289062e+01 1.643356132507324219e+01 4.277532196044921875e+01
2.616531534194946289e+02 4.328382873535156250e+01 1.559134101867675781e+01 4.189189910888671875e+01
2.600496883392333984e+02 4.274642944335937500e+01 1.659419250488281250e+01 4.344337463378906250e+01
2.596398458480834961e+02 4.324418449401855469e+01 1.572072410583496094e+01 4.337580490112304688e+01
2.581612510681152344e+02 4.305401039123535156e+01 1.610872268676757812e+01 4.224100875854492188e+01
2.563039913177490234e+02 4.175133895874024148e+01 1.666163635253906250e+01 4.355382537841796164e+01
2.553736820220947266e+02 4.229664611816406250e+01 1.680570983886718750e+01 4.366102600097656250e+01
2.561873621940612793e+02 4.284225273132324219e+01 1.593906879425048828e+01 4.406151962280273438e+01
2.541021342277526855e+02 4.335350418090820312e+01 1.578603076934814453e+01 4.427270507812500000e+01
2.528888239860534668e+02 4.387262725830078125e+01 1.568863391876220703e+01 4.513389587402343750e+01
2.529838891029357910e+02 4.357992935180664062e+01 1.495893001556396484e+01 4.531198120117187500e+01
2.525170493125915527e+02 4.357188987731933594e+01 1.361429691314697266e+01 4.486655807495117188e+01
2.495177359580993652e+02 4.308682250976562500e+01 1.455595493316650391e+01 4.447344970703125000e+01
2.483273539543151855e+02 4.366273689270019531e+01 1.388000202178955078e+01 4.541296768188476562e+01
2.481764965057373047e+02 4.174923706054687500e+01 1.463241577148437500e+01 4.710534667968750000e+01
2.482152085304260254e+02 4.295675468444824219e+01 1.436253261566162109e+01 4.570413589477539062e+01
2.459508299827575684e+02 4.182855606079101562e+01 1.475803470611572266e+01 4.603973388671875000e+01
2.462699131965637207e+02 4.341137313842773438e+01 1.468556499481201172e+01 4.407830047607421875e+01
2.433561525344848633e+02 4.446531105041503906e+01 1.553654670715332031e+01 4.313280868530273438e+01
2.438842439651489258e+02 4.302032661437988281e+01 1.604082679748535156e+01 4.192156600952148438e+01
2.438720049858093262e+02 4.326167488098144531e+01 1.470751667022705078e+01 4.371262741088867188e+01
2.421771106719970703e+02 4.252985572814941406e+01 1.529319000244140625e+01 4.247027206420898438e+01
2.383046488761901855e+02 4.372783660888671875e+01 1.574526691436767578e+01 4.334990692138671875e+01
2.384731793403625488e+02 4.106683349609375000e+01 1.516344738006591797e+01 4.596549987792968750e+01
2.356737747192382812e+02 4.205888938903808594e+01 1.778055191040039062e+01 4.570137405395507812e+01
2.354697322845458984e+02 4.177584457397460938e+01 1.841757202148437500e+01 4.605929565429687500e+01
2.348792161941528320e+02 4.426372146606445312e+01 1.901498603820800781e+01 4.419541168212890625e+01
2.322382411956787109e+02 4.499272918701171875e+01 2.046945953369140625e+01 4.389501953125000000e+01
2.314894981384277344e+02 4.342119979858398438e+01 2.132674789428710938e+01 4.515546417236328125e+01
2.301907415390014648e+02 4.311324501037597656e+01 2.125887870788574219e+01 4.632907485961914062e+01
2.293852891921997070e+02 4.288580894470214844e+01 1.927588844299316406e+01 4.582895278930664062e+01
2.283829002380371094e+02 4.225997352600097656e+01 1.760182571411132812e+01 4.783169174194335938e+01
2.272466754913330078e+02 4.121712684631347656e+01 1.721739959716796875e+01 4.661599349975585938e+01
2.256599416732788086e+02 4.020885467529296875e+01 1.624865531921386719e+01 4.815551757812500000e+01
2.245300478935241699e+02 4.089167976379394531e+01 1.528052234649658203e+01 4.787494277954101562e+01
2.227815856933593750e+02 4.105851364135742188e+01 1.625170516967773438e+01 4.731765747070312500e+01
2.239195051193237305e+02 3.967539024353027344e+01 1.702118492126464844e+01 4.882480239868164062e+01
2.232359733581542969e+02 4.082391166687011719e+01 1.601000595092773438e+01 4.701971817016601562e+01
2.216119232177734375e+02 4.091371917724609375e+01 1.619993972778320312e+01 4.676184082031250000e+01
2.202201910018920898e+02 4.032830810546875000e+01 1.593937492370605469e+01 4.614643859863281250e+01
2.183588066101074219e+02 4.001392364501953125e+01 1.444952011108398438e+01 4.697161865234375000e+01
2.160995283126831055e+02 4.017936325073242898e+01 1.555885887145996094e+01 4.695780944824218039e+01
2.148405580520629883e+02 4.071490097045898438e+01 1.652318763732910156e+01 4.807245635986328125e+01
2.133937644958496094e+02 4.070113945007324219e+01 1.639519119262695312e+01 4.744223403930664062e+01
2.131518697738647461e+02 4.207647323608398438e+01 1.634169578552246094e+01 4.655289459228515625e+01
2.123775968551635742e+02 4.144769859313964844e+01 1.657148551940917969e+01 4.603713607788085938e+01
2.112553806304931641e+02 4.221034812927246094e+01 1.669055175781250000e+01 4.616516494750976562e+01
2.099012260437011719e+02 4.119421005249023438e+01 1.633211135864257812e+01 4.670295715332031250e+01
2.083692250251770020e+02 4.262126159667968750e+01 1.559412670135498047e+01 4.667356109619140625e+01
2.080859513282775879e+02 4.155485725402832031e+01 1.405189418792724609e+01 4.706274032592773438e+01
2.061267461776733398e+02 4.140869140625000000e+01 1.498409843444824219e+01 4.659020996093750000e+01
2.045161395072937012e+02 4.060697555541992188e+01 1.421187305450439453e+01 4.711695098876953125e+01
2.034400134086608887e+02 4.076551628112792969e+01 1.378273487091064453e+01 4.665395736694335938e+01
2.041007819175720215e+02 3.950999832153320312e+01 1.474944400787353516e+01 4.746900939941406250e+01
2.021520347595214844e+02 3.939984321594238281e+01 1.507200241088867188e+01 4.693182754516601562e+01
2.005037240982055664e+02 3.984835433959960227e+01 1.451359748840332031e+01 4.703014373779297586e+01
1.989766135215759277e+02 3.856568908691406961e+01 1.480590152740478516e+01 4.782455444335936789e+01
1.959519252777099609e+02 3.859322547912596946e+01 1.629029846191406250e+01 4.684619522094727273e+01
1.947342557907104492e+02 3.745626449584960938e+01 1.681197929382324219e+01 4.587546539306640625e+01
1.945070257186889648e+02 3.843285369873046875e+01 1.633657646179199219e+01 4.841523742675781250e+01
1.927008466720581055e+02 3.849106216430664062e+01 1.763767814636230469e+01 4.583390808105468750e+01
1.905285282135009766e+02 3.901960754394531250e+01 1.796804046630859375e+01 4.714688873291015625e+01
1.898246374130249023e+02 3.890307617187500711e+01 1.775781059265136719e+01 4.509692382812499289e+01
1.883099908828735352e+02 3.876538085937500000e+01 1.874594306945800781e+01 4.793842315673828125e+01
1.857479124069213867e+02 3.849614906311035156e+01 2.092426872253417969e+01 4.802495193481445312e+01
1.841947917938232422e+02 3.900951385498046875e+01 2.042942810058593750e+01 4.741969299316406250e+01
1.840518913269042969e+02 3.907620429992675781e+01 1.894878005981445312e+01 4.683137893676757812e+01
1.828129472732543945e+02 3.882320785522460938e+01 1.767089271545410156e+01 4.661096954345703125e+01
1.826093034744262695e+02 3.687652206420898438e+01 1.790404701232910156e+01 4.839115142822265625e+01
1.811006851196289062e+02 3.670969581604003906e+01 1.748007583618164062e+01 4.964635848999023438e+01
1.810832118988037109e+02 3.542694473266601562e+01 1.758964538574218750e+01 4.995845794677734375e+01
1.803761081695556641e+02 3.536423110961914062e+01 1.818869781494140625e+01 5.106876373291015625e+01
1.802417707443237305e+02 3.534710121154785156e+01 1.744158744812011719e+01 5.074415206909179688e+01
1.788773708343505859e+02 3.553739738464355469e+01 1.757625579833984375e+01 5.052553939819335938e+01
1.776647167205810547e+02 3.488829612731933594e+01 1.710449981689453125e+01 5.085728836059570312e+01
1.778053607940673828e+02 3.552928161621093750e+01 1.735810852050781250e+01 4.984161376953125000e+01
1.774178361892700195e+02 3.580717849731445312e+01 1.657991218566894531e+01 5.055833435058593750e+01
1.758534736633300781e+02 3.548923492431640625e+01 1.642778396606445312e+01 5.061361694335937500e+01
1.754483194351196289e+02 3.537170219421386719e+01 1.705060768127441406e+01 5.069293594360351562e+01
1.747926063537597656e+02 3.471154022216796875e+01 1.666289901733398438e+01 5.180405426025390625e+01
1.743350133895874023e+02 3.498731422424316406e+01 1.689379692077636719e+01 5.153559494018554688e+01
1.739754180908203125e+02 3.559690666198730469e+01 1.721438217163085938e+01 5.102582168579101562e+01
1.732703456878662109e+02 3.526849746704101562e+01 1.686965942382812500e+01 5.011663055419921875e+01
1.727473382949829102e+02 3.523190879821778054e+01 1.714274787902832031e+01 4.985651016235350852e+01
1.719819660186767578e+02 3.458200836181641336e+01 1.681045532226562500e+01 5.045113372802733664e+01
1.717813243865966797e+02 3.473550415039063211e+01 1.682908630371093750e+01 5.032508850097655539e+01
1.708760099411010742e+02 3.469473648071289773e+01 1.726830101013183594e+01 5.017784881591796164e+01
1.706367111206054688e+02 3.383973121643066406e+01 1.698492813110351562e+01 5.063283920288085938e+01
1.706506977081298828e+02 3.460451507568359375e+01 1.748941802978515625e+01 5.039764404296875000e+01
1.701663455963134766e+02 3.425922966003417969e+01 1.776271820068359375e+01 5.115008926391601562e+01
1.694113416671752930e+02 3.406920242309570312e+01 1.815839195251464844e+01 5.116490936279296875e+01
1.698695230484008789e+02 3.317136955261230469e+01 1.828717994689941406e+01 5.117946243286132812e+01
1.689887771606445312e+02 3.354163360595703836e+01 1.787586593627929688e+01 5.137071228027343039e+01
1.684034500122070312e+02 3.377195930480957031e+01 1.854528427124023438e+01 5.162619400024414062e+01
1.678360443115234375e+02 3.330099105834960938e+01 1.864406204223632812e+01 5.144848632812500000e+01
1.681155977249145508e+02 3.341407394409179688e+01 1.838195228576660156e+01 5.207327270507812500e+01
1.678528347015380859e+02 3.373214721679687500e+01 1.867827606201171875e+01 5.204232788085937500e+01
1.669651613235473633e+02 3.338998985290527344e+01 1.900805091857910156e+01 5.223454666137695312e+01
1.667035808563232422e+02 3.296880912780761719e+01 1.879014587402343750e+01 5.235816574096679688e+01
1.664220514297485352e+02 3.278426361083984375e+01 1.878525733947753906e+01 5.273654937744140625e+01
1.659352388381958008e+02 3.272482299804687500e+01 1.848954963684082031e+01 5.247148895263671875e+01
1.653337650299072266e+02 3.269498443603515625e+01 1.838500976562500000e+01 5.297190856933593750e+01
1.652636709213256836e+02 3.203159141540527344e+01 1.885050010681152344e+01 5.238859939575195312e+01
1.645648050308227539e+02 3.210183143615722656e+01 1.886437416076660156e+01 5.313154983520507812e+01
1.652120409011840820e+02 3.170208168029785156e+01 1.858185005187988281e+01 5.301751327514648438e+01
1.646079988479614258e+02 3.147042465209960938e+01 1.796157264709472656e+01 5.385940551757812500e+01
