2.150000000000000000e+02 7.200000000000000000e+01 2.700000000000000000e+01 3.300000000000000000e+01
2.146632471084594727e+02 7.160902023315429688e+01 2.810531425476074219e+01 3.343398284912109375e+01
2.146652612686157227e+02 7.085814476013183594e+01 2.736904716491699219e+01 3.340817642211914062e+01
2.140158205032348633e+02 7.159587097167968750e+01 2.773327445983886719e+01 3.289118194580078125e+01
2.143951282501220703e+02 7.107545852661132812e+01 2.804398727416992188e+01 3.279283905029296875e+01
2.145401630401611328e+02 7.225079536437988281e+01 2.758552169799804688e+01 3.251713943481445312e+01
2.145841436386108398e+02 7.104924201965332031e+01 2.768839454650878906e+01 3.283504104614257812e+01
2.143189840316772461e+02 7.165604019165039062e+01 2.752385902404785156e+01 3.325809478759765625e+01
2.152389316558837891e+02 7.250624275207519531e+01 2.761795425415039062e+01 3.316170120239257812e+01
2.151873836517333984e+02 7.221967315673828125e+01 2.780877304077148438e+01 3.315126800537109375e+01
2.151418323516845703e+02 7.192210769653320312e+01 2.786444473266601562e+01 3.329581451416015625e+01
2.152152423858642578e+02 7.187182617187500000e+01 2.782291030883789062e+01 3.302272033691406250e+01
2.152956151962280273e+02 7.275002670288085938e+01 2.798980903625488281e+01 3.288687133789062500e+01
2.160079689025878906e+02 7.276547813415527344e+01 2.751441192626953125e+01 3.252399063110351562e+01
2.154259090423583984e+02 7.283400154113769531e+01 2.762753677368164062e+01 3.237285232543945312e+01
2.163843193054199219e+02 7.284511184692382812e+01 2.717797088623046875e+01 3.249864196777343750e+01
2.160620355606079102e+02 7.230272293090820312e+01 2.796545219421386719e+01 3.264923095703125000e+01
2.153810462951660156e+02 7.293092727661132812e+01 2.786497497558593750e+01 3.248251342773437500e+01
2.157501535415649414e+02 7.246293067932128906e+01 2.816293907165527344e+01 3.239621353149414062e+01
2.166113586425781250e+02 7.281849288940429688e+01 2.795404052734375000e+01 3.251668548583984375e+01
2.164850263595581055e+02 7.237204933166503906e+01 2.757651710510253906e+01 3.191869735717773438e+01
2.164103689193725586e+02 7.225391387939453125e+01 2.716566658020019531e+01 3.258171844482421875e+01
2.167286167144775391e+02 7.209390830993652344e+01 2.695079421997070312e+01 3.232853317260742188e+01
2.161985502243041992e+02 7.217846679687500000e+01 2.670226478576660156e+01 3.233125305175781250e+01
2.162533531188964844e+02 7.267520332336425781e+01 2.629406738281250000e+01 3.233932876586914062e+01
2.164805765151977539e+02 7.277011871337890625e+01 2.673996543884277344e+01 3.206761169433593750e+01
2.161921873092651367e+02 7.239552783966064453e+01 2.727149391174316406e+01 3.158792686462402344e+01
2.164691753387451172e+02 7.219230270385742188e+01 2.713192367553710938e+01 3.240890502929687500e+01
2.163384399414062500e+02 7.193865394592285156e+01 2.745723724365234375e+01 3.206705093383789062e+01
2.162720050811767578e+02 7.234438323974609375e+01 2.722426986694335938e+01 3.237789916992187500e+01
2.169827795028686523e+02 7.201489830017089844e+01 2.707831001281738281e+01 3.213689804077148438e+01
2.154199123382568359e+02 7.151923942565917969e+01 2.629742050170898438e+01 3.248794937133789062e+01
2.153466587066650391e+02 7.158611106872558594e+01 2.699319839477539062e+01 3.263685989379882812e+01
2.145830402374267578e+02 7.136177825927734375e+01 2.681120681762695312e+01 3.279210662841796875e+01
2.131976814270019531e+02 7.077358627319335938e+01 2.688162231445312500e+01 3.309925079345703125e+01
2.111013689041137695e+02 7.026889801025390625e+01 2.628613090515136719e+01 3.330396270751953125e+01
2.096773443222045898e+02 6.993846702575683594e+01 2.641163063049316406e+01 3.308842849731445312e+01
2.089318714141845703e+02 6.900965881347656250e+01 2.625347518920898438e+01 3.376542663574218750e+01
2.077574701309204102e+02 6.935829544067382812e+01 2.610715293884277344e+01 3.342296600341796875e+01
2.070351133346557617e+02 6.874697494506835938e+01 2.644165229797363281e+01 3.334506225585937500e+01
2.048510351181030273e+02 6.886919212341308594e+01 2.627552223205566406e+01 3.396665573120117188e+01
2.034219036102294922e+02 6.850321388244628906e+01 2.600571060180664062e+01 3.325487899780273438e+01
2.023251028060913086e+02 6.845666694641113281e+01 2.599175453186035156e+01 3.389730453491210938e+01
2.004460172653198242e+02 6.761046028137207031e+01 2.556174659729003906e+01 3.398807144165039062e+01
1.996671447753906250e+02 6.741828155517578125e+01 2.629711914062500000e+01 3.402527618408203125e+01
1.978934831619262695e+02 6.809675025939941406e+01 2.544900321960449219e+01 3.449822616577148438e+01
1.963671922683715820e+02 6.685698509216308594e+01 2.618780326843261719e+01 3.373591995239257812e+01
1.944520063400268555e+02 6.781784629821777344e+01 2.593823432922363281e+01 3.354050064086914062e+01
1.937985658645629883e+02 6.598574829101562500e+01 2.614388084411621094e+01 3.404631042480468750e+01
1.922984256744384766e+02 6.749028205871582031e+01 2.532007217407226562e+01 3.380080795288085938e+01
1.914616889953613281e+02 6.763390731811523438e+01 2.654322052001953125e+01 3.393515014648437500e+01
1.906070070266723633e+02 6.766486930847167969e+01 2.589121818542480469e+01 3.317621994018554688e+01
1.888340778350830078e+02 6.754693222045898438e+01 2.550864791870117188e+01 3.418002319335937500e+01
1.886101417541503906e+02 6.707742881774902344e+01 2.673661041259765625e+01 3.473579025268554688e+01
1.872545843124389648e+02 6.787810325622558594e+01 2.604580879211425781e+01 3.394766616821289062e+01
1.859237670898437500e+02 6.745193099975585938e+01 2.652394104003906250e+01 3.415433502197265625e+01
1.848802289962768555e+02 6.738547515869140625e+01 2.629621315002441406e+01 3.323994445800781250e+01
1.840237331390380859e+02 6.643223571777343750e+01 2.651314163208007812e+01 3.361676025390625000e+01
1.845838518142700195e+02 6.748755645751953125e+01 2.655690574645996094e+01 3.368144989013671875e+01
1.847971601486206055e+02 6.747944831848144531e+01 2.661732673645019531e+01 3.365867996215820312e+01
1.859482631683349609e+02 6.761746788024902344e+01 2.647817611694335938e+01 3.363056564331054688e+01
1.872431554794311523e+02 6.765793418884277344e+01 2.636573219299316406e+01 3.363180923461914062e+01
1.888311882019042969e+02 6.783954238891601562e+01 2.689682769775390625e+01 3.376507568359375000e+01
1.897574901580810547e+02 6.712977981567382812e+01 2.640728378295898438e+01 3.373703002929687500e+01
1.918956661224365234e+02 6.742626190185546875e+01 2.790687179565429688e+01 3.399411010742187500e+01
1.933476276397705078e+02 6.753397369384765625e+01 2.625800704956054688e+01 3.318628692626953125e+01
1.950639123916625977e+02 6.668365859985351562e+01 2.743250083923339844e+01 3.373204803466796875e+01
1.966753044128417969e+02 6.674931716918945312e+01 2.669514465332031250e+01 3.380634307861328125e+01
1.986300468444824219e+02 6.717379188537597656e+01 2.676026153564453125e+01 3.447491073608398438e+01
2.011320781707763672e+02 6.781657600402832031e+01 2.737199020385742188e+01 3.402225875854492188e+01
2.040816535949707031e+02 6.697710800170898438e+01 2.761610412597656250e+01 3.457482147216796875e+01
2.067338123321533203e+02 6.696494102478027344e+01 2.801228713989257812e+01 3.435455703735351562e+01
2.099074802398681641e+02 6.621701049804687500e+01 2.754326248168945312e+01 3.439887237548828125e+01
2.115073528289794922e+02 6.690984535217285156e+01 2.757349014282226562e+01 3.536191940307617188e+01
2.140444974899291992e+02 6.641681671142578125e+01 2.680018043518066406e+01 3.515971374511718750e+01
2.155026340484619141e+02 6.649743461608886719e+01 2.654684829711914062e+01 3.576294326782226562e+01
2.166272325515747070e+02 6.629152870178222656e+01 2.617055320739746094e+01 3.600349044799804688e+01
2.183332176208496094e+02 6.534386062622070312e+01 2.653423309326171875e+01 3.650328826904296875e+01
2.188780202865600586e+02 6.604187011718750000e+01 2.677965736389160156e+01 3.580065917968750000e+01
2.208188409805297852e+02 6.678154373168945312e+01 2.728294944763183594e+01 3.557347869873046875e+01
2.213840465545654297e+02 6.723154449462890625e+01 2.726762771606445312e+01 3.504277801513671875e+01
2.224607191085815430e+02 6.707216644287109375e+01 2.769782447814941406e+01 3.440543365478515625e+01
2.233370952606201172e+02 6.736933708190917969e+01 2.724517440795898438e+01 3.560251998901367188e+01
2.237682800292968750e+02 6.718725967407226562e+01 2.737956237792968750e+01 3.483448791503906250e+01
2.237366218566894531e+02 6.702826690673828125e+01 2.705969238281250000e+01 3.538185882568359375e+01
2.228658876419067383e+02 6.705261039733886719e+01 2.747216606140136719e+01 3.555377578735351562e+01
2.215931034088134766e+02 6.721470832824707031e+01 2.745547866821289062e+01 3.513999557495117188e+01
2.211865043640136719e+02 6.757785606384277344e+01 2.725582122802734375e+01 3.535948562622070312e+01
2.213915653228759766e+02 6.694911384582519531e+01 2.720686721801757812e+01 3.455068588256835938e+01
2.209905843734741211e+02 6.675308036804199219e+01 2.746383857727050781e+01 3.517421340942382812e+01
2.204055271148681641e+02 6.675969505310058594e+01 2.734721755981445312e+01 3.454932785034179688e+01
2.195027933120727539e+02 6.590996742248535156e+01 2.753190422058105469e+01 3.467966079711914062e+01
2.202309503555297852e+02 6.632168197631835938e+01 2.721870994567871094e+01 3.486338806152343750e+01
2.192508058547973633e+02 6.599882125854492188e+01 2.748108482360839844e+01 3.414885711669921875e+01
2.200002470016479492e+02 6.580250167846679688e+01 2.698305702209472656e+01 3.371377563476562500e+01
2.189692173004150391e+02 6.656418418884277344e+01 2.675914382934570312e+01 3.389466476440429688e+01
2.189633378982543945e+02 6.660633277893066406e+01 2.677779197692871094e+01 3.334762191772460938e+01
2.193701629638671875e+02 6.669661331176757812e+01 2.651160430908203125e+01 3.348582458496093750e+01
2.180407266616821289e+02 6.664750099182128906e+01 2.708499717712402344e+01 3.362849044799804688e+01
2.182276124954223633e+02 6.614475631713867188e+01 2.767256736755371094e+01 3.292908477783203125e+01
2.177562351226806641e+02 6.636897850036621094e+01 2.689310836791992188e+01 3.284715652465820312e+01
2.182494792938232422e+02 6.694837188720703125e+01 2.699872970581054688e+01 3.261447143554687500e+01
2.192985687255859375e+02 6.684371566772460938e+01 2.648979187011718750e+01 3.212565612792968750e+01
2.183502979278564453e+02 6.701257705688476562e+01 2.643478775024414062e+01 3.294261169433593750e+01
2.188008203506469727e+02 6.716132164001464844e+01 2.665089988708496094e+01 3.210294723510742188e+01
2.190539026260375977e+02 6.735991477966308594e+01 2.620664024353027344e+01 3.221481704711914062e+01
2.185095014572143555e+02 6.744629669189453125e+01 2.685503578186035156e+01 3.165142822265625000e+01
2.191878252029418945e+02 6.773386192321777344e+01 2.670959281921386719e+01 3.118124771118164062e+01
2.176631517410278320e+02 6.734005928039550781e+01 2.667403221130371094e+01 3.231808853149414062e+01
2.185332221984863281e+02 6.784208106994628906e+01 2.603010559082031250e+01 3.172645187377929688e+01
2.185362672805786133e+02 6.758283805847167969e+01 2.659381675720214844e+01 3.135600662231445312e+01
2.184211378097534180e+02 6.781971454620361328e+01 2.627366828918457031e+01 3.098007774353027344e+01
2.186931676864624023e+02 6.754066181182861328e+01 2.644538307189941406e+01 3.071752738952636719e+01
2.194288644790649414e+02 6.825631618499755859e+01 2.603392601013183594e+01 2.988260841369628906e+01
2.190416545867919922e+02 6.803317451477050781e+01 2.631783676147460938e+01 2.983585739135742188e+01
2.180521078109741211e+02 6.890955162048339844e+01 2.630294990539550781e+01 2.928877639770507812e+01
2.184537839889526367e+02 6.797390079498291016e+01 2.637841987609863281e+01 2.829659080505371094e+01
2.175495672225952148e+02 6.936935806274414062e+01 2.656262397766113281e+01 2.633144378662109375e+01
2.174881868362426758e+02 6.975320625305175781e+01 2.669549369812011719e+01 2.557096481323242188e+01
2.178570613861083984e+02 7.076202774047851562e+01 2.685263442993164062e+01 2.509689331054687500e+01
2.180596294403076172e+02 7.095287132263183594e+01 2.629427719116210938e+01 2.510091781616210938e+01
2.174803972244262695e+02 7.086728763580322266e+01 2.644312095642089844e+01 2.482592582702636719e+01
2.177964200973510742e+02 7.061834812164306641e+01 2.611773109436035156e+01 2.461125755310058594e+01
2.171454324722290039e+02 7.120412445068359375e+01 2.671429252624511719e+01 2.419190979003906250e+01
2.167270898818969727e+02 7.166428756713867188e+01 2.665165519714355469e+01 2.406832122802734375e+01
2.172986068725585938e+02 7.091899299621582031e+01 2.629530334472656250e+01 2.424087905883789062e+01
2.171299257278442383e+02 7.082186508178710938e+01 2.640170860290527344e+01 2.407029724121093750e+01
2.168887557983398438e+02 7.185106372833251953e+01 2.649782562255859375e+01 2.409897422790527344e+01
2.172986927032470703e+02 7.096469116210937500e+01 2.633971023559570312e+01 2.451229858398437500e+01
2.176080179214477539e+02 7.138071346282958984e+01 2.625620841979980469e+01 2.421668434143066406e+01
2.174374217987060547e+02 7.092217159271240234e+01 2.637073135375976562e+01 2.435154914855957031e+01
2.166948070526123047e+02 7.052437019348144531e+01 2.627405166625976562e+01 2.474210739135742188e+01
2.166096935272216797e+02 7.024660778045654297e+01 2.642547225952148438e+01 2.466637611389160156e+01
2.169931516647338867e+02 7.059242439270019531e+01 2.616580390930175781e+01 2.459257888793945312e+01
2.168525590896606445e+02 7.036870193481445312e+01 2.652489280700683594e+01 2.474845123291015625e+01
2.165720472335815430e+02 7.070576000213623047e+01 2.627607154846191406e+01 2.482197761535644531e+01
2.172077836990356445e+02 6.984995555877685547e+01 2.576952934265136719e+01 2.446103096008300781e+01
2.165276622772216797e+02 6.988650894165039062e+01 2.627761459350585938e+01 2.537731933593750000e+01
2.165304784774780273e+02 6.880478763580322266e+01 2.601241493225097656e+01 2.681672477722167969e+01
2.159051771163940430e+02 6.873116302490234375e+01 2.651910591125488281e+01 2.806639099121093750e+01
2.165419902801513672e+02 6.800920200347900391e+01 2.616254806518554688e+01 2.844676017761230469e+01
2.160156841278076172e+02 6.793980216979980469e+01 2.529955673217773438e+01 3.107497787475585938e+01
2.168269395828247070e+02 6.781610298156738281e+01 2.559572410583496094e+01 3.062102890014648438e+01
2.161453628540039062e+02 6.767577362060546875e+01 2.533808898925781250e+01 3.069056701660156250e+01
2.164026565551757812e+02 6.740875339508056641e+01 2.589264678955078125e+01 3.145887565612792969e+01
2.161476678848266602e+02 6.654843044281005859e+01 2.594644737243652344e+01 3.178614997863769531e+01
2.160341663360595703e+02 6.647261238098144531e+01 2.598322677612304688e+01 3.226674270629882812e+01
2.162489671707153320e+02 6.614477157592773438e+01 2.654250144958496094e+01 3.230229949951171875e+01
2.156040582656860352e+02 6.628054618835449219e+01 2.604186058044433594e+01 3.334058761596679688e+01
2.155847778320312500e+02 6.588807106018066406e+01 2.655239868164062500e+01 3.341189956665039062e+01
2.159046640396118164e+02 6.588973045349121094e+01 2.671226310729980469e+01 3.294868087768554688e+01
2.167461099624633789e+02 6.640998077392578125e+01 2.574199485778808594e+01 3.272800445556640625e+01
2.169722328186035156e+02 6.712046432495117188e+01 2.610859680175781250e+01 3.258938598632812500e+01
2.157639875411987305e+02 6.671042823791503906e+01 2.665517616271972656e+01 3.267264938354492188e+01
2.156148605346679688e+02 6.659177780151367188e+01 2.667757415771484375e+01 3.237947845458984375e+01
2.156757965087890625e+02 6.650982475280761719e+01 2.675217437744140625e+01 3.255199050903320312e+01
2.155592403411865234e+02 6.627444076538085938e+01 2.603142929077148438e+01 3.255896759033203125e+01
2.160566549301147461e+02 6.626953125000000000e+01 2.639845466613769531e+01 3.212747192382812500e+01
2.154980955123901367e+02 6.516965866088867188e+01 2.650105476379394531e+01 3.275518798828125000e+01
2.157820920944213867e+02 6.487212944030761719e+01 2.637211036682128906e+01 3.227247238159179688e+01
2.159886245727539062e+02 6.437525367736816406e+01 2.641174316406250000e+01 3.265236282348632812e+01
2.151250228881835938e+02 6.420493125915527344e+01 2.620352172851562500e+01 3.287028121948242188e+01
2.150995531082153320e+02 6.367494392395019531e+01 2.676976585388183594e+01 3.284640884399414062e+01
2.150537681579589844e+02 6.339916610717773438e+01 2.587834930419921875e+01 3.250501251220703125e+01
2.155425662994384766e+02 6.415017700195312500e+01 2.598476028442382812e+01 3.228421020507812500e+01
2.143643293380737305e+02 6.423188781738281250e+01 2.600216102600097656e+01 3.266816711425781250e+01
2.152772502899169922e+02 6.439859771728515625e+01 2.561078262329101562e+01 3.219921875000000000e+01
2.150422534942626953e+02 6.412270164489746094e+01 2.546005630493164062e+01 3.229536819458007812e+01
2.155310144424438477e+02 6.383813858032226562e+01 2.576576805114746094e+01 3.251763916015625000e+01
2.157654390335083008e+02 6.396870613098144531e+01 2.556255912780761719e+01 3.243888473510742188e+01
2.147457580566406250e+02 6.414504623413085938e+01 2.530784606933593750e+01 3.250205993652343750e+01
2.155099611282348633e+02 6.395296669006347656e+01 2.607256126403808594e+01 3.252223587036132812e+01
2.162430047988891602e+02 6.351303672790527344e+01 2.556963920593261719e+01 3.274709701538085938e+01
2.165441122055053711e+02 6.365813636779785156e+01 2.576810646057128906e+01 3.334459304809570312e+01
2.173014516830444336e+02 6.423744010925292969e+01 2.528833961486816406e+01 3.345513534545898438e+01
2.176169691085815430e+02 6.469395446777343750e+01 2.571380805969238281e+01 3.335282135009765625e+01
2.176727924346923828e+02 6.466804885864257812e+01 2.574335098266601562e+01 3.372889709472656250e+01
2.165201759338378906e+02 6.352766990661621094e+01 2.616433715820312500e+01 3.404044723510742188e+01
2.167438106536865234e+02 6.364350509643554688e+01 2.592727279663085938e+01 3.385207366943359375e+01
2.172821426391601562e+02 6.413587188720703125e+01 2.594314575195312500e+01 3.419304656982421875e+01
2.174614257812500000e+02 6.413404083251953125e+01 2.573570251464843750e+01 3.394834136962890625e+01
2.168541498184204102e+02 6.314017868041992188e+01 2.602484703063964844e+01 3.388986968994140625e+01
2.177064571380615234e+02 6.295703697204589844e+01 2.535773849487304688e+01 3.392627334594726562e+01
2.177780456542968750e+02 6.324234771728515625e+01 2.544087982177734375e+01 3.354421234130859375e+01
2.168957967758178711e+02 6.307071113586425781e+01 2.598980903625488281e+01 3.252668380737304688e+01
2.177375726699829102e+02 6.299177551269531250e+01 2.540476799011230469e+01 3.421212005615234375e+01
2.178768854141235352e+02 6.378939914703369141e+01 2.524959373474121094e+01 3.167467308044433594e+01
2.168010063171386719e+02 6.377968215942382812e+01 2.484117889404296875e+01 3.080070495605468750e+01
2.171787586212158203e+02 6.397985172271728516e+01 2.531583786010742188e+01 3.011238670349121094e+01
2.176735277175903320e+02 6.378252506256103516e+01 2.528219413757324219e+01 2.929314994812011719e+01
2.173923845291137695e+02 6.475827503204345703e+01 2.447552299499511719e+01 2.874284172058105469e+01
2.175729999542236328e+02 6.426230239868164062e+01 2.484331130981445312e+01 2.745926666259765625e+01
2.180882453918457031e+02 6.562787437438964844e+01 2.504224395751953125e+01 2.753178024291992188e+01
2.173075866699218750e+02 6.577835941314697266e+01 2.410047149658203125e+01 2.626230430603027344e+01
2.168791751861572266e+02 6.644227600097656250e+01 2.532572555541992188e+01 2.542574310302734375e+01
2.167662029266357422e+02 6.622366237640380859e+01 2.541054153442382812e+01 2.501342964172363281e+01
2.169559125900268555e+02 6.642341232299804688e+01 2.550252723693847656e+01 2.470708465576171875e+01
2.173261680603027344e+02 6.655681228637695312e+01 2.532340240478515625e+01 2.444940185546875000e+01
2.171218614578247070e+02 6.611340618133544922e+01 2.544470787048339844e+01 2.396584510803222656e+01
2.174862604141235352e+02 6.567807197570800781e+01 2.534823417663574219e+01 2.424863815307617188e+01
2.173224678039550781e+02 6.567325019836425781e+01 2.464104461669921875e+01 2.393883895874023438e+01
2.169542379379272461e+02 6.554153919219970703e+01 2.434433937072753906e+01 2.371838188171386719e+01
2.166688890457153320e+02 6.540009498596191406e+01 2.504118919372558594e+01 2.463181686401367188e+01
2.170849180221557617e+02 6.465175533294677734e+01 2.466867256164550781e+01 2.582589912414550781e+01
2.169479494094848633e+02 6.427740573883056641e+01 2.494808769226074219e+01 2.677150535583496094e+01
2.172080488204956055e+02 6.359241867065429688e+01 2.525811958312988281e+01 2.698939514160156250e+01
2.174062500000000000e+02 6.322523784637451172e+01 2.544004058837890625e+01 2.756240272521972656e+01
2.174010457992553711e+02 6.314448356628417969e+01 2.427512550354003906e+01 2.804396438598632812e+01
2.162871551513671875e+02 6.214825057983398438e+01 2.571098327636718750e+01 2.884145355224609375e+01
2.152808609008789062e+02 6.258621406555175781e+01 2.652496337890625000e+01 2.865494918823242188e+01
2.159519567489624023e+02 6.245466899871826172e+01 2.620540809631347656e+01 2.982447242736816406e+01
2.163507547378540039e+02 6.177124786376953125e+01 2.563193321228027344e+01 3.025634765625000000e+01
2.162680158615112305e+02 6.085382843017578125e+01 2.575362586975097656e+01 3.072984313964843750e+01
2.145581207275390625e+02 6.010913658142089844e+01 2.585894012451171875e+01 3.124771499633789062e+01
2.165882978439331055e+02 6.013522624969482422e+01 2.551337623596191406e+01 3.116263771057128906e+01
2.150841121673583984e+02 6.003303718566894531e+01 2.600940322875976562e+01 3.285420608520507812e+01
2.151232929229736328e+02 5.990350437164306641e+01 2.565701675415039062e+01 3.194690513610839844e+01
2.157648487091064453e+02 6.004416465759277344e+01 2.610353469848632812e+01 3.264148330688476562e+01
2.158262605667114258e+02 5.909674835205078125e+01 2.593206596374511719e+01 3.226764678955078125e+01
2.150275354385375977e+02 5.951984024047851562e+01 2.603292655944824219e+01 3.334506988525390625e+01
2.157039499282836914e+02 5.968952560424804688e+01 2.570915794372558594e+01 3.271942901611328125e+01
2.155177526473999023e+02 5.861418724060058594e+01 2.608185005187988281e+01 3.279796218872070312e+01
2.155494518280029297e+02 5.868669128417968750e+01 2.586507034301757812e+01 3.299071502685546875e+01
2.154403314590454102e+02 5.886315536499023438e+01 2.615289878845214844e+01 3.274892425537109375e+01
2.151785535812377930e+02 5.936076545715332031e+01 2.584242439270019531e+01 3.277215957641601562e+01
2.151351175308227539e+02 5.940042114257812500e+01 2.585751914978027344e+01 3.242224884033203125e+01
2.156239776611328125e+02 5.895936012268066406e+01 2.591876983642578125e+01 3.227518081665039062e+01
2.147015314102172852e+02 5.929919624328613281e+01 2.630001640319824219e+01 3.276658248901367188e+01
2.156025123596191406e+02 5.931275653839111328e+01 2.516622161865234375e+01 3.180776786804199219e+01
2.159113044738769531e+02 6.046998596191406250e+01 2.562784576416015625e+01 3.219440460205078125e+01
2.160571384429931641e+02 6.024472618103027344e+01 2.523716354370117188e+01 3.125396347045898438e+01
2.157972497940063477e+02 6.123430347442626953e+01 2.626476860046386719e+01 3.142147636413574219e+01
2.163057212829589844e+02 6.216216087341308594e+01 2.562173461914062500e+01 2.917207717895507812e+01
2.164221611022949219e+02 6.285668277740478516e+01 2.327347564697265625e+01 2.739680290222167969e+01
2.158415594100952148e+02 6.413548374176025391e+01 2.434412574768066406e+01 2.442799186706542969e+01
2.153834180831909180e+02 6.504953002929687500e+01 2.471985054016113281e+01 2.587452697753906250e+01
2.137558794021606445e+02 6.398294258117675781e+01 2.391154289245605469e+01 2.612100601196289062e+01
2.130255298614501953e+02 6.270650100708007812e+01 2.455446243286132812e+01 2.792614746093750000e+01
2.126082506179809570e+02 6.237910556793212891e+01 2.552607536315917969e+01 3.034140586853027344e+01
2.137273311614990234e+02 6.138945960998535156e+01 2.546371078491210938e+01 3.207528305053710938e+01
2.132911930084228516e+02 6.141026496887207031e+01 2.465861892700195312e+01 3.232887649536132812e+01
2.140442800521850586e+02 6.136036205291748047e+01 2.503382301330566406e+01 3.039643287658691406e+01
2.148828344345092773e+02 6.112992763519287109e+01 2.536033821105957031e+01 3.082200813293457031e+01
2.150930433273315430e+02 5.956764888763427734e+01 2.450882148742675781e+01 3.121728706359863281e+01
2.149174022674560547e+02 5.924984550476074219e+01 2.564821243286132812e+01 3.224590682983398438e+01
2.135654668807983398e+02 5.980127716064453125e+01 2.584035682678222656e+01 3.285015869140625000e+01
2.119272899627685547e+02 5.903553485870361328e+01 2.720064163208007812e+01 3.125377464294433594e+01
2.113473272323608398e+02 5.914733600616455078e+01 2.628959846496582031e+01 3.158354759216308594e+01
2.087272367477416992e+02 5.912862110137939453e+01 2.826019477844238281e+01 3.111931419372558594e+01
2.087619686126708984e+02 5.739835643768310547e+01 2.799757003784179688e+01 3.112657356262207031e+01
2.050432090759277344e+02 5.448379230499267578e+01 2.904139709472656250e+01 3.147464561462402344e+01
2.033815364837646484e+02 5.171215438842773438e+01 2.866660690307617188e+01 3.037809753417968750e+01
2.046755695343017578e+02 5.195763969421386719e+01 2.770766830444335938e+01 3.057670974731445312e+01
2.050172996520996094e+02 5.040710163116455078e+01 2.780256652832031250e+01 2.940714073181152344e+01
2.076678314208984375e+02 5.078510665893554688e+01 2.727237701416015625e+01 2.923226928710937500e+01
2.031546096801757812e+02 5.059552383422851562e+01 2.762490844726562500e+01 2.978903198242187500e+01
2.068578786849975586e+02 5.145395469665527344e+01 2.800135993957519531e+01 3.073968887329101562e+01
2.038908290863037109e+02 5.009152603149414062e+01 2.924213027954101562e+01 3.056653594970703125e+01
2.038990879058837891e+02 5.175539016723632812e+01 2.977721023559570312e+01 3.030391693115234375e+01
2.040098934173583984e+02 5.220547676086425781e+01 3.160325241088867188e+01 3.126549911499023438e+01
2.063567323684692383e+02 5.251230144500732422e+01 3.072778129577636719e+01 3.108052253723144531e+01
2.040814495086669922e+02 5.339826202392578125e+01 3.377680587768554688e+01 3.203089141845703125e+01
2.115148458480834961e+02 5.391423606872558594e+01 2.949820899963378906e+01 3.214503097534179688e+01
2.142052574157714844e+02 5.353207302093505859e+01 2.804929351806640625e+01 3.158659553527832031e+01
2.143333721160888672e+02 5.485076236724853516e+01 2.822170639038085938e+01 3.113622856140136719e+01
2.140434236526489258e+02 5.421337795257568359e+01 2.837279319763183594e+01 3.024565315246582031e+01
2.144266672134399414e+02 5.461276435852050781e+01 2.829716300964355469e+01 3.106677627563476562e+01
2.150259370803833008e+02 5.392152786254882812e+01 2.739015007019042969e+01 2.959516143798828125e+01
2.147985839843750000e+02 5.359303569793701172e+01 2.794503784179687500e+01 2.987432289123535156e+01
2.141455535888671875e+02 5.310713577270507812e+01 2.716979980468750000e+01 3.230056762695312500e+01
2.135830860137939453e+02 5.399013519287109375e+01 2.807110977172851562e+01 3.216989898681640625e+01
2.145186901092529297e+02 5.402680206298828125e+01 2.620120620727539062e+01 3.046156311035156250e+01
2.139439897537231445e+02 5.484714126586914062e+01 2.579463768005371094e+01 3.279917907714843750e+01
2.143347692489624023e+02 5.408773899078369141e+01 2.612245368957519531e+01 3.043758201599121094e+01
2.131756277084350586e+02 5.340077590942382812e+01 2.666411781311035156e+01 3.146427154541015625e+01
2.124334297180175781e+02 5.386658000946044922e+01 2.609046173095703125e+01 3.182663154602050781e+01
2.123858184814453125e+02 5.351959228515625000e+01 2.727538299560546875e+01 3.023470306396484375e+01
2.099840593338012695e+02 5.359259796142578125e+01 2.829124259948730469e+01 2.917734527587890625e+01
2.088901844024658203e+02 5.197248649597167969e+01 2.914682388305664062e+01 2.826868057250976562e+01
2.088762311935424805e+02 5.150852203369140625e+01 2.853846168518066406e+01 2.875190734863281250e+01
2.086250362396240234e+02 5.152118206024169922e+01 2.886027145385742188e+01 2.986008644104003906e+01
2.082137737274169922e+02 5.270087623596191406e+01 2.871837997436523438e+01 3.119247055053710938e+01
2.058982620239257812e+02 5.063709831237792969e+01 2.978493499755859375e+01 3.133102798461914062e+01
2.066937723159790039e+02 5.012167739868164062e+01 2.969061851501464844e+01 3.209056854248046875e+01
2.075145177841186523e+02 4.904822158813476562e+01 2.898063087463378906e+01 3.111585998535156250e+01
2.096509675979614258e+02 4.943502998352050781e+01 2.863635063171386719e+01 3.192351913452148438e+01
2.119573564529418945e+02 4.915178871154785156e+01 2.841741752624511719e+01 3.296712112426757812e+01
2.122587137222290039e+02 4.978882408142089844e+01 2.780747032165527344e+01 3.066454696655273438e+01
2.131476173400878906e+02 4.926854705810546875e+01 2.710323333740234375e+01 3.308670043945312500e+01
2.142969713211059570e+02 5.012280273437500000e+01 2.581610679626464844e+01 3.004215240478515625e+01
2.139842481613159180e+02 5.027102184295654297e+01 2.699520301818847656e+01 3.175699043273925781e+01
2.122805986404418945e+02 5.053955459594726562e+01 2.672885704040527344e+01 2.950424194335937500e+01
2.115843772888183594e+02 5.098945522308349609e+01 2.694770812988281250e+01 2.970855903625488281e+01
2.116090784072875977e+02 5.127114009857177734e+01 2.618130302429199219e+01 2.855318641662597656e+01
2.116080045700073242e+02 5.105472946166992188e+01 2.713656806945800781e+01 3.008341979980468750e+01
2.116913557052612305e+02 5.095303249359130859e+01 2.752070045471191406e+01 3.182423591613769531e+01
2.125187902450561523e+02 5.309364700317382812e+01 2.830027961730957031e+01 3.217534637451171875e+01
2.139846906661987305e+02 5.242918777465820312e+01 2.828876686096191406e+01 3.156704711914062500e+01
2.141072139739990234e+02 5.357001113891601562e+01 3.006944656372070312e+01 3.266680908203125000e+01
2.143675441741943359e+02 5.278195476531982422e+01 2.919175338745117188e+01 3.123483467102050781e+01
2.147813539505004883e+02 5.330159950256347656e+01 2.911515617370605469e+01 3.218404769897460938e+01
2.138009023666381836e+02 5.290460014343261719e+01 2.864711952209472656e+01 3.123867416381835938e+01
2.133531208038330078e+02 5.276653957366943359e+01 2.948535537719726562e+01 3.143498420715332031e+01
2.122664031982421875e+02 5.372023391723632812e+01 3.260712432861328125e+01 3.355143737792968750e+01
2.106287307739257812e+02 5.382319068908691406e+01 3.127442169189453125e+01 3.384096145629882812e+01
2.085236816406250000e+02 5.469175148010253906e+01 3.384569549560546875e+01 3.452293777465820312e+01
2.083752441406250000e+02 5.393951416015625000e+01 3.381432342529296875e+01 3.395858001708984375e+01
2.088602161407470703e+02 5.424956798553466797e+01 3.171382522583007812e+01 3.178219795227050781e+01
2.090137462615966797e+02 5.381611824035644531e+01 3.125574111938476562e+01 3.355368423461914062e+01
2.071488838195800781e+02 5.345783233642578125e+01 3.051882171630859375e+01 3.273935699462890625e+01
2.110507860183715820e+02 5.703758811950683594e+01 2.522354698181152344e+01 3.127196884155273438e+01
2.101807050704956055e+02 5.741860294342041016e+01 2.523460578918457031e+01 3.025171470642089844e+01
2.100941295623779297e+02 5.545119762420654297e+01 2.382445907592773438e+01 2.977610206604003906e+01
2.105668296813964844e+02 5.633691215515136719e+01 2.542207336425781250e+01 2.958954238891601562e+01
2.110517702102661133e+02 5.766288185119628906e+01 2.679115867614746094e+01 2.890648269653320312e+01
2.126197509765625000e+02 5.882022380828857422e+01 2.485517883300781250e+01 2.889867591857910156e+01
2.121421289443969727e+02 5.840908050537109375e+01 2.545554161071777344e+01 3.000116729736328125e+01
2.114395637512207031e+02 5.752959537506103516e+01 2.523651885986328125e+01 2.948177146911621094e+01
2.113684301376342773e+02 5.646407127380371094e+01 2.601583290100097656e+01 2.886803817749023438e+01
2.132397785186767578e+02 5.608284854888916016e+01 2.659669876098632812e+01 2.958238792419433594e+01
2.129599218368530273e+02 5.540775203704833984e+01 2.512797737121582031e+01 3.069479560852050781e+01
2.119196138381958008e+02 5.453653621673583984e+01 2.759915733337402344e+01 3.120970344543457031e+01
2.112377395629882812e+02 5.379334926605224609e+01 2.975717163085937500e+01 3.189302253723144531e+01
2.117588081359863281e+02 5.301010513305664062e+01 2.969865417480468750e+01 3.142610168457031250e+01
2.101861743927001953e+02 5.335952758789062500e+01 3.205949783325195312e+01 3.391399383544921875e+01
2.080786323547363281e+02 5.294840621948242188e+01 3.351710510253906250e+01 3.246011352539062500e+01
2.077722797393798828e+02 5.287859725952148438e+01 3.395637893676757812e+01 3.333847045898437500e+01
2.082413311004638672e+02 5.299303627014160156e+01 3.354000473022460938e+01 3.275323867797851562e+01
2.088022003173828125e+02 5.204197502136230469e+01 3.219568634033203125e+01 3.266918563842773438e+01
2.097339801788330078e+02 5.138210678100585938e+01 3.270517349243164062e+01 3.546156311035156250e+01
2.118748846054077148e+02 5.051137733459472656e+01 3.060598182678222656e+01 3.428125381469726562e+01
2.139777050018310547e+02 5.246543502807617188e+01 3.066123580932617188e+01 3.324610900878906250e+01
2.146737203598022461e+02 5.331293869018554688e+01 3.082660865783691406e+01 3.297521972656250000e+01
2.148419904708862305e+02 5.176858520507812500e+01 2.839441108703613281e+01 3.206576538085937500e+01
2.150998020172119141e+02 5.116760444641113281e+01 2.738546371459960938e+01 3.328234481811523438e+01
2.144971208572387695e+02 5.089201354980468750e+01 2.782269096374511719e+01 3.355619812011718750e+01
2.133043508529663086e+02 5.035279273986816406e+01 2.696010017395019531e+01 3.434469985961914062e+01
2.128011074066162109e+02 5.025567245483398438e+01 2.681339645385742188e+01 3.173645019531250000e+01
2.125033235549926758e+02 5.126266479492187500e+01 2.609262657165527344e+01 3.281484985351562500e+01
2.122906246185302734e+02 5.125427627563476562e+01 2.643738174438476562e+01 3.108892059326171875e+01
2.120999145507812500e+02 5.261464118957519531e+01 2.908028411865234375e+01 3.130009078979492188e+01
2.144512834548950195e+02 5.241057205200195312e+01 2.817605400085449219e+01 3.086262512207031250e+01
2.120524425506591797e+02 5.344291687011718750e+01 2.731579971313476562e+01 3.153105163574218750e+01
2.087670974731445312e+02 5.489707183837890625e+01 2.643130493164062500e+01 3.178451538085937500e+01
2.067488555908203125e+02 5.488632297515869141e+01 2.538151550292968750e+01 2.947508811950683594e+01
2.066970167160034180e+02 5.286170387268066406e+01 2.632610511779785156e+01 3.050352859497070312e+01
2.073290424346923828e+02 5.316278934478759766e+01 2.563922500610351562e+01 3.097756767272949219e+01
2.035415849685668945e+02 5.184559345245361328e+01 2.774008750915527344e+01 2.944885063171386719e+01
2.045609388351440430e+02 5.100294494628906250e+01 2.820711708068847656e+01 3.036841583251953125e+01
2.032069349288940430e+02 5.180640792846679688e+01 2.916745185852050781e+01 3.225193023681640625e+01
2.008734617233276367e+02 5.108183765411376953e+01 3.054246711730957031e+01 3.154538536071777344e+01
1.988475437164306641e+02 5.177973747253417969e+01 3.121434402465820312e+01 3.105150222778320312e+01
1.986993618011474609e+02 5.331824302673339844e+01 3.297055435180664062e+01 2.923231887817382812e+01
2.004549980163574219e+02 5.263710117340087891e+01 3.539521026611328125e+01 3.046365165710449219e+01
2.061219310760498047e+02 5.033640861511230469e+01 3.283215713500976562e+01 3.289502334594726562e+01
2.102972049713134766e+02 5.086123275756835938e+01 3.474674606323242188e+01 3.405193328857421875e+01
2.144641208648681641e+02 5.366534805297851562e+01 2.983588790893554688e+01 3.249665069580078125e+01
2.136650714874267578e+02 5.362819480895996094e+01 3.057780075073242188e+01 3.291527175903320312e+01
2.133764114379882812e+02 5.233856010437011719e+01 3.080026245117187500e+01 3.240030288696289062e+01
2.137860717773437500e+02 5.242423057556152344e+01 2.948502349853515625e+01 3.457789993286132812e+01
2.125491523742675781e+02 5.273536014556884766e+01 2.885805511474609375e+01 3.191475486755371094e+01
2.112572221755981445e+02 5.520362472534179688e+01 2.893009757995605469e+01 3.000664520263671875e+01
2.080663280487060547e+02 5.608849716186523438e+01 2.827625656127929688e+01 2.930580139160156250e+01
2.073133058547973633e+02 5.400362682342529297e+01 2.693864250183105469e+01 2.911049842834472656e+01
2.058048763275146484e+02 5.272806358337402344e+01 2.710763168334960938e+01 3.397755050659179688e+01
2.056384038925170898e+02 5.328553390502929688e+01 2.623312568664550781e+01 3.128996276855468750e+01
2.047281551361083984e+02 5.388192558288574219e+01 2.693042373657226562e+01 3.319652175903320312e+01
2.032621650695800781e+02 5.419525527954101562e+01 2.635148620605468750e+01 3.305853271484375000e+01
2.026735639572143555e+02 5.500148582458496094e+01 2.561973762512207031e+01 3.300370407104492188e+01
2.017464056015014648e+02 5.555021858215332031e+01 2.568223762512207031e+01 3.188274002075195312e+01
2.009790525436401367e+02 5.501921463012695312e+01 2.579492378234863281e+01 3.265187072753906250e+01
1.990615730285644531e+02 5.565761947631835938e+01 2.686555480957031250e+01 3.303752136230468750e+01
1.984404039382934570e+02 5.656523895263671875e+01 2.612045097351074219e+01 3.331964874267578125e+01
1.961111984252929688e+02 5.632683753967285156e+01 2.663269805908203125e+01 3.287602615356445312e+01
1.956400470733642578e+02 5.705679702758789062e+01 2.638573074340820312e+01 3.318975067138671875e+01
1.963530378341674805e+02 5.747150230407714844e+01 2.655327033996582031e+01 3.268499374389648438e+01
1.946901121139526367e+02 5.617257881164550781e+01 2.570417213439941406e+01 3.211093521118164062e+01
1.966218004226684570e+02 5.527313423156738281e+01 2.722627067565917969e+01 3.277701187133789062e+01
1.985030412673950195e+02 5.567952537536621094e+01 2.511454582214355469e+01 3.196321487426757812e+01
1.996651210784912109e+02 5.500783538818359375e+01 2.679130935668945312e+01 3.143068695068359375e+01
1.999133853912353516e+02 5.535478019714355469e+01 2.475766372680664062e+01 3.285792160034179688e+01
2.014803981781005859e+02 5.464206790924072266e+01 2.632658004760742188e+01 3.165052604675292969e+01
2.020948839187622070e+02 5.511989974975585938e+01 2.468842124938964844e+01 3.210626983642578125e+01
2.031994333267211914e+02 5.416158676147460938e+01 2.485104942321777344e+01 3.108023834228515625e+01
2.036655540466308594e+02 5.428976440429687500e+01 2.427822113037109375e+01 3.063993072509765625e+01
2.039568014144897461e+02 5.385338211059570312e+01 2.514576148986816406e+01 3.120195007324218750e+01
2.050684947967529297e+02 5.457605171203613281e+01 2.513319015502929688e+01 3.086095809936523438e+01
2.050369949340820312e+02 5.411968994140625000e+01 2.524355316162109375e+01 3.216583251953125000e+01
2.059732856750488281e+02 5.416437721252441406e+01 2.548233032226562500e+01 3.089983749389648438e+01
2.058628406524658203e+02 5.380165672302246094e+01 2.681313705444335938e+01 3.166997146606445312e+01
2.048616285324096680e+02 5.566080188751220703e+01 2.940889167785644531e+01 3.094053459167480469e+01
2.029289445877075195e+02 5.397330474853515625e+01 3.160915184020996094e+01 3.242156219482421875e+01
2.027599945068359375e+02 5.294925689697265625e+01 3.170996093750000000e+01 3.311950683593750000e+01
2.018393964767456055e+02 5.158740425109863281e+01 3.042247200012207031e+01 3.470629501342773438e+01
2.025932884216308594e+02 5.420791053771972656e+01 2.978540039062500000e+01 3.440496444702148438e+01
2.028565664291381836e+02 5.384955024719238281e+01 2.812117195129394531e+01 3.333362960815429688e+01
2.021188507080078125e+02 5.352701759338378906e+01 2.909190368652343750e+01 3.405633926391601562e+01
2.020859260559082031e+02 5.369595432281494141e+01 2.798063659667968750e+01 3.114448356628417969e+01
2.034673576354980469e+02 5.509234523773193359e+01 2.622960662841796875e+01 2.886628913879394531e+01
2.061506910324096680e+02 5.618594932556152344e+01 2.605916023254394531e+01 2.740927505493164062e+01
2.064570808410644531e+02 5.507675361633300781e+01 2.535462951660156250e+01 2.867552566528320312e+01
2.069300603866577148e+02 5.473870468139648438e+01 2.534358406066894531e+01 3.154644775390625000e+01
2.045617084503173828e+02 5.437252140045166016e+01 2.632275772094726562e+01 2.999623680114746094e+01
2.029901409149169922e+02 5.512571620941162109e+01 2.684245681762695312e+01 3.072019386291503906e+01
2.056597690582275391e+02 5.504417610168457031e+01 2.757477951049804688e+01 3.094502639770507812e+01
2.069405794143676758e+02 5.500710868835449219e+01 2.692691612243652344e+01 2.945582199096679688e+01
2.055869321823120117e+02 5.367006587982177734e+01 2.669716072082519531e+01 3.077597999572753906e+01
2.090753011703491211e+02 5.243966007232666016e+01 2.439399909973144531e+01 2.895143699645996094e+01
2.083209142684936523e+02 5.254666233062744141e+01 2.522017097473144531e+01 3.134440422058105469e+01
2.102140760421752930e+02 5.303702926635742188e+01 2.430282783508300781e+01 2.741398620605468750e+01
2.096643352508544922e+02 5.101331138610839844e+01 2.512582015991210938e+01 3.183644485473632812e+01
2.099751281738281250e+02 5.087534236907958984e+01 2.629521179199218750e+01 2.877395820617675781e+01
2.084132680892944336e+02 4.984764480590820312e+01 2.937430000305175781e+01 3.150758361816406250e+01
2.076744089126586914e+02 4.969371509552001953e+01 3.174702262878417969e+01 3.161189079284667969e+01
2.076890058517456055e+02 5.303810119628906250e+01 2.881423377990722656e+01 2.961115264892578125e+01
2.067230710983276367e+02 5.345535755157470703e+01 2.916511726379394531e+01 3.066190147399902344e+01
2.063966541290283203e+02 5.368302154541015625e+01 2.911762619018554688e+01 2.908964538574218750e+01
2.089909420013427734e+02 5.374377822875976562e+01 2.542187118530273438e+01 3.130353546142578125e+01
2.084837932586669922e+02 5.422396564483642578e+01 2.437610244750976562e+01 3.152690696716308594e+01
2.078619194030761719e+02 5.493944168090820312e+01 2.474082183837890625e+01 3.089575195312500000e+01
2.067568044662475586e+02 5.439615631103515625e+01 2.555046272277832031e+01 3.035823059082031250e+01
2.067369489669799805e+02 5.417423915863037109e+01 2.598077583312988281e+01 3.114412117004394531e+01
2.070054864883422852e+02 5.444396018981933594e+01 2.520262718200683594e+01 3.043883132934570312e+01
2.076015920639038086e+02 5.482860374450683594e+01 2.631414985656738281e+01 3.230366897583007812e+01
2.079890995025634766e+02 5.455101776123046875e+01 2.686327743530273438e+01 3.244947814941406250e+01
2.075197639465332031e+02 5.376334953308105469e+01 2.796381378173828125e+01 3.266035079956054688e+01
2.075920772552490234e+02 5.242244911193847656e+01 2.817912673950195312e+01 3.203683853149414062e+01
2.086060209274291992e+02 5.292100048065185547e+01 2.779890632629394531e+01 3.152897071838378906e+01
2.088457212448120117e+02 5.225007247924804688e+01 3.012137031555175781e+01 3.205836486816406250e+01
2.092583971023559570e+02 5.234272289276123047e+01 2.889668083190917969e+01 3.101111030578613281e+01
2.093669157028198242e+02 5.237604904174804688e+01 2.682261848449707031e+01 3.001354217529296875e+01
2.094195232391357422e+02 5.316671752929687500e+01 2.665058517456054688e+01 3.566820526123046875e+01
2.100660886764526367e+02 5.270557785034179688e+01 2.606364631652832031e+01 3.222993469238281250e+01
2.110487222671508789e+02 5.316432571411132812e+01 2.925206565856933594e+01 3.164702606201171875e+01
2.102254734039306641e+02 5.276510620117187500e+01 2.809857559204101562e+01 3.171501159667968750e+01
2.101636762619018555e+02 5.213189125061035156e+01 2.753489112854003906e+01 3.154567337036132812e+01
2.093969297409057617e+02 5.152865028381347656e+01 2.769838905334472656e+01 3.386764144897460938e+01
2.084975814819335938e+02 5.111968803405761719e+01 3.085601043701171875e+01 3.528322982788085938e+01
2.100703296661376953e+02 5.023651695251464844e+01 3.066365432739257812e+01 3.699343490600585938e+01
2.105454559326171875e+02 5.042134666442871094e+01 2.709001922607421875e+01 3.379914474487304688e+01
2.099774656295776367e+02 5.191329956054687500e+01 2.787664985656738281e+01 3.550393676757812500e+01
2.087543506622314453e+02 5.020494842529296875e+01 2.967235183715820312e+01 3.828697967529296875e+01
2.075899772644042969e+02 4.997355270385742188e+01 3.337167358398437500e+01 3.843470764160156250e+01
2.125366430282592773e+02 5.077029418945312500e+01 2.645470619201660156e+01 3.588188934326171875e+01
2.083742475509643555e+02 4.910794639587402344e+01 3.122637367248535156e+01 3.748116683959960938e+01
2.104893827438354492e+02 5.020897102355957031e+01 2.713054847717285156e+01 3.873746109008789062e+01
2.095144624710083008e+02 5.000803184509277344e+01 2.698790550231933594e+01 3.671941757202148438e+01
2.073110303878784180e+02 5.246603775024414062e+01 2.596634864807128906e+01 3.313947296142578125e+01
2.083291358947753906e+02 5.286642837524414062e+01 2.456402587890625000e+01 3.141046142578125000e+01
2.080967426300048828e+02 4.885031890869140625e+01 2.440708541870117188e+01 3.550590515136718750e+01
2.093630170822143555e+02 5.010400390625000000e+01 2.592929267883300781e+01 3.472714996337890625e+01
2.103669843673706055e+02 5.102609825134277344e+01 2.497275733947753906e+01 3.147565841674804688e+01
2.110263233184814453e+02 5.240486907958984375e+01 2.485332870483398438e+01 3.342774200439453125e+01
2.096876478195190430e+02 5.290578842163085938e+01 2.559145545959472656e+01 3.314570617675781250e+01
2.093402671813964844e+02 5.289296913146972656e+01 2.534594726562500000e+01 3.371997451782226562e+01
2.083267993927001953e+02 5.174053764343261719e+01 2.520865249633789062e+01 3.509251022338867188e+01
2.095823335647583008e+02 5.145100784301757812e+01 2.511204338073730469e+01 3.639962768554687500e+01
2.093497018814086914e+02 5.115875625610351562e+01 2.493443107604980469e+01 3.586670684814453125e+01
2.103264608383178711e+02 5.082633209228515625e+01 2.396576881408691406e+01 3.633643341064453125e+01
2.106190443038940430e+02 5.209150314331054688e+01 2.431733131408691406e+01 3.506745147705078125e+01
2.099822893142700195e+02 5.169111442565917969e+01 2.726513481140136719e+01 3.520947647094726562e+01
2.093055496215820312e+02 5.120874023437500000e+01 2.564272308349609375e+01 3.457707977294921875e+01
2.102407579421997070e+02 5.220888042449951172e+01 2.929431724548339844e+01 3.166824531555175781e+01
2.101319036483764648e+02 5.100512218475341797e+01 2.665823554992675781e+01 3.049061012268066406e+01
2.106014766693115234e+02 4.990918159484863281e+01 2.623442459106445312e+01 3.036739730834960938e+01
2.097106008529663086e+02 5.001976966857910156e+01 2.898350715637207031e+01 3.182809829711914062e+01
2.098893184661865234e+02 4.985696983337402344e+01 2.768567276000976562e+01 3.026065444946289062e+01
2.096939821243286133e+02 4.765079498291015625e+01 2.785420799255371094e+01 3.270747375488281250e+01
2.095620784759521484e+02 4.540006256103515625e+01 2.808752059936523438e+01 3.373004913330078125e+01
2.084801788330078125e+02 4.508592605590820312e+01 2.829833221435546875e+01 3.497212982177734375e+01
2.061193914413452148e+02 4.341594886779785156e+01 2.964186286926269531e+01 3.388466262817382812e+01
2.064494438171386719e+02 4.421410751342773438e+01 2.927628326416015625e+01 3.398223876953125000e+01
2.049122610092163086e+02 4.329722213745117188e+01 2.946062660217285156e+01 3.555184173583984375e+01
2.052150945663452148e+02 4.586948966979980469e+01 2.821073341369628906e+01 3.365570449829101562e+01
2.057209472656250000e+02 4.521917343139648438e+01 2.691672515869140625e+01 3.474674987792968750e+01
2.070066137313842773e+02 4.726727676391601562e+01 2.542806434631347656e+01 3.410877227783203125e+01
2.066633396148681641e+02 4.752411460876464844e+01 2.665439224243164062e+01 3.414789199829101562e+01
2.085375699996948242e+02 4.803578567504882812e+01 2.783467292785644531e+01 3.465128326416015625e+01
2.078669815063476562e+02 4.810614776611328125e+01 2.596598052978515625e+01 3.414443969726562500e+01
2.068720645904541016e+02 5.009072494506835938e+01 2.648349380493164062e+01 3.230739593505859375e+01
2.086530504226684570e+02 5.043361854553222656e+01 2.630918693542480469e+01 3.303847885131835938e+01
2.065821943283081055e+02 5.043364906311035156e+01 2.630261421203613281e+01 3.189078903198242188e+01
2.051789674758911133e+02 4.982011795043945312e+01 2.657357597351074219e+01 3.270495605468750000e+01
2.046613836288452148e+02 4.912799453735351562e+01 2.749843788146972656e+01 3.292874145507812500e+01
2.049600915908813477e+02 4.796553421020507812e+01 2.932588768005371094e+01 3.554757690429687500e+01
2.048354158401489258e+02 4.707607269287109375e+01 2.931384086608886719e+01 3.455004882812500000e+01
2.072335367202758789e+02 4.713903617858886719e+01 2.845810508728027344e+01 3.315724563598632812e+01
2.061496658325195312e+02 4.565782737731934304e+01 3.151278686523437500e+01 3.460896682739257102e+01
2.058297538757324219e+02 4.657277107238769531e+01 3.418825531005859375e+01 3.560923385620117188e+01
2.078892164230346680e+02 4.766748237609863281e+01 2.883199501037597656e+01 3.559829330444335938e+01
2.075977802276611328e+02 4.873503589630126953e+01 2.661027908325195312e+01 3.000354576110839844e+01
2.070353708267211914e+02 5.046184062957763672e+01 2.749387168884277344e+01 3.049109077453613281e+01
2.061285142898559570e+02 5.062834072113037109e+01 2.643397331237792969e+01 2.924689674377441406e+01
2.066243972778320312e+02 5.115801429748535156e+01 2.751914978027343750e+01 3.128413772583007812e+01
2.058393907546997070e+02 5.288975906372070312e+01 2.715831565856933594e+01 2.883349609375000000e+01
2.067552852630615234e+02 5.186459827423095703e+01 2.833294296264648438e+01 3.140239524841308594e+01
2.059232349395751953e+02 5.332822227478027344e+01 2.699464797973632812e+01 2.874821090698242188e+01
2.074566545486450195e+02 5.210253715515136719e+01 2.732240104675292969e+01 3.240163040161132812e+01
2.069311475753784180e+02 5.470339870452880859e+01 2.588233375549316406e+01 3.015751075744628906e+01
2.042273550033569336e+02 5.347301292419433594e+01 3.113637733459472656e+01 3.281959915161132812e+01
2.037677040100097656e+02 5.307122135162353516e+01 2.802980041503906250e+01 3.175993156433105469e+01
2.043541431427001953e+02 5.292443275451660156e+01 2.676095199584960938e+01 3.275028610229492188e+01
2.068113927841186523e+02 5.251071166992187500e+01 2.568437385559082031e+01 2.878918457031250000e+01
2.078985023498535156e+02 5.230984401702880859e+01 2.766873168945312500e+01 3.074617195129394531e+01
2.070628747940063477e+02 5.223711776733398438e+01 2.474913597106933594e+01 3.029854583740234375e+01
2.069169454574584961e+02 5.157858848571777344e+01 2.466629981994628906e+01 3.248574447631835938e+01
2.065290231704711914e+02 5.130394649505615234e+01 2.475202751159667969e+01 2.987092781066894531e+01
2.075306634902954102e+02 5.088469696044921875e+01 2.517158317565917969e+01 3.121806335449218750e+01
2.054333372116088867e+02 5.212505912780761719e+01 2.461787605285644531e+01 3.026066970825195312e+01
2.065777549743652344e+02 5.289289379119873047e+01 2.468188476562500000e+01 2.767482948303222656e+01
2.065147409439086914e+02 5.253977012634277344e+01 2.501066398620605469e+01 2.937808609008789062e+01
2.059086351394653320e+02 5.291485118865966797e+01 2.434126853942871094e+01 2.849563026428222656e+01
2.076513290405273438e+02 5.410420608520507812e+01 2.580835723876953125e+01 2.842336273193359375e+01
2.074223833084106445e+02 5.251821231842041016e+01 2.485201072692871094e+01 2.804952812194824219e+01
2.060910987854003906e+02 5.221800804138183594e+01 2.775538635253906250e+01 2.942757034301757812e+01
2.080281543731689453e+02 5.405426025390625000e+01 2.585843276977539062e+01 3.008114624023437500e+01
2.061234045028686523e+02 5.420005607604980469e+01 2.748750495910644531e+01 2.844324874877929688e+01
2.070733461380004883e+02 5.505975914001464844e+01 2.658221244812011719e+01 3.046895217895507812e+01
2.058593111038208008e+02 5.420115852355957031e+01 2.800502586364746094e+01 2.966269302368164062e+01
2.058619298934936523e+02 5.468673324584960938e+01 2.696295356750488281e+01 3.080422973632812500e+01
2.080979623794555664e+02 5.603239154815673828e+01 2.674843406677246094e+01 3.030949211120605469e+01
2.075703401565551758e+02 5.577857589721679688e+01 2.703192710876464844e+01 2.992552947998046875e+01
2.063552217483520508e+02 5.481078624725341797e+01 2.714542961120605469e+01 3.156765937805175781e+01
2.063094778060913086e+02 5.554124546051025391e+01 2.597658729553222656e+01 3.099073600769042969e+01
2.083850221633911133e+02 5.583536529541015625e+01 2.617005729675292969e+01 3.053043365478515625e+01
2.077875614166259766e+02 5.625011348724365234e+01 2.504492568969726562e+01 3.001387214660644531e+01
