8.900000000000000000e+01 8.300000000000000000e+01 2.200000000000000000e+01 1.500000000000000000e+01
8.849120807647705078e+01 8.310071754455566406e+01 2.381467247009277344e+01 1.399836349487304688e+01
8.977613639831542969e+01 8.329708480834960938e+01 2.345951461791992188e+01 1.398309326171875000e+01
8.966738319396972656e+01 8.299388980865478516e+01 2.369602584838867188e+01 1.374793052673339844e+01
9.048920345306396484e+01 8.361778593063354492e+01 2.312355232238769531e+01 1.405067539215087891e+01
9.010943603515625000e+01 8.362514305114746094e+01 2.378295898437500000e+01 1.373138046264648438e+01
8.974096298217773438e+01 8.352194738388061523e+01 2.495436859130859375e+01 1.371808338165283203e+01
9.111239242553710938e+01 8.343112659454345703e+01 2.412085723876953125e+01 1.405142784118652344e+01
9.189173984527587891e+01 8.373251914978027344e+01 2.409342002868652344e+01 1.450811386108398438e+01
9.301605415344238281e+01 8.383797121047973633e+01 2.374140548706054688e+01 1.446718502044677734e+01
9.289735603332519531e+01 8.302614402770996094e+01 2.375494766235351562e+01 1.426253890991210938e+01
9.357225894927978516e+01 8.345573472976684570e+01 2.354528617858886719e+01 1.475497341156005859e+01
9.347140979766845703e+01 8.353841781616210938e+01 2.333709526062011719e+01 1.492330932617187500e+01
9.463465309143066406e+01 8.235394382476806641e+01 2.223123550415039062e+01 1.538273429870605469e+01
9.483900165557861328e+01 8.336988925933837891e+01 2.284625053405761719e+01 1.508736228942871094e+01
9.623347759246826172e+01 8.384041786193847656e+01 2.365566444396972656e+01 1.475233078002929688e+01
9.665629100799560547e+01 8.342911291122436523e+01 2.318254280090332031e+01 1.449754047393798828e+01
9.820613670349121094e+01 8.301019525527954102e+01 2.319831466674804688e+01 1.515489482879638672e+01
9.807682800292968750e+01 8.317322349548339844e+01 2.364916229248046875e+01 1.480018997192382812e+01
9.884435939788818359e+01 8.369782781600952148e+01 2.392544746398925781e+01 1.458942890167236328e+01
9.857319068908691406e+01 8.425359678268432617e+01 2.485738754272460938e+01 1.483796024322509766e+01
9.743317317962646484e+01 8.488522624969482422e+01 2.517320442199707031e+01 1.407818794250488281e+01
9.852279090881347656e+01 8.458439636230468750e+01 2.573870468139648438e+01 1.389488983154296875e+01
9.923974895477294922e+01 8.459241151809692383e+01 2.620141792297363281e+01 1.359834957122802734e+01
1.003363704681396484e+02 8.551365184783935547e+01 2.584995651245117188e+01 1.402281379699707031e+01
1.006987352371215820e+02 8.488126516342163086e+01 2.550805473327636719e+01 1.439303302764892578e+01
1.012064599990844727e+02 8.525355815887451172e+01 2.626917076110839844e+01 1.382331275939941406e+01
1.011905078887939453e+02 8.484534263610839844e+01 2.600865554809570312e+01 1.418417739868164062e+01
1.025360631942749023e+02 8.582193851470947266e+01 2.585123634338378906e+01 1.462690544128417969e+01
1.039450960159301758e+02 8.641966676712036133e+01 2.693294334411621094e+01 1.315865230560302734e+01
1.053224697113037109e+02 8.640099477767944336e+01 2.604181289672851562e+01 1.358908557891845703e+01
1.072184743881225586e+02 8.633730840682983398e+01 2.550557136535644531e+01 1.403227710723876953e+01
1.082877521514892578e+02 8.607311773300170898e+01 2.478072738647460938e+01 1.474851703643798828e+01
1.081369714736938477e+02 8.586772775650024414e+01 2.574733543395996094e+01 1.494217205047607422e+01
1.091027317047119141e+02 8.609553146362304688e+01 2.477123641967773438e+01 1.456801605224609375e+01
1.089212369918823242e+02 8.625126409530639648e+01 2.720196723937988281e+01 1.481100940704345703e+01
1.102858858108520508e+02 8.555867099761962891e+01 2.607062339782714844e+01 1.570186424255371094e+01
1.123867492675781250e+02 8.491521549224853516e+01 2.458419036865234375e+01 1.645141410827636719e+01
1.134924917221069336e+02 8.507138109207153320e+01 2.448946571350097656e+01 1.575958156585693359e+01
1.108304471969604492e+02 8.551397323608398438e+01 2.811933326721191406e+01 1.637337493896484375e+01
1.125697345733642578e+02 8.398233413696289062e+01 2.726785659790039062e+01 1.745588684082031250e+01
1.122848587036132812e+02 8.418299674987792969e+01 2.889707946777343750e+01 1.734560012817382812e+01
1.135960121154785156e+02 8.441419982910156250e+01 2.734625244140625000e+01 1.707957458496093750e+01
1.144208965301513672e+02 8.483615779876708984e+01 2.728001022338867188e+01 1.767998695373535156e+01
1.158521137237548828e+02 8.510669994354248047e+01 2.578006362915039062e+01 1.660743141174316406e+01
1.177664461135864258e+02 8.551607990264892578e+01 2.592226982116699219e+01 1.657289695739746094e+01
1.179305067062377930e+02 8.621194839477539062e+01 2.723710060119628906e+01 1.650843811035156250e+01
1.178135280609130859e+02 8.543458366394042969e+01 2.810245895385742188e+01 1.689639663696289062e+01
1.175472373962402344e+02 8.569479274749755859e+01 2.949687957763671875e+01 1.657129859924316406e+01
1.196233253479003906e+02 8.537836837768554688e+01 2.829850006103515625e+01 1.786331176757812500e+01
1.224263286590576172e+02 8.566769027709960938e+01 2.652013778686523438e+01 1.725018310546875000e+01
1.222280120849609375e+02 8.575262928009033203e+01 2.653073883056640625e+01 1.694786643981933594e+01
1.242430105209350586e+02 8.606462287902832031e+01 2.797915840148925781e+01 1.672826004028320312e+01
1.237136173248291016e+02 8.516022682189941406e+01 2.764631271362304688e+01 1.781649398803710938e+01
1.236604175567626953e+02 8.526726722717285156e+01 2.936659622192382812e+01 1.741505050659179688e+01
1.240708084106445312e+02 8.591003227233886719e+01 3.064120483398437500e+01 1.829113388061523438e+01
1.256525192260742188e+02 8.590316390991210938e+01 3.072817230224609375e+01 1.727674865722656250e+01
1.259126996994018555e+02 8.612496852874755859e+01 2.860384559631347656e+01 1.764923286437988281e+01
1.284739894866943359e+02 8.592433738708496094e+01 2.906986618041992188e+01 1.750807571411132812e+01
1.270868968963623047e+02 8.541493701934814453e+01 3.077648544311523438e+01 1.902348136901855469e+01
1.307791814804077148e+02 8.563735580444335938e+01 2.997041511535644531e+01 1.940996551513671875e+01
1.319116315841674805e+02 8.649915313720703125e+01 3.167790412902832031e+01 1.725889587402343750e+01
1.331851177215576172e+02 8.606364727020263672e+01 3.002758407592773438e+01 1.832593727111816406e+01
1.358342018127441406e+02 8.566606521606445312e+01 2.978952789306640625e+01 1.928334808349609375e+01
1.346927566528320312e+02 8.537456035614013672e+01 3.263867187500000000e+01 1.992293739318847656e+01
1.386355056762695312e+02 8.482306671142578125e+01 2.914885711669921875e+01 1.982920074462890625e+01
1.395554809570312500e+02 8.551648044586181641e+01 3.027545928955078125e+01 2.007241630554199219e+01
1.403203144073486328e+02 8.535752391815185547e+01 2.937240219116210938e+01 1.974527931213378906e+01
1.405864982604980469e+02 8.594905662536621094e+01 3.037409973144531250e+01 1.888646316528320312e+01
1.420847682952880859e+02 8.566987991333007812e+01 3.004827499389648438e+01 2.033775329589843750e+01
1.424368858337402344e+02 8.600444030761718750e+01 3.043080139160156250e+01 1.995394897460937500e+01
1.434704494476318359e+02 8.562314605712890625e+01 3.330413436889648438e+01 2.090547943115234375e+01
1.450931510925292969e+02 8.560724353790283203e+01 3.211299896240234375e+01 2.059124565124511719e+01
1.454607830047607422e+02 8.603343391418457031e+01 3.322185134887695312e+01 2.051893234252929688e+01
1.450575256347656250e+02 8.544699096679687500e+01 3.373619079589843750e+01 2.058363342285156250e+01
1.474357814788818359e+02 8.516558551788330078e+01 3.445890426635742188e+01 2.107619285583496094e+01
1.469867439270019531e+02 8.507106208801269531e+01 3.681507873535156250e+01 2.139757919311523438e+01
1.479385814666748047e+02 8.602971172332763672e+01 3.782048416137695312e+01 2.136487770080566406e+01
1.496949748992919922e+02 8.481378269195556641e+01 3.810371017456054688e+01 2.192951011657714844e+01
1.511609401702880859e+02 8.514189243316650391e+01 3.648052597045898438e+01 2.197471427917480469e+01
1.541674385070800781e+02 8.489872169494628906e+01 3.560036468505859375e+01 2.285342025756835938e+01
1.537235279083251953e+02 8.460483551025390625e+01 3.722706985473632812e+01 2.289413452148437500e+01
1.563789730072021484e+02 8.465926647186279297e+01 3.622229385375976562e+01 2.270884132385253906e+01
1.566707611083984375e+02 8.447274112701416016e+01 3.711738586425781250e+01 2.308760643005371094e+01
1.584407844543457031e+02 8.558620834350585938e+01 3.837430572509765625e+01 2.292096710205078125e+01
1.591270294189453125e+02 8.476863002777099609e+01 3.972943115234375000e+01 2.276968574523925781e+01
1.644108753204345703e+02 8.611282444000244141e+01 4.119465255737304688e+01 2.088303947448730469e+01
1.691512813568115234e+02 8.556846046447753906e+01 3.445454025268554688e+01 2.264123153686523438e+01
1.728276157379150391e+02 8.601236343383789062e+01 3.216357040405273438e+01 2.247891998291015625e+01
1.706634254455566406e+02 8.677603912353515625e+01 3.720787811279296875e+01 2.190986633300781250e+01
1.704900302886962891e+02 8.673470497131347656e+01 4.000938034057617188e+01 2.229933547973632812e+01
1.720505466461181641e+02 8.667479515075683594e+01 3.998576736450195312e+01 2.263965988159179688e+01
1.736558399200439453e+02 8.586890792846679688e+01 3.839934158325195312e+01 2.432125854492187500e+01
1.691861305236816406e+02 8.500555610656738281e+01 4.808938598632812500e+01 2.484703445434570312e+01
1.747037982940673828e+02 8.510280323028564453e+01 4.366583633422851562e+01 2.535224723815917969e+01
1.755858707427978516e+02 8.491788482666015625e+01 4.447656631469726562e+01 2.607453155517578125e+01
1.768258018493652344e+02 8.539797115325927734e+01 4.654934692382812500e+01 2.643357276916503906e+01
1.763996238708496094e+02 8.512841129302978516e+01 4.828300476074218750e+01 2.633687400817871094e+01
1.774965190887451172e+02 8.518957042694091797e+01 4.963122177124023438e+01 2.559553718566894531e+01
1.799981842041015625e+02 8.612542819976806641e+01 5.024869537353515625e+01 2.626572227478027344e+01
1.811131591796875000e+02 8.589140892028808594e+01 5.056278228759765625e+01 2.625992965698242188e+01
1.833589096069335938e+02 8.574089813232421875e+01 5.069678497314453125e+01 2.645868682861328125e+01
1.848581237792968750e+02 8.570720958709716797e+01 5.034368133544921875e+01 2.721173286437988281e+01
1.846554393768310547e+02 8.530634212493896484e+01 5.195746994018554688e+01 2.677422523498535156e+01
1.853421630859375000e+02 8.509539699554443359e+01 5.298984527587890625e+01 2.716695594787597656e+01
1.859962329864501953e+02 8.499219989776611328e+01 5.542369461059570312e+01 2.691512870788574219e+01
1.876725044250488281e+02 8.457878875732421875e+01 5.685646057128906250e+01 2.773065948486328125e+01
1.880822372436523438e+02 8.517690849304199219e+01 5.903108978271484375e+01 2.722884750366210938e+01
1.924281139373779297e+02 8.593689918518066406e+01 5.676604843139648438e+01 2.746240615844726562e+01
1.929870204925537109e+02 8.505278778076171875e+01 6.167795944213867188e+01 2.787427520751953125e+01
2.007030429840087891e+02 8.610519027709960938e+01 5.436313247680664062e+01 2.721914672851562500e+01
2.049052562713623047e+02 8.560344123840332031e+01 5.143162155151367188e+01 2.750947952270507812e+01
2.006262168884277344e+02 8.552779197692871094e+01 5.916606140136718750e+01 2.809133529663085938e+01
1.967296371459960938e+02 8.561020374298095703e+01 6.632736968994140625e+01 2.804578971862792969e+01
2.152771053314208984e+02 8.657297325134277344e+01 4.925863265991210938e+01 2.752173995971679688e+01
2.197657051086425781e+02 8.731744384765625000e+01 4.801457214355468750e+01 2.793138885498046875e+01
2.202401504516601562e+02 8.635520458221435547e+01 5.131720733642578125e+01 2.782950019836425781e+01
2.181789798736572266e+02 8.676695060729980469e+01 5.572726821899414062e+01 2.821976852416992188e+01
2.148357601165771484e+02 8.677657222747802734e+01 6.219681930541992188e+01 2.891303443908691406e+01
2.150152263641357422e+02 8.669118976593017578e+01 6.329099655151367188e+01 2.918096733093261719e+01
2.166970138549804688e+02 8.571138572692871094e+01 6.423680877685546875e+01 3.069033432006835938e+01
2.185886421203613281e+02 8.576735496520996094e+01 6.604251098632812500e+01 3.069099044799804688e+01
2.227634162902832031e+02 8.631458663940429688e+01 6.712870788574218750e+01 3.060449218750000000e+01
2.241334075927734375e+02 8.531106567382812500e+01 6.815946197509765625e+01 3.211074066162109375e+01
2.266440963745117188e+02 8.725074768066406250e+01 6.904276275634765625e+01 3.102783966064453125e+01
2.297758026123046875e+02 8.580000782012940874e+01 6.987140655517578125e+01 3.193313407897949219e+01
2.313506355285644531e+02 8.714895343780518999e+01 7.169242858886718750e+01 3.087547111511230469e+01
2.328640708923339844e+02 8.710247230529786577e+01 7.210948181152343750e+01 3.104639053344726562e+01
2.358822250366210938e+02 8.672151756286622515e+01 7.275943756103515625e+01 3.112408065795898438e+01
2.397570114135742188e+02 8.674651432037354937e+01 7.238335418701171875e+01 3.153189659118652344e+01
2.425455513000488281e+02 8.636987304687501421e+01 7.357446289062500000e+01 3.196837615966796875e+01
