2.330000000000000000e+02 6.200000000000000000e+01 2.200000000000000000e+01 3.000000000000000000e+01
2.342667102813720703e+02 5.980384826660156250e+01 2.068207931518554688e+01 3.206191253662109375e+01
2.339523477554321289e+02 6.017961025238037109e+01 2.057460594177246094e+01 3.161977577209472656e+01
2.342948884963989258e+02 6.074428558349609375e+01 2.035962486267089844e+01 3.136920166015625000e+01
2.347447605133056641e+02 6.014396286010742188e+01 2.051239395141601562e+01 3.196234893798828125e+01
2.342250194549560547e+02 5.969316291809082031e+01 2.052534866333007812e+01 3.154333877563476562e+01
2.349519557952880859e+02 6.049107933044433594e+01 2.072449111938476562e+01 3.115660476684570312e+01
2.347915716171264648e+02 5.991762542724609375e+01 2.059766578674316406e+01 3.170079040527343750e+01
2.340728302001953125e+02 6.016034221649169922e+01 2.086804199218750000e+01 3.166851997375488281e+01
2.342702550888061523e+02 6.061320877075195312e+01 2.061396217346191406e+01 3.110101318359375000e+01
2.341119422912597656e+02 5.997553253173828125e+01 2.043842315673828125e+01 3.200153350830078125e+01
2.342100496292114258e+02 6.051593971252441406e+01 2.056331443786621094e+01 3.157593917846679688e+01
2.347647848129272461e+02 6.003109264373779297e+01 2.048770332336425781e+01 3.180212593078613281e+01
2.341512575149536133e+02 6.036519241333007812e+01 2.058274650573730469e+01 3.165023040771484375e+01
2.341335878372192383e+02 5.936612319946289062e+01 2.078504753112792969e+01 3.225969696044921875e+01
2.337877511978149414e+02 6.035795688629150391e+01 2.075927543640136719e+01 3.132379722595214844e+01
2.339489860534667969e+02 5.903489875793457031e+01 2.057289123535156250e+01 3.183756637573242188e+01
2.340794019699096680e+02 5.997114467620849609e+01 2.048830604553222656e+01 3.123423194885253906e+01
2.344156141281127930e+02 5.876150226593017578e+01 2.037288856506347656e+01 3.187064933776855469e+01
2.336282520294189453e+02 5.841344738006591797e+01 2.092744064331054688e+01 3.197476387023925781e+01
2.340192785263061523e+02 5.956618404388427734e+01 2.072068214416503906e+01 3.094216346740722656e+01
2.344133262634277344e+02 5.859589385986328125e+01 2.052587890625000000e+01 3.147371673583984375e+01
2.338974876403808594e+02 5.896080684661865234e+01 2.071372985839843750e+01 3.144823646545410156e+01
2.336305313110351562e+02 5.859368896484375000e+01 2.080438995361328125e+01 3.144090270996093750e+01
2.334214124679565430e+02 5.807777786254882812e+01 2.062440681457519531e+01 3.172408294677734375e+01
2.335093936920166016e+02 5.904077816009521484e+01 2.102830123901367188e+01 3.131019783020019531e+01
2.332577009201049805e+02 5.862441825866699219e+01 2.056750679016113281e+01 3.167669296264648438e+01
2.332125005722045898e+02 5.837931156158447266e+01 2.068985939025878906e+01 3.168964195251464844e+01
2.330856227874755859e+02 5.827735424041748047e+01 2.076263809204101562e+01 3.190216255187988281e+01
2.328765354156494141e+02 5.832871627807617188e+01 2.081360244750976562e+01 3.153926849365234375e+01
2.326633758544921875e+02 5.813548088073730469e+01 2.072905731201171875e+01 3.153970718383789062e+01
2.323839416503906250e+02 5.913616466522216797e+01 2.079210662841796875e+01 3.120300483703613281e+01
2.323064002990722656e+02 5.809215927124023438e+01 2.090556335449218750e+01 3.154887390136718750e+01
2.328286666870117188e+02 5.932385730743408203e+01 2.075537872314453125e+01 3.083273887634277344e+01
2.329007930755615234e+02 5.804539966583251953e+01 2.100313186645507812e+01 3.177532768249511719e+01
2.332385807037353516e+02 5.823878479003906250e+01 2.087658309936523438e+01 3.166369628906250000e+01
2.331572847366333008e+02 5.773789501190185547e+01 2.092769432067871094e+01 3.178904151916503906e+01
2.330318994522094727e+02 5.786401748657226562e+01 2.063509178161621094e+01 3.153608703613281250e+01
2.329677515029907227e+02 5.869236278533935547e+01 2.077628135681152344e+01 3.103462409973144531e+01
2.333928146362304688e+02 5.850494766235351562e+01 2.070068359375000000e+01 3.130785369873046875e+01
2.331111679077148438e+02 5.842085742950439453e+01 2.075624847412109375e+01 3.145940208435058594e+01
2.332913475036621094e+02 5.782506275177001953e+01 2.073993682861328125e+01 3.193046379089355469e+01
2.335121850967407227e+02 5.882780838012695312e+01 2.088466453552246094e+01 3.136902618408203125e+01
2.339184598922729492e+02 5.830487632751464844e+01 2.071169471740722656e+01 3.161713027954101562e+01
2.333860492706298828e+02 5.786335945129394531e+01 2.082672500610351562e+01 3.188868331909179688e+01
2.334959983825683594e+02 5.851697826385498047e+01 2.081512451171875000e+01 3.133470344543457031e+01
2.339723234176635742e+02 5.804938507080078125e+01 2.073542976379394531e+01 3.160142517089843750e+01
2.340105400085449219e+02 5.892153930664062500e+01 2.049581146240234375e+01 3.131746673583984375e+01
2.343338165283203125e+02 5.802567100524902344e+01 2.048117065429687500e+01 3.200740432739257812e+01
2.342496089935302734e+02 5.817424583435058594e+01 2.053048324584960938e+01 3.173469161987304688e+01
2.341806068420410156e+02 5.868837261199951172e+01 2.070376586914062500e+01 3.131432533264160156e+01
2.339034585952758789e+02 5.961249542236328125e+01 2.073842430114746094e+01 3.126374053955078125e+01
2.344053373336791992e+02 5.910357856750488281e+01 2.044374275207519531e+01 3.177431106567382812e+01
2.338451080322265625e+02 5.918369674682617188e+01 2.066056823730468750e+01 3.145768737792968750e+01
2.342219400405883789e+02 5.912335586547851562e+01 2.069251823425292969e+01 3.162848663330078125e+01
2.344240436553955078e+02 6.041954517364501953e+01 2.057823562622070312e+01 3.086659812927246094e+01
2.344144582748413086e+02 5.985347652435302734e+01 2.049729347229003906e+01 3.189052772521972656e+01
2.343209590911865234e+02 6.022426128387451172e+01 2.070008468627929688e+01 3.145236396789550781e+01
2.344787044525146484e+02 6.014390468597412109e+01 2.057039260864257812e+01 3.197764015197753906e+01
2.344505491256713867e+02 5.948997688293457031e+01 2.063524818420410156e+01 3.201847457885742188e+01
2.345107393264770508e+02 6.055497074127197266e+01 2.061223411560058594e+01 3.130021476745605469e+01
2.340711021423339844e+02 6.110417175292968750e+01 2.065058135986328125e+01 3.117877960205078125e+01
2.343491210937500000e+02 6.034613990783691406e+01 2.047908020019531250e+01 3.207342147827148438e+01
2.343075485229492188e+02 6.085912990570068359e+01 2.020503234863281250e+01 3.169198036193847656e+01
2.343782024383544922e+02 6.020804500579833984e+01 2.037811660766601562e+01 3.196847724914550781e+01
2.342861385345458984e+02 6.024660110473632812e+01 2.026632308959960938e+01 3.189575195312500000e+01
2.344463138580322266e+02 6.088794612884521484e+01 2.056073379516601562e+01 3.132274055480957031e+01
2.341575622558593750e+02 5.994979858398437500e+01 2.055879974365234375e+01 3.188662719726562500e+01
2.341544075012207031e+02 6.092065906524658203e+01 2.069178771972656250e+01 3.117803001403808594e+01
2.337648105621337891e+02 5.986716365814208984e+01 2.072386550903320312e+01 3.181453132629394531e+01
2.339944133758544922e+02 6.093517398834228516e+01 2.054781723022460938e+01 3.127120018005371094e+01
2.342564601898193359e+02 5.994053649902343750e+01 2.072394180297851562e+01 3.202876281738281250e+01
2.340557765960693359e+02 6.079056739807128906e+01 2.048387527465820312e+01 3.156885147094726562e+01
2.342290115356445312e+02 5.994381141662597656e+01 2.076467132568359375e+01 3.201794815063476562e+01
2.340170812606811523e+02 6.066594409942626953e+01 2.039484596252441406e+01 3.176125907897949219e+01
2.340132999420166016e+02 5.991014099121093750e+01 2.077652359008789062e+01 3.177445220947265625e+01
2.340877790451049805e+02 6.119174575805664062e+01 2.050542640686035156e+01 3.137273406982421875e+01
2.342300395965576172e+02 6.028095054626464844e+01 2.051172256469726562e+01 3.208523941040039062e+01
2.340050182342529297e+02 6.028479957580566406e+01 2.038751602172851562e+01 3.179158401489257812e+01
2.340917358398437500e+02 6.072717094421386719e+01 2.050330352783203125e+01 3.168634414672851562e+01
2.341622781753540039e+02 5.995524978637695312e+01 2.041042137145996094e+01 3.221451568603515625e+01
2.336798601150512695e+02 6.050979423522949219e+01 2.052863883972167969e+01 3.161895370483398438e+01
2.338103666305541992e+02 6.122530078887939453e+01 2.022082710266113281e+01 3.170065879821777344e+01
2.335559282302856445e+02 6.068235397338867188e+01 2.044968986511230469e+01 3.187940216064453125e+01
2.338364171981811523e+02 6.068342208862304688e+01 2.058236122131347656e+01 3.197694396972656250e+01
2.333533000946044922e+02 6.087969017028808594e+01 2.067487716674804688e+01 3.167197799682617188e+01
2.336316823959350586e+02 6.051490402221679688e+01 2.060327339172363281e+01 3.206668090820312500e+01
2.339455890655517578e+02 5.999167823791503906e+01 2.073511886596679688e+01 3.253634262084960938e+01
2.340038909912109375e+02 6.018906307220458984e+01 2.071595001220703125e+01 3.191386604309082031e+01
2.338483047485351562e+02 5.921120262145996094e+01 2.039524078369140625e+01 3.229917526245117188e+01
2.336413698196411133e+02 5.965464973449707031e+01 2.069063377380371094e+01 3.197301864624023438e+01
2.343050327301025391e+02 6.028840255737304688e+01 2.075770950317382812e+01 3.151991271972656250e+01
2.343353986740112305e+02 5.939871597290039062e+01 2.065172767639160156e+01 3.229299926757812500e+01
2.340578565597534180e+02 5.970042228698730469e+01 2.040260505676269531e+01 3.203314590454101562e+01
2.339817113876342773e+02 6.069759845733642578e+01 2.071509742736816406e+01 3.145634269714355469e+01
2.341589374542236328e+02 5.986178207397460938e+01 2.039725875854492188e+01 3.240599822998046875e+01
2.341001319885253906e+02 5.945905303955078125e+01 2.047645568847656250e+01 3.230017852783203125e+01
2.339782037734985352e+02 6.027983856201171875e+01 2.054277610778808594e+01 3.185289001464843750e+01
2.338132829666137695e+02 5.960958290100097656e+01 2.055445671081542969e+01 3.245536422729492188e+01
2.338701896667480469e+02 5.990225410461425781e+01 2.045777893066406250e+01 3.213828659057617188e+01
2.332987489700317383e+02 6.110694599151611328e+01 2.071752738952636719e+01 3.157773399353027344e+01
2.336484336853027344e+02 6.065667152404785156e+01 2.049757385253906250e+01 3.220455551147460938e+01
2.338223342895507812e+02 6.043424415588378906e+01 2.076832580566406250e+01 3.225204086303710938e+01
2.337800016403198242e+02 5.984298133850097656e+01 2.067339515686035156e+01 3.245659255981445312e+01
2.337447423934936523e+02 6.054246139526367188e+01 2.068276405334472656e+01 3.177776336669921875e+01
2.333874711990356445e+02 6.007303047180175781e+01 2.051260185241699219e+01 3.191475296020507812e+01
2.337770700454711914e+02 5.958141517639160156e+01 2.044050407409667969e+01 3.215487289428710938e+01
2.340203275680541992e+02 6.058643436431884766e+01 2.090190315246582031e+01 3.150285148620605469e+01
2.337098627090454102e+02 6.020358848571777344e+01 2.071580314636230469e+01 3.184479904174804688e+01
2.332371997833251953e+02 5.989876270294189453e+01 2.088744735717773438e+01 3.195892906188964844e+01
2.334321174621582031e+02 6.050015926361083984e+01 2.046369934082031250e+01 3.175191688537597656e+01
2.333329887390136719e+02 6.103480815887451172e+01 2.058316802978515625e+01 3.170580482482910156e+01
2.334775876998901367e+02 6.066820335388183594e+01 2.074813270568847656e+01 3.213354873657226562e+01
2.332618656158447266e+02 6.004458045959472656e+01 2.074333572387695312e+01 3.257498550415039062e+01
2.332594852447509766e+02 6.118417263031005859e+01 2.066162490844726562e+01 3.172284126281738281e+01
2.335699157714843750e+02 6.012382507324218750e+01 2.087168884277343750e+01 3.220322418212890625e+01
2.338017597198486328e+02 6.110868453979492188e+01 2.062522506713867188e+01 3.145090484619140625e+01
2.339321069717407227e+02 6.043913841247558594e+01 2.073431968688964844e+01 3.201530838012695312e+01
2.342285537719726562e+02 6.140087509155273438e+01 2.076123046875000000e+01 3.155335998535156250e+01
2.342332878112792969e+02 6.019993591308593750e+01 2.064591217041015625e+01 3.204585266113281250e+01
2.342269477844238281e+02 6.038354587554931641e+01 2.059294128417968750e+01 3.180774497985839844e+01
2.343239517211914062e+02 6.047711563110351562e+01 2.063507843017578125e+01 3.195639038085937500e+01
2.346303968429565430e+02 6.069429969787597656e+01 2.063696479797363281e+01 3.202721023559570312e+01
2.349962177276611328e+02 6.127092838287353516e+01 2.076292037963867188e+01 3.164285087585449219e+01
2.345050792694091797e+02 6.042793464660644531e+01 2.094613265991210938e+01 3.213946151733398438e+01
2.347294416427612305e+02 6.159225654602050781e+01 2.056647682189941406e+01 3.162993240356445312e+01
2.340277252197265625e+02 6.072089004516601562e+01 2.116560363769531250e+01 3.241641235351562500e+01
2.344072179794311523e+02 6.151858997344970703e+01 2.094249916076660156e+01 3.161615562438964844e+01
2.349069910049438477e+02 6.050669288635253906e+01 2.049732780456542969e+01 3.206921768188476562e+01
2.341436386108398438e+02 6.078701972961425781e+01 2.092534637451171875e+01 3.197232437133789062e+01
2.339778900146484375e+02 6.037210273742675781e+01 2.072731781005859375e+01 3.217097091674804688e+01
2.345289220809936523e+02 6.114836883544921875e+01 2.089332771301269531e+01 3.160025787353515625e+01
2.349557790756225586e+02 6.062600326538085938e+01 2.081575202941894531e+01 3.196984100341796875e+01
2.351438541412353516e+02 5.959854888916015625e+01 2.088401412963867188e+01 3.233116149902343750e+01
2.350007915496826172e+02 5.940468406677246094e+01 2.067638015747070312e+01 3.231887435913085938e+01
2.356103191375732422e+02 5.905994987487792969e+01 2.083529281616210938e+01 3.228885269165039062e+01
2.355571546554565430e+02 5.999847698211669922e+01 2.103347206115722656e+01 3.161653327941894531e+01
2.358851594924926758e+02 5.905601119995117188e+01 2.070834922790527344e+01 3.248905181884765625e+01
2.360413656234741211e+02 6.026356601715087891e+01 2.072461891174316406e+01 3.170393180847167969e+01
2.355454149246215820e+02 5.942596054077148438e+01 2.091165733337402344e+01 3.222319793701171875e+01
2.354384613037109375e+02 5.990052032470703125e+01 2.082591247558593750e+01 3.197465515136718750e+01
2.352021732330322266e+02 6.043995761871337891e+01 2.065301895141601562e+01 3.180015373229980469e+01
2.349695711135864258e+02 6.024396705627441406e+01 2.080003929138183594e+01 3.227636337280273438e+01
2.352159099578857422e+02 6.117290592193603516e+01 2.067103195190429688e+01 3.175682640075683594e+01
2.348502187728881836e+02 6.033503913879394531e+01 2.096453285217285156e+01 3.224763870239257812e+01
2.347185268402099609e+02 6.104870128631591797e+01 2.056444168090820312e+01 3.173338508605957031e+01
2.340377035140991211e+02 6.152601337432861328e+01 2.105828285217285156e+01 3.160333824157714844e+01
2.342884387969970703e+02 6.110329627990722656e+01 2.068780899047851562e+01 3.225626754760742188e+01
2.342801275253295898e+02 6.088301849365234375e+01 2.105524635314941406e+01 3.211827850341796875e+01
2.350714731216430664e+02 6.102377700805664062e+01 2.088525199890136719e+01 3.203472137451171875e+01
2.346158933639526367e+02 6.045282745361328125e+01 2.092177772521972656e+01 3.227162933349609375e+01
2.348908729553222656e+02 6.027867507934570312e+01 2.087202453613281250e+01 3.211216735839843750e+01
2.350143489837646484e+02 6.129826641082763672e+01 2.084533309936523438e+01 3.173505592346191406e+01
2.347892417907714844e+02 6.041145324707031250e+01 2.071112060546875000e+01 3.201391601562500000e+01
2.345420246124267578e+02 6.091734313964843750e+01 2.067001724243164062e+01 3.194930267333984375e+01
2.348460779190063477e+02 6.137586879730224609e+01 2.091712760925292969e+01 3.186837196350097656e+01
2.350763225555419922e+02 6.078731536865234375e+01 2.057896041870117188e+01 3.257609558105468750e+01
2.351756687164306641e+02 6.052548217773437500e+01 2.069414901733398438e+01 3.227317047119140625e+01
2.344096822738647461e+02 6.012335014343261719e+01 2.093568611145019531e+01 3.206430435180664062e+01
2.345129995346069336e+02 6.054724311828613281e+01 2.084467506408691406e+01 3.221386337280273438e+01
2.348195390701293945e+02 5.980949401855468750e+01 2.045058250427246094e+01 3.254560852050781250e+01
2.347192201614379883e+02 6.030802154541015625e+01 2.072812461853027344e+01 3.217920684814453125e+01
2.347726984024047852e+02 6.045074081420898438e+01 2.065593528747558594e+01 3.222584533691406250e+01
2.346274909973144531e+02 5.947843551635742188e+01 2.076045989990234375e+01 3.257631683349609375e+01
2.339855556488037109e+02 6.093878936767578125e+01 2.101489639282226562e+01 3.139275360107421875e+01
2.341998462677001953e+02 6.011282157897949219e+01 2.070888900756835938e+01 3.231013870239257812e+01
2.339566173553466797e+02 6.069014453887939453e+01 2.070718002319335938e+01 3.194277000427246094e+01
2.341191463470458984e+02 6.013314056396484375e+01 2.072490310668945312e+01 3.254384613037109375e+01
2.346259508132934570e+02 6.083649635314941406e+01 2.086279106140136719e+01 3.215070724487304688e+01
2.346176252365112305e+02 5.997300529479980469e+01 2.055954170227050781e+01 3.283057022094726562e+01
2.342589397430419922e+02 6.089800834655761719e+01 2.090401077270507812e+01 3.181966018676757812e+01
2.342804937362670898e+02 5.979908370971679688e+01 2.076864051818847656e+01 3.212520599365234375e+01
2.343643732070922852e+02 5.980048370361328125e+01 2.057038688659667969e+01 3.241214752197265625e+01
2.342210645675659180e+02 6.005554389953613281e+01 2.086650276184082031e+01 3.222089004516601562e+01
2.342415246963500977e+02 6.036487197875976562e+01 2.058025169372558594e+01 3.218474578857421875e+01
2.344870815277099609e+02 6.006532287597656250e+01 2.074486160278320312e+01 3.209979248046875000e+01
2.344778156280517578e+02 6.045081901550292969e+01 2.056521224975585938e+01 3.223070144653320312e+01
2.348447942733764648e+02 6.034626579284667969e+01 2.055890846252441406e+01 3.235316085815429688e+01
2.347835397720336914e+02 5.979204940795898438e+01 2.063359642028808594e+01 3.262336730957031250e+01
2.347113847732543945e+02 6.087402153015136719e+01 2.060741996765136719e+01 3.181631088256835938e+01
2.341884517669677734e+02 6.113577365875244141e+01 2.085903549194335938e+01 3.181612205505371094e+01
2.343361968994140625e+02 6.041607475280761719e+01 2.071363830566406250e+01 3.271005630493164062e+01
2.347609329223632812e+02 6.096414566040039062e+01 2.088654327392578125e+01 3.190381622314453125e+01
2.349790458679199219e+02 6.021932411193847656e+01 2.078084564208984375e+01 3.227492141723632812e+01
2.354039888381958008e+02 6.113214015960693359e+01 2.080006980895996094e+01 3.184215736389160156e+01
2.353450088500976562e+02 6.006320571899414062e+01 2.103411102294921875e+01 3.210665893554687500e+01
2.350269927978515625e+02 6.095227336883544922e+01 2.088877868652343750e+01 3.193488502502441406e+01
2.353563785552978516e+02 6.037470626831054688e+01 2.085770797729492188e+01 3.231776428222656250e+01
2.348879919052124023e+02 6.010879516601562500e+01 2.106981086730957031e+01 3.227835083007812500e+01
2.351822795867919922e+02 6.039976501464843750e+01 2.067226028442382812e+01 3.230137634277343750e+01
2.346947507858276367e+02 6.016445922851562500e+01 2.103361701965332031e+01 3.244434356689453125e+01
2.350160751342773438e+02 6.069004249572753906e+01 2.080924987792968750e+01 3.202080917358398438e+01
2.354453086853027344e+02 6.014249801635742188e+01 2.106201171875000000e+01 3.213687896728515625e+01
2.357036342620849609e+02 6.013696670532226562e+01 2.099171066284179688e+01 3.231852722167968750e+01
2.351370353698730469e+02 6.063579940795898438e+01 2.083461761474609375e+01 3.182931518554687500e+01
2.348632726669311523e+02 6.012643051147460938e+01 2.102815437316894531e+01 3.215276336669921875e+01
2.349516487121582031e+02 6.029447364807128906e+01 2.094551849365234375e+01 3.222205734252929688e+01
2.354985713958740234e+02 6.109239006042480469e+01 2.083325576782226562e+01 3.186057662963867188e+01
2.351966161727905273e+02 6.041057014465332031e+01 2.069472694396972656e+01 3.254241561889648438e+01
2.345061445236206055e+02 6.009315681457519531e+01 2.104376411437988281e+01 3.213666915893554688e+01
2.343813047409057617e+02 6.016941261291503906e+01 2.085177040100097656e+01 3.195232772827148438e+01
2.345694856643676758e+02 6.075498962402343750e+01 2.094836235046386719e+01 3.188059997558593750e+01
2.347921180725097656e+02 5.992426109313964844e+01 2.066249847412109375e+01 3.243675613403320312e+01
2.349237203598022461e+02 6.077119350433349609e+01 2.052810096740722656e+01 3.184977149963378906e+01
2.343641204833984375e+02 6.054647064208984375e+01 2.071167755126953125e+01 3.230065155029296875e+01
2.341085863113403320e+02 6.012599372863769531e+01 2.080856132507324219e+01 3.234865188598632812e+01
2.339722270965576172e+02 6.068079376220703125e+01 2.065150070190429688e+01 3.207675170898437500e+01
2.339970932006835938e+02 6.038830947875976562e+01 2.081645965576171875e+01 3.224597167968750000e+01
2.344164094924926758e+02 5.962389755249023438e+01 2.079218864440917969e+01 3.233338928222656250e+01
2.341752624511718750e+02 5.999543380737304688e+01 2.057160949707031250e+01 3.221158599853515625e+01
2.342809019088745117e+02 5.961100959777832031e+01 2.047822761535644531e+01 3.257802963256835938e+01
2.338376064300537109e+02 6.018445968627929688e+01 2.048922348022460938e+01 3.205509948730468750e+01
2.336321640014648438e+02 5.998038101196289062e+01 2.064063262939453125e+01 3.239711761474609375e+01
2.338892297744750977e+02 6.081418800354003906e+01 2.057043266296386719e+01 3.168999862670898438e+01
2.336432199478149414e+02 6.045715522766113281e+01 2.051302146911621094e+01 3.233043289184570312e+01
2.336956892013549805e+02 6.003264236450195312e+01 2.051257514953613281e+01 3.218047332763671875e+01
2.339270105361938477e+02 6.015708065032958984e+01 2.070181083679199219e+01 3.195763587951660156e+01
2.333490734100341797e+02 6.042540645599365234e+01 2.086503982543945312e+01 3.173295783996582031e+01
2.336392803192138672e+02 6.067701625823974609e+01 2.077046585083007812e+01 3.166411781311035156e+01
2.332353544235229492e+02 6.086053466796875000e+01 2.047276496887207031e+01 3.184987640380859375e+01
2.334058694839477539e+02 6.119032287597656250e+01 2.072364616394042969e+01 3.195713043212890625e+01
2.335507059097290039e+02 6.033499717712402344e+01 2.077999687194824219e+01 3.215522384643554688e+01
2.335615100860595703e+02 6.160867404937744141e+01 2.052427291870117188e+01 3.161923789978027344e+01
2.332462882995605469e+02 6.136480998992919922e+01 2.058770751953125000e+01 3.173660469055175781e+01
2.334713106155395508e+02 6.051063919067382812e+01 2.065220451354980469e+01 3.230496215820312500e+01
2.335033216476440430e+02 6.010008811950683594e+01 2.050980567932128906e+01 3.231010055541992188e+01
2.338936824798583984e+02 6.015115642547607422e+01 2.054610061645507812e+01 3.161486244201660156e+01
2.340022239685058594e+02 5.974032306671142578e+01 2.071949005126953125e+01 3.194614219665527344e+01
2.341881170272827148e+02 5.939311599731445312e+01 2.054885292053222656e+01 3.214974975585937500e+01
2.341781072616577148e+02 5.831623649597167969e+01 2.092132759094238281e+01 3.196050643920898438e+01
2.344854393005371094e+02 5.763079929351806641e+01 2.088413238525390625e+01 3.189888572692871094e+01
2.351362686157226562e+02 5.588574600219726562e+01 2.076368713378906250e+01 3.130792236328125000e+01
2.354245014190673828e+02 5.435040473937988281e+01 2.077106857299804688e+01 3.091038131713867188e+01
2.356850490570068359e+02 5.171127796173095703e+01 2.119941329956054688e+01 3.072412681579589844e+01
2.359507999420166016e+02 4.925381755828857422e+01 2.144932937622070312e+01 3.005772590637207031e+01
2.353913202285766602e+02 4.674756336212158203e+01 2.217470359802246094e+01 3.020011711120605469e+01
2.354106054306030273e+02 4.454425621032714844e+01 2.262920570373535156e+01 2.936738967895507812e+01
2.338420829772949219e+02 4.392895412445068359e+01 2.337866973876953125e+01 2.854985237121582031e+01
2.331449861526489258e+02 4.109573841094970703e+01 2.336895561218261719e+01 2.982012748718261719e+01
2.327170085906982422e+02 3.871562290191650391e+01 2.333416366577148438e+01 3.040871238708496094e+01
2.313981275558471680e+02 3.790600967407225852e+01 2.412040138244628906e+01 3.074161529541016336e+01
2.308974161148071289e+02 3.539446830749511719e+01 2.402204704284667969e+01 3.018916702270507812e+01
2.297502517700195312e+02 3.523129081726074219e+01 2.448616027832031250e+01 3.103783035278320312e+01
2.304102964401245117e+02 3.408167362213134766e+01 2.347664833068847656e+01 2.959898185729980469e+01
2.290250349044799805e+02 3.262314987182617188e+01 2.499534034729003906e+01 3.112474822998046875e+01
2.281201705932617188e+02 3.141585731506347656e+01 2.510871124267578125e+01 3.200197982788085938e+01
2.279436159133911133e+02 3.058084011077880859e+01 2.420676231384277344e+01 2.977112007141113281e+01
2.267203016281127930e+02 2.904525566101074219e+01 2.498552894592285156e+01 3.034445571899414062e+01
2.248573522567749023e+02 2.594206428527832031e+01 2.592144203186035156e+01 3.057667922973632812e+01
2.212509078979492188e+02 2.540074348449707031e+01 3.047475433349609375e+01 3.218528366088867188e+01
2.191518135070800781e+02 2.513456726074218750e+01 3.606733703613281250e+01 3.717970275878906250e+01
1.921609268188476562e+02 3.057164192199707031e+01 3.395162963867187500e+01 4.567977523803710938e+01
1.886198291778564453e+02 3.291121101379394531e+01 3.779861068725585938e+01 4.674604415893554688e+01
1.893905506134033203e+02 3.080120086669921875e+01 4.129255294799804688e+01 4.991360473632812500e+01
1.910982780456542969e+02 2.927701950073242188e+01 4.222245025634765625e+01 5.193392181396484375e+01
2.069514446258544922e+02 2.188303756713867188e+01 4.293022537231445312e+01 4.884325408935546875e+01
2.156259593963623047e+02 2.185403442382812500e+01 4.088557815551757812e+01 4.748733520507812500e+01
2.161617050170898438e+02 3.169076156616210938e+01 3.255421447753906250e+01 3.840419769287109375e+01
2.201244382858276367e+02 3.600822257995605469e+01 2.828817176818847656e+01 3.511012649536132812e+01
2.228985881805419922e+02 4.103227043151855469e+01 2.506435012817382812e+01 3.227426528930664062e+01
2.252742958068847656e+02 4.469730663299560547e+01 2.257691192626953125e+01 3.089338111877441406e+01
2.251264696121215820e+02 4.737588405609130859e+01 2.233254051208496094e+01 3.015376472473144531e+01
2.273169927597045898e+02 5.025633525848388672e+01 2.073614692687988281e+01 3.015134620666503906e+01
2.280273265838623047e+02 5.182133960723876953e+01 2.042955398559570312e+01 3.049725151062011719e+01
2.285924892425537109e+02 5.419048404693603516e+01 2.055725479125976562e+01 3.116351890563964844e+01
2.289315690994262695e+02 5.636944580078125000e+01 2.038986015319824219e+01 3.108732604980468750e+01
2.293900480270385742e+02 5.900731563568115234e+01 2.039853858947753906e+01 3.148385047912597656e+01
2.295923185348510742e+02 5.995409011840820312e+01 2.049304389953613281e+01 3.147400665283203125e+01
2.303157892227172852e+02 6.195557117462158203e+01 2.009525871276855469e+01 3.108847618103027344e+01
2.306561536788940430e+02 6.421594810485839844e+01 2.050462532043457031e+01 3.191133499145507812e+01
2.304407434463500977e+02 6.560688495635986328e+01 2.053038597106933594e+01 3.101479911804199219e+01
2.297773427963256836e+02 6.704904174804687500e+01 2.059412574768066406e+01 3.097248840332031250e+01
2.290821504592895508e+02 6.888811492919921875e+01 2.083303642272949219e+01 3.150096893310546875e+01
2.280051126480102539e+02 7.174717235565185547e+01 2.133893394470214844e+01 3.130654335021972656e+01
2.262587480545043945e+02 7.462287235260009766e+01 2.208154869079589844e+01 3.109981346130371094e+01
2.260936470031738281e+02 7.639745521545410156e+01 2.183166503906250000e+01 3.106836318969726562e+01
2.254061317443847656e+02 7.885685443878173828e+01 2.168444061279296875e+01 3.167302513122558594e+01
2.251011924743652344e+02 8.028723239898681641e+01 2.197906494140625000e+01 3.075006675720214844e+01
2.248139333724975586e+02 8.073272037506103516e+01 2.227335548400878906e+01 3.129012107849121094e+01
2.244778270721435547e+02 8.241329288482666016e+01 2.244096755981445312e+01 3.085654258728027344e+01
2.237484188079833984e+02 8.295369434356689453e+01 2.287662887573242188e+01 3.139912223815917969e+01
2.241543083190917969e+02 8.389063930511474609e+01 2.289335632324218750e+01 3.106106758117675781e+01
2.239587783813476562e+02 8.489008331298828125e+01 2.252537536621093750e+01 3.123050689697265625e+01
2.229644165039062500e+02 8.542958545684814453e+01 2.308163452148437500e+01 3.140279197692871094e+01
2.229361858367919922e+02 8.564156246185302734e+01 2.314992904663085938e+01 3.099647712707519531e+01
2.232095193862915039e+02 8.549619579315185547e+01 2.290286827087402344e+01 3.118250465393066406e+01
2.242691316604614258e+02 8.404593467712402344e+01 2.244553184509277344e+01 3.171511459350585938e+01
2.249136505126953125e+02 8.485843658447265625e+01 2.196815490722656250e+01 3.092256927490234375e+01
2.251865892410278320e+02 8.331349372863769531e+01 2.216257286071777344e+01 3.189416122436523438e+01
2.243536195755004883e+02 8.410312652587890625e+01 2.300429344177246094e+01 3.112759399414062500e+01
2.245885076522827148e+02 8.465290260314941406e+01 2.247684669494628906e+01 3.099409866333007812e+01
2.247935886383056641e+02 8.583201980590820312e+01 2.244084548950195312e+01 3.096134948730468750e+01
2.256305179595947266e+02 8.746656322479248047e+01 2.222980117797851562e+01 3.052079963684082031e+01
2.266567602157592773e+02 8.853952503204345703e+01 2.193737220764160156e+01 3.085696220397949219e+01
2.272279262542724609e+02 8.998618316650390625e+01 2.241014480590820312e+01 3.052065277099609375e+01
2.279098348617553711e+02 8.969837951660156250e+01 2.246666908264160156e+01 3.129521179199218750e+01
2.289096002578735352e+02 9.021916294097900391e+01 2.229307365417480469e+01 3.110751914978027344e+01
2.307435359954833984e+02 8.972568035125732422e+01 2.237174606323242188e+01 3.126529121398925781e+01
2.323642263412475586e+02 8.972736549377441406e+01 2.226590919494628906e+01 3.135655593872070312e+01
2.345423240661621094e+02 8.912813186645507812e+01 2.206928253173828125e+01 3.176768493652343750e+01
2.362071561813354492e+02 8.822122955322265625e+01 2.140574073791503906e+01 3.143489837646484375e+01
2.382482395172119141e+02 8.800980567932128906e+01 2.146680068969726562e+01 3.140891647338867188e+01
2.400560092926025391e+02 8.713448524475097656e+01 2.146489334106445312e+01 3.125639724731445312e+01
2.419941072463989258e+02 8.709567832946777344e+01 2.311646842956542969e+01 3.155357742309570312e+01
2.435279693603515625e+02 8.742008399963378906e+01 2.474718475341796875e+01 3.120295333862304688e+01
2.457207098007202148e+02 8.655102157592773438e+01 2.704255867004394531e+01 3.291872406005859375e+01
2.472169723510742188e+02 8.621999168395996094e+01 2.768378448486328125e+01 3.282390975952148438e+01
2.487525892257690430e+02 8.599781227111816406e+01 2.796785926818847656e+01 3.388051986694335938e+01
2.507012119293212891e+02 8.587835121154785156e+01 2.869770431518554688e+01 3.323690414428710938e+01
2.524135103225708008e+02 8.544798851013183594e+01 2.873795127868652344e+01 3.454755020141601562e+01
2.536800956726074219e+02 8.479762840270996094e+01 2.922850799560546875e+01 3.417216110229492188e+01
2.547707366943359375e+02 8.460255813598632812e+01 2.862022399902343750e+01 3.345822906494140625e+01
2.557454481124877930e+02 8.394842910766601562e+01 2.889205360412597656e+01 3.253302764892578125e+01
2.578874521255493164e+02 8.237896537780761719e+01 2.736708641052246094e+01 3.305884933471679688e+01
2.598282394409179688e+02 8.268307304382324219e+01 2.615602111816406250e+01 3.388261795043945312e+01
2.607926492691040039e+02 8.113052368164062500e+01 2.473632621765136719e+01 3.401753997802734375e+01
2.602839689254760742e+02 8.120566940307617188e+01 2.529129981994628906e+01 3.408892059326171875e+01
2.623530120849609375e+02 8.140925788879394531e+01 2.395108032226562500e+01 3.461172103881835938e+01
2.621330137252807617e+02 8.119187736511230469e+01 2.492652320861816406e+01 3.431546401977539062e+01
2.617661361694335938e+02 8.113172149658203125e+01 2.491654968261718750e+01 3.415777587890625000e+01
2.611611595153808594e+02 7.991991043090820312e+01 2.494405364990234375e+01 3.364997863769531250e+01
2.621811857223510742e+02 7.826815986633300781e+01 2.391356086730957031e+01 3.397520065307617188e+01
2.619476709365844727e+02 7.590313529968261719e+01 2.420522117614746094e+01 3.364992904663085938e+01
2.619499883651733398e+02 7.342356491088867188e+01 2.455047798156738281e+01 3.336212921142578125e+01
2.617061233520507812e+02 6.873583030700683594e+01 2.524725341796875000e+01 3.305782699584960938e+01
2.609868221282958984e+02 6.514604187011718750e+01 2.673616409301757812e+01 3.280010223388671875e+01
2.598424358367919922e+02 6.135035896301269531e+01 2.754861068725585938e+01 3.293644332885742188e+01
2.591647949218750000e+02 5.829252433776855469e+01 2.738414001464843750e+01 3.349503707885742188e+01
2.531667737960815430e+02 5.483623695373535156e+01 2.984356880187988281e+01 3.396795272827148438e+01
2.474956626892089844e+02 5.338953113555908203e+01 2.208068847656250000e+01 2.959416007995605469e+01
2.521051702499389648e+02 5.065033531188964844e+01 1.950780677795410156e+01 3.041679763793945312e+01
2.468751649856567383e+02 4.678948593139647727e+01 2.098649406433105469e+01 2.942164611816406961e+01
2.504292259216308594e+02 4.587737464904785156e+01 1.868460083007812500e+01 2.827829360961914062e+01
2.502386455535888672e+02 4.334205722808837891e+01 2.009798812866210938e+01 2.859660911560058594e+01
2.490409402847290039e+02 3.935156631469726562e+01 2.253878593444824219e+01 3.053649139404296875e+01
2.509327106475830078e+02 3.603534698486328836e+01 2.559238815307617188e+01 3.255461120605468039e+01
2.467454366683959961e+02 3.472841644287109375e+01 2.491367530822753906e+01 3.207122802734375000e+01
2.470856170654296875e+02 3.161396789550781250e+01 3.006847381591796875e+01 3.899531555175781250e+01
2.374066715240478516e+02 3.013339996337890625e+01 3.275424575805664062e+01 3.405519104003906250e+01
2.423819475173950195e+02 3.267040634155273438e+01 3.169221305847167969e+01 3.805103302001953125e+01
2.425245018005371094e+02 3.644040107727050781e+01 3.613337707519531250e+01 3.869871139526367188e+01
2.395950603485107422e+02 3.333612632751464844e+01 3.376981735229492188e+01 4.217906570434570312e+01
2.387145080566406250e+02 3.130433845520019531e+01 4.003900909423828125e+01 3.902091598510742188e+01
2.359075088500976562e+02 3.458583259582519531e+01 3.555175018310546875e+01 4.053533554077148438e+01
2.395277328491210938e+02 3.406741333007812500e+01 3.834394073486328125e+01 3.888078308105468750e+01
2.231448879241943359e+02 3.456352424621582031e+01 4.220578384399414062e+01 4.325873947143554688e+01
2.275950927734375000e+02 3.438848304748535156e+01 3.865887451171875000e+01 4.361512374877929688e+01
2.319570751190185547e+02 3.550631523132324219e+01 3.651391983032226562e+01 4.193445205688476562e+01
2.370011253356933594e+02 3.660826301574707031e+01 3.110410308837890625e+01 3.780524826049804688e+01
2.449021282196044922e+02 3.739934158325195312e+01 2.256373977661132812e+01 3.396924591064453125e+01
2.483340291976928711e+02 4.086661815643310547e+01 2.189595985412597656e+01 3.194291114807128906e+01
2.505217714309692383e+02 4.424028587341308594e+01 1.860411643981933594e+01 3.053814315795898438e+01
2.492258739471435547e+02 4.673648262023925781e+01 1.858984756469726562e+01 2.761468887329101562e+01
2.499546585083007812e+02 4.784434604644775391e+01 1.825577545166015625e+01 2.819794273376464844e+01
2.494484529495239258e+02 4.918135356903076172e+01 1.870240592956542969e+01 2.935455513000488281e+01
2.504228687286376953e+02 5.008750915527343750e+01 1.677147293090820312e+01 2.875467681884765625e+01
2.509203720092773438e+02 5.314306068420410156e+01 1.670672607421875000e+01 2.935329055786132812e+01
2.568783826828002930e+02 5.522374534606933594e+01 2.732260322570800781e+01 3.116051864624023438e+01
2.567099304199218750e+02 5.652295112609863281e+01 2.685227203369140625e+01 3.316973495483398438e+01
2.554940919876098633e+02 5.895975303649902344e+01 2.675548362731933594e+01 3.400204849243164062e+01
2.536501913070678711e+02 6.296453285217285156e+01 2.732499122619628906e+01 3.333446884155273438e+01
2.500768260955810547e+02 6.580884361267089844e+01 2.636821365356445312e+01 3.268441390991210938e+01
2.506722459793090820e+02 6.959559059143066406e+01 2.496569633483886719e+01 3.205775833129882812e+01
2.476311225891113281e+02 7.131696605682373047e+01 2.174250793457031250e+01 3.175608253479003906e+01
2.450890693664550781e+02 7.531657600402832031e+01 2.297319793701171875e+01 3.214699935913085938e+01
2.442717189788818359e+02 7.786145687103271484e+01 2.285486221313476562e+01 3.168242835998535156e+01
2.415887584686279297e+02 8.058972549438476562e+01 2.239287948608398438e+01 3.104940032958984375e+01
2.398197174072265625e+02 8.408118915557861328e+01 2.323009490966796875e+01 3.123165702819824219e+01
2.389209032058715820e+02 8.618397712707519531e+01 2.218176078796386719e+01 3.113879776000976562e+01
2.365706062316894531e+02 8.822849559783935547e+01 2.266632843017578125e+01 3.058342170715332031e+01
2.349723558425903320e+02 8.962748050689697266e+01 2.289719200134277344e+01 3.107584953308105469e+01
2.329824085235595703e+02 9.100823402404785156e+01 2.354992294311523438e+01 3.083400344848632812e+01
2.312508020401000977e+02 9.312363052368164062e+01 2.356917381286621094e+01 3.094821929931640625e+01
2.294333400726318359e+02 9.411125469207763672e+01 2.488300704956054688e+01 3.099621009826660156e+01
2.292955303192138672e+02 9.458568859100341797e+01 2.462060928344726562e+01 3.072430610656738281e+01
2.292258262634277344e+02 9.579273319244384766e+01 2.414402770996093750e+01 3.121881675720214844e+01
2.287459421157836914e+02 9.650406932830810547e+01 2.439421653747558594e+01 3.059237861633300781e+01
2.282771129608154297e+02 9.600696754455566406e+01 2.465812301635742188e+01 3.077270889282226562e+01
2.280850505828857422e+02 9.616785240173339844e+01 2.394658279418945312e+01 3.094849777221679688e+01
2.270346851348876953e+02 9.647751617431640625e+01 2.440825271606445312e+01 3.047930908203125000e+01
2.281056451797485352e+02 9.572096443176269531e+01 2.390822410583496094e+01 3.082446670532226562e+01
2.266770591735839844e+02 9.577881622314453125e+01 2.465260314941406250e+01 3.108629608154296875e+01
2.270144395828247070e+02 9.564331436157226562e+01 2.385373497009277344e+01 3.085179138183593750e+01
2.287203893661499023e+02 9.335631561279296875e+01 2.286148262023925781e+01 3.142790222167968750e+01
2.289139385223388672e+02 9.178001689910888672e+01 2.328749465942382812e+01 3.141017341613769531e+01
2.309802513122558594e+02 8.813882732391357422e+01 2.159271240234375000e+01 3.114586830139160156e+01
2.317174129486083984e+02 8.271240711212158203e+01 2.126920700073242188e+01 3.154474449157714844e+01
2.336545047760009766e+02 7.914805316925048828e+01 2.044807815551757812e+01 3.138203239440917969e+01
2.336203260421752930e+02 7.389531421661376953e+01 2.046554756164550781e+01 3.146142387390136719e+01
2.341308832168579102e+02 6.982992935180664062e+01 2.002236747741699219e+01 3.174497985839843750e+01
2.331072807312011719e+02 6.658191680908203125e+01 2.080309295654296875e+01 3.194518280029296875e+01
2.324658298492431641e+02 6.231240653991699219e+01 2.065034866333007812e+01 3.141147994995117188e+01
2.315970401763916016e+02 5.870489025115966797e+01 2.073620986938476562e+01 3.194369697570800781e+01
2.311301412582397461e+02 5.518561840057373047e+01 2.076406288146972656e+01 3.156271553039550781e+01
2.285816326141357422e+02 5.200925636291503906e+01 2.174097824096679688e+01 3.110129928588867188e+01
2.278484468460083008e+02 4.871749210357666726e+01 2.143281364440917969e+01 3.046918296813964133e+01
2.258969469070434570e+02 4.685289478302001243e+01 2.264550590515136719e+01 3.008430290222168679e+01
2.248305101394653320e+02 4.464430332183838601e+01 2.251615715026855469e+01 3.016253471374511008e+01
2.235371761322021484e+02 4.278368473052979226e+01 2.298490524291992188e+01 3.014932060241698508e+01
2.221515779495239258e+02 3.887581157684326172e+01 2.387780570983886719e+01 3.175007820129394531e+01
2.194965791702270508e+02 3.830090618133544922e+01 2.601320457458496094e+01 3.191829109191894531e+01
2.190630502700805664e+02 3.548125076293945312e+01 2.565257072448730469e+01 3.377477264404296875e+01
2.188791618347167969e+02 3.505576133728027344e+01 2.565087890625000000e+01 3.368284225463867188e+01
2.184884414672851562e+02 3.377991485595703125e+01 2.570931243896484375e+01 3.422100067138671875e+01
2.194514923095703125e+02 3.452170753479003906e+01 2.538967132568359375e+01 3.410965347290039062e+01
2.200213718414306641e+02 3.268782806396484375e+01 2.539702224731445312e+01 3.389562225341796875e+01
2.183019180297851562e+02 3.378794288635253906e+01 2.601477050781250000e+01 3.261038589477539062e+01
2.203517951965332031e+02 3.371735191345215554e+01 2.454841613769531250e+01 3.216392135620116477e+01
2.211524839401245117e+02 3.429381752014160156e+01 2.473080635070800781e+01 3.222230148315429688e+01
2.227542390823364258e+02 3.506443786621093750e+01 2.382154655456542969e+01 3.163282775878906250e+01
2.248977804183959961e+02 3.708926963806152344e+01 2.219404792785644531e+01 3.137771987915039062e+01
2.270164985656738281e+02 4.023276519775390625e+01 2.215422821044921875e+01 2.965949249267578125e+01
2.283727426528930664e+02 4.292350673675536399e+01 2.170816612243652344e+01 2.875152015686035867e+01
2.311222782135009766e+02 4.455522632598876953e+01 2.138742446899414062e+01 3.040300559997558594e+01
2.332449359893798828e+02 4.514596176147460938e+01 2.212648391723632812e+01 3.137635040283203125e+01
2.362680807113647461e+02 4.870513916015625000e+01 2.497233009338378906e+01 3.107516479492187500e+01
2.384322214126586914e+02 5.161420822143554688e+01 2.499947929382324219e+01 3.160951232910156250e+01
2.409110221862792969e+02 5.414984703063964844e+01 2.446221923828125000e+01 3.219646072387695312e+01
2.427886829376220703e+02 5.681890010833740234e+01 2.462376022338867188e+01 3.142148017883300781e+01
2.448023815155029297e+02 5.919521522521972656e+01 2.608765792846679688e+01 3.205820083618164062e+01
2.472651777267456055e+02 6.274561882019042969e+01 2.588537788391113281e+01 3.302342605590820312e+01
2.496572999954223633e+02 6.528386306762695312e+01 2.690127372741699219e+01 3.332383728027343750e+01
2.515563154220581055e+02 6.840167045593261719e+01 2.656950569152832031e+01 3.321193313598632812e+01
2.523347749710083008e+02 7.136803627014160156e+01 2.781235313415527344e+01 3.360097122192382812e+01
2.527599010467529297e+02 7.418578529357910156e+01 2.896345901489257812e+01 3.407922744750976562e+01
2.547375135421752930e+02 7.738303947448730469e+01 3.021952247619628906e+01 3.422480392456054688e+01
2.562730884552001953e+02 7.858306503295898438e+01 2.864304733276367188e+01 3.528524780273437500e+01
2.562010736465454102e+02 8.168718910217285156e+01 2.864105796813964844e+01 3.367152786254882812e+01
2.571041831970214844e+02 8.339115524291992188e+01 2.695362091064453125e+01 3.334521484375000000e+01
2.563748178482055664e+02 8.607703018188476562e+01 2.721256065368652344e+01 3.220015716552734375e+01
2.578038082122802734e+02 8.734640884399414062e+01 2.667319869995117188e+01 3.249842071533203125e+01
2.567017536163330078e+02 8.894046783447265625e+01 2.666097640991210938e+01 3.243520355224609375e+01
2.562691373825073242e+02 9.025409698486328125e+01 2.767930793762207031e+01 3.227143096923828125e+01
2.578205823898315430e+02 9.062583541870117188e+01 2.636448860168457031e+01 3.263903808593750000e+01
2.577539463043212891e+02 9.045435142517089844e+01 2.695803451538085938e+01 3.315790939331054688e+01
2.582414989471435547e+02 9.060814285278320312e+01 2.651922225952148438e+01 3.347516632080078125e+01
2.571694612503051758e+02 9.079864311218261719e+01 2.701769065856933594e+01 3.351716232299804688e+01
2.570826930999755859e+02 9.083866500854492188e+01 2.764664077758789062e+01 3.375857543945312500e+01
2.574705314636230469e+02 9.136688995361328125e+01 2.754087066650390625e+01 3.298056030273437500e+01
2.569132061004638672e+02 9.120781898498535156e+01 2.736848068237304688e+01 3.331515121459960938e+01
2.573165349960327148e+02 9.130088424682617188e+01 2.715971565246582031e+01 3.227888488769531250e+01
2.584756326675415039e+02 8.980506706237792969e+01 2.719988822937011719e+01 3.407356643676757812e+01
2.576793413162231445e+02 8.864580535888671875e+01 2.762896537780761719e+01 3.270972442626953125e+01
2.579630146026611328e+02 8.533315467834472656e+01 2.734777450561523438e+01 3.309359359741210938e+01
2.585361032485961914e+02 8.315895080566406250e+01 2.760684776306152344e+01 3.322312927246093750e+01
2.593497533798217773e+02 7.840568351745605469e+01 2.698127174377441406e+01 3.414018630981445312e+01
2.590757150650024414e+02 7.467436599731445312e+01 2.743454551696777344e+01 3.433982849121093750e+01
2.598260793685913086e+02 6.983695030212402344e+01 2.756205177307128906e+01 3.405875015258789062e+01
2.599447822570800781e+02 6.602275657653808594e+01 2.789331817626953125e+01 3.307076644897460938e+01
2.590195798873901367e+02 5.992013740539550781e+01 2.890743446350097656e+01 3.368918228149414062e+01
2.577894735336303711e+02 5.554273796081542969e+01 2.975245094299316406e+01 3.463631057739257812e+01
2.477552833557128906e+02 5.147127723693847656e+01 1.943626403808593750e+01 3.107968521118164062e+01
2.499026269912719727e+02 4.754451942443848367e+01 1.965542411804199219e+01 2.987318801879882102e+01
2.475834865570068359e+02 4.274330043792724609e+01 2.278322219848632812e+01 3.133579444885253906e+01
2.497041893005371094e+02 3.850292968749999289e+01 2.379293060302734375e+01 3.190328216552735086e+01
2.450418081283569336e+02 3.715411186218261719e+01 2.874160957336425781e+01 3.296237564086914062e+01
2.419867172241210938e+02 3.621009635925292969e+01 3.371682739257812500e+01 3.439417648315429688e+01
2.408670253753662109e+02 3.101993560791015625e+01 3.990265274047851562e+01 3.820371246337890625e+01
2.273316440582275391e+02 2.765112495422363281e+01 4.707079696655273438e+01 4.705536270141601562e+01
2.297890682220458984e+02 3.171644210815429688e+01 4.992128372192382812e+01 4.726991271972656250e+01
2.343670444488525391e+02 2.590200614929199219e+01 4.609885787963867188e+01 5.195699691772460938e+01
2.290486660003662109e+02 3.013067436218260298e+01 4.333633804321289062e+01 4.690279769897460938e+01
2.317846908569335938e+02 2.909437561035154829e+01 4.252908325195312500e+01 4.582111358642578125e+01
2.298899478912353516e+02 3.001934814453123579e+01 4.502746200561523438e+01 4.827411651611328125e+01
2.143066654205322266e+02 2.728122901916502485e+01 5.290327072143554688e+01 4.946362686157226562e+01
2.317240562438964844e+02 2.617904472351072798e+01 4.502545928955078125e+01 4.881977462768554688e+01
2.344603691101074219e+02 2.690689659118650923e+01 4.878936004638671875e+01 4.775568771362304688e+01
2.245198955535888672e+02 2.990015029907225141e+01 5.421846389770507812e+01 4.789051818847656250e+01
2.265336475372314453e+02 3.008908653259275923e+01 5.917582321166992188e+01 5.721522140502929688e+01
2.182800598144531250e+02 2.427555084228514204e+01 6.409309387207031250e+01 6.013368988037109375e+01
2.228624401092529297e+02 2.918918037414547939e+01 5.758249282836914062e+01 6.204169082641601562e+01
2.248133239746093750e+02 3.101956176757809658e+01 6.236952209472656250e+01 6.518350982666015625e+01
2.067018394470214844e+02 4.124340820312497158e+01 7.837631988525390625e+01 7.165219879150390625e+01
2.131797599792480469e+02 2.148121643066403408e+01 7.725370025634765625e+01 7.540796661376953125e+01
2.193973808288574219e+02 2.603243637084958095e+01 7.625034332275390625e+01 7.061540222167968750e+01
2.157809486389160156e+02 3.152465057373044033e+01 7.877437591552734375e+01 7.215120697021484375e+01
1.907328376770019531e+02 3.311629867553708095e+01 1.081853256225585938e+02 6.672273254394531250e+01
1.869341125488281250e+02 2.193286132812497158e+01 1.152978210449218750e+02 7.172553253173828125e+01
1.874286575317382812e+02 1.910883712768551845e+01 1.156564483642578125e+02 7.575907897949218750e+01
2.558060569763183594e+02 1.168141174316403408e+01 7.207965850830078125e+01 8.156754302978515625e+01
2.405832023620605469e+02 1.420912170410153408e+01 6.535971832275390625e+01 7.416809844970703125e+01
2.375378837585449219e+02 2.263573455810544033e+01 7.745813751220703125e+01 7.232338714599609375e+01
2.254325637817382812e+02 2.038445663452145595e+01 7.564140319824218750e+01 7.156922912597656250e+01
2.253688011169433594e+02 2.108543395996090908e+01 7.331793975830078125e+01 7.699283599853515625e+01
1.942573509216308594e+02 2.657326507568356533e+01 9.873996734619140625e+01 8.147353363037109375e+01
1.776774902343750000e+02 2.488910293579098720e+01 1.186072387695312500e+02 7.915661621093750000e+01
1.586273727416992188e+02 4.876217269897458095e+01 1.247525787353515625e+02 9.883122253417968750e+01
9.415862274169924717e+01 7.283752441406250000e+00 1.060294647216796875e+02 8.866071319580078125e+01
1.044871978759765909e+02 0.000000000000000000e+00 1.073095703125000000e+02 1.002162475585937500e+02
1.414443359375000568e+02 1.025170516967776280e+01 9.626159667968750000e+01 9.953675079345703125e+01
8.945557785034182530e+01 2.700004577636718750e+01 1.171650161743164062e+02 1.049617004394531250e+02
8.245648193359377842e+01 1.847285079956054688e+01 1.398752441406250000e+02 1.264909744262695312e+02
7.107197570800784092e+01 2.948238372802734375e+00 1.459404602050781250e+02 1.220309219360351562e+02
5.937097930908205967e+01 2.101506423950195312e+01 1.154897918701171875e+02 1.279677047729492188e+02
7.859129333496096592e+01 3.398802566528320312e+01 1.330240173339843750e+02 1.216310348510742188e+02
4.372814178466796875e+01 8.730575561523409078e+00 1.389147186279296875e+02 1.388937072753906250e+02
1.412017059326171875e+01 1.564668273925778408e+01 1.404933319091796875e+02 1.442402038574218750e+02
3.586497497558593750e+01 1.138273620605465908e+01 1.506162719726562500e+02 1.448688659667968750e+02
2.634346008300781250e+01 1.343415832519528408e+01 1.211359252929687500e+02 1.345082092285156250e+02
8.778704833984375000e+01 1.712392425537106533e+01 1.405521545410156250e+02 1.245216217041015625e+02
9.043889617919921875e+01 0.000000000000000000e+00 1.587600555419921875e+02 1.080394210815429403e+02
1.481115531921386719e+02 0.000000000000000000e+00 1.184157791137695312e+02 1.038678665161132812e+02
2.160979995727539062e+02 8.664558410644531250e+00 8.255415344238281250e+01 8.152556610107421875e+01
2.092202568054199219e+02 1.932708549499511719e+01 5.617191314697265625e+01 6.244019699096679688e+01
2.249863758087158203e+02 2.459372711181639204e+01 5.659164047241210938e+01 5.851161956787109375e+01
2.241331043243408203e+02 2.932099914550779829e+01 5.642412948608398438e+01 5.488419342041015625e+01
2.244003753662109375e+02 2.851522636413572798e+01 4.187951660156250000e+01 4.998133468627929688e+01
2.195809402465820312e+02 3.246725082397459516e+01 3.917189025878906250e+01 4.240463256835937500e+01
2.276899280548095703e+02 3.181978225708006391e+01 3.545783615112304688e+01 4.275480651855468750e+01
2.295034160614013672e+02 3.589900779724119673e+01 2.770851516723632812e+01 3.439872360229492188e+01
2.290448312759399414e+02 3.769962406158445845e+01 2.291699790954589844e+01 2.930143547058105469e+01
2.258456869125366211e+02 3.849346733093260298e+01 2.427014350891113281e+01 2.988498306274414062e+01
2.251760778427124023e+02 3.875943183898924360e+01 2.457843971252441406e+01 3.057284164428710938e+01
2.233627853393554688e+02 3.786054515838621626e+01 2.516043853759765625e+01 3.112642860412597656e+01
2.220731945037841797e+02 3.619610214233397016e+01 2.447134780883789062e+01 3.262950134277343750e+01
2.207161779403686523e+02 3.482674407958982954e+01 2.489930915832519531e+01 3.284342193603515625e+01
2.173787975311279297e+02 3.179861450195311079e+01 2.612029647827148438e+01 3.635766601562500000e+01
2.186131429672241211e+02 3.366996765136717329e+01 2.519445991516113281e+01 3.581334686279296875e+01
2.145095024108886719e+02 3.129027938842772016e+01 2.549646759033203125e+01 3.673260498046875000e+01
2.165068416595458984e+02 3.506570625305175071e+01 2.370220565795898438e+01 3.338332748413086648e+01
2.147922201156616211e+02 3.155570983886718750e+01 2.470408821105957031e+01 3.643872833251953125e+01
2.130699596405029297e+02 3.479866600036621094e+01 2.388222885131835938e+01 3.320759963989257812e+01
2.145561962127685547e+02 3.377502632141113281e+01 2.270293807983398438e+01 3.475465011596679688e+01
2.140710182189941406e+02 3.464869689941406250e+01 2.358053588867187500e+01 3.423118591308593750e+01
2.133974056243896484e+02 3.624670791625976562e+01 2.325944137573242188e+01 3.340676116943359375e+01
2.151791572570800781e+02 3.703097152709960938e+01 2.164481353759765625e+01 3.314697265625000000e+01
2.150671482086181641e+02 3.857826805114746094e+01 2.202362442016601562e+01 3.243492507934570312e+01
2.154105167388916016e+02 4.192950057983397727e+01 2.113184738159179688e+01 3.147183990478516336e+01
2.164298572540283203e+02 4.368971443176269531e+01 2.035737228393554688e+01 3.166411209106445312e+01
2.154662857055664062e+02 4.696409988403320312e+01 2.079828643798828125e+01 3.186158752441406250e+01
2.166955175399780273e+02 5.205048751831054688e+01 1.980616188049316406e+01 3.174676513671875000e+01
2.157153282165527344e+02 5.667542266845703125e+01 2.088079071044921875e+01 3.170494079589843750e+01
2.163393173217773438e+02 6.107673072814941406e+01 2.035329437255859375e+01 3.194194412231445312e+01
2.163918790817260742e+02 6.565450572967529297e+01 2.099474525451660156e+01 3.194679450988769531e+01
2.169533319473266602e+02 7.054497528076171875e+01 2.144302177429199219e+01 3.212850952148437500e+01
2.176365938186645508e+02 7.579322719573974609e+01 2.162918663024902344e+01 3.192820167541503906e+01
2.186386260986328125e+02 8.007427883148193359e+01 2.177558898925781250e+01 3.179783058166503906e+01
2.176892070770263672e+02 8.526096343994140625e+01 2.241808700561523438e+01 3.171596527099609375e+01
2.182223310470581055e+02 8.976504325866699219e+01 2.279043006896972656e+01 3.100166702270507812e+01
2.173542013168334961e+02 9.406610774993896484e+01 2.374402046203613281e+01 3.099054908752441406e+01
2.169217433929443359e+02 9.742624187469482422e+01 2.375965499877929688e+01 3.067054939270019531e+01
2.167529125213623047e+02 9.917448902130126953e+01 2.396548080444335938e+01 3.125866508483886719e+01
2.154936475753784180e+02 1.009666976928710938e+02 2.437146186828613281e+01 3.130584716796875000e+01
2.159350175857543945e+02 1.022849283218383789e+02 2.438124656677246094e+01 3.106485557556152344e+01
2.149502067565917969e+02 1.032251729965209961e+02 2.426840972900390625e+01 3.104629707336425781e+01
2.151911239624023438e+02 1.030035505294799805e+02 2.419201660156250000e+01 3.127646827697753906e+01
2.149168710708618164e+02 1.034152259826660156e+02 2.410552787780761719e+01 3.139689636230468750e+01
2.157317695617675781e+02 1.018984975814819336e+02 2.405286407470703125e+01 3.133960914611816406e+01
2.158119850158691406e+02 1.012858324050903320e+02 2.387239837646484375e+01 3.106419181823730469e+01
2.170471324920654297e+02 1.011555213928222656e+02 2.323166275024414062e+01 3.112169647216796875e+01
2.176386070251464844e+02 9.905549526214599609e+01 2.308326721191406250e+01 3.149530220031738281e+01
2.196744613647460938e+02 9.802904605865478516e+01 2.249899291992187500e+01 3.128348350524902344e+01
2.212349004745483398e+02 9.718010330200195312e+01 2.295197486877441406e+01 3.081736755371093750e+01
2.230242786407470703e+02 9.538846588134765625e+01 2.306841659545898438e+01 3.111684417724609375e+01
2.258143768310546875e+02 9.369166183471679688e+01 2.246141052246093750e+01 3.097794342041015625e+01
2.299091377258300781e+02 9.229554176330566406e+01 2.240544891357421875e+01 3.100149154663085938e+01
2.334952545166015625e+02 9.009452819824218750e+01 2.194761657714843750e+01 3.134053039550781250e+01
2.373694868087768555e+02 8.911775779724121094e+01 2.224584388732910156e+01 3.112886428833007812e+01
2.424731874465942383e+02 8.710761070251464844e+01 2.153425407409667969e+01 3.155068588256835938e+01
2.441948633193969727e+02 8.647338104248046875e+01 2.296555900573730469e+01 3.112725830078125000e+01
2.498753995895385742e+02 8.447591209411621094e+01 2.481008338928222656e+01 3.305350875854492188e+01
2.512452487945556641e+02 8.257433700561523438e+01 2.739688491821289062e+01 3.358054351806640625e+01
2.529493989944458008e+02 8.243569183349609375e+01 2.847502708435058594e+01 3.343312072753906250e+01
2.559447612762451172e+02 8.133670616149902344e+01 2.784376907348632812e+01 3.375847244262695312e+01
2.590825691223144531e+02 8.024630355834960938e+01 2.628560638427734375e+01 3.292309570312500000e+01
2.604603109359741211e+02 8.070052337646484375e+01 2.691610145568847656e+01 3.408035278320312500e+01
2.630604791641235352e+02 7.940498542785644531e+01 2.483659934997558594e+01 3.477743911743164062e+01
2.649714756011962891e+02 7.924931526184082031e+01 2.493547439575195312e+01 3.383157730102539062e+01
2.651756830215454102e+02 7.856764030456542969e+01 2.588684654235839844e+01 3.350434494018554688e+01
2.665845174789428711e+02 7.926768112182617188e+01 2.657665443420410156e+01 3.262096405029296875e+01
2.670772218704223633e+02 7.801807785034179688e+01 2.692349052429199219e+01 3.206133270263671875e+01
2.682055282592773438e+02 7.822257232666015625e+01 2.729286193847656250e+01 3.335948181152343750e+01
2.698661375045776367e+02 7.849585533142089844e+01 2.686401557922363281e+01 3.292825698852539062e+01
2.689379358291625977e+02 7.948437881469726562e+01 2.658926200866699219e+01 3.226014709472656250e+01
2.694495267868041992e+02 7.807376098632812500e+01 2.654056739807128906e+01 3.232798767089843750e+01
2.685090389251708984e+02 7.879074478149414062e+01 2.740975570678710938e+01 3.312792205810546875e+01
2.682640066146850586e+02 7.824473762512207031e+01 2.693821907043457031e+01 3.238111495971679688e+01
2.687565546035766602e+02 7.834359169006347656e+01 2.682755088806152344e+01 3.336003494262695312e+01
2.681551351547241211e+02 7.884246826171875000e+01 2.642470741271972656e+01 3.333901214599609375e+01
2.685297603607177734e+02 7.899204063415527344e+01 2.579001235961914062e+01 3.305311203002929688e+01
2.680906381607055664e+02 7.799951934814453125e+01 2.532963371276855469e+01 3.317842864990234375e+01
2.672178096771240234e+02 7.662950706481933594e+01 2.526965713500976562e+01 3.275635147094726562e+01
2.534809627532958984e+02 7.572231769561767578e+01 2.313629531860351562e+01 3.150397300720214844e+01
2.608360700607299805e+02 7.419509315490722656e+01 2.980758094787597656e+01 3.276223373413085938e+01
2.580781087875366211e+02 7.203643035888671875e+01 3.053146553039550781e+01 3.458846282958984375e+01
2.569866590499877930e+02 7.235561943054199219e+01 3.144115638732910156e+01 3.530784225463867188e+01
2.521593647003173828e+02 7.089610290527343750e+01 3.591596603393554688e+01 3.698465728759765625e+01
2.530651483535766602e+02 7.119508743286132812e+01 3.045799064636230469e+01 3.610852050781250000e+01
2.481353397369384766e+02 7.016145706176757812e+01 2.378474807739257812e+01 3.324906921386718750e+01
2.461794118881225586e+02 7.045905876159667969e+01 2.192287635803222656e+01 3.319545364379882812e+01
2.435125122070312500e+02 7.033904838562011719e+01 2.206829071044921875e+01 3.314508438110351562e+01
2.411447143554687500e+02 7.103594779968261719e+01 2.172578430175781250e+01 3.259943771362304688e+01
2.381866703033447266e+02 7.049234390258789062e+01 2.176894760131835938e+01 3.300022888183593750e+01
2.375238618850708008e+02 7.076980400085449219e+01 2.197282218933105469e+01 3.198234939575195312e+01
2.361280899047851562e+02 7.102635097503662109e+01 2.236111450195312500e+01 3.176353645324707031e+01
2.357440767288208008e+02 7.112104988098144531e+01 2.251405143737792969e+01 3.218907546997070312e+01
2.344719295501708984e+02 7.055491065979003906e+01 2.312000656127929688e+01 3.281194686889648438e+01
2.342328014373779297e+02 7.064995002746582031e+01 2.107639694213867188e+01 3.257676315307617188e+01
2.340346231460571289e+02 6.963107299804687500e+01 2.173626518249511719e+01 3.337871551513671875e+01
2.325187215805053711e+02 6.885011863708496094e+01 2.125393104553222656e+01 3.258461380004882812e+01
2.322489376068115234e+02 6.810992813110351562e+01 2.108501052856445312e+01 3.258362579345703125e+01
2.314723863601684570e+02 6.713552093505859375e+01 2.063621330261230469e+01 3.259768676757812500e+01
2.301030578613281250e+02 6.655679130554199219e+01 2.089891815185546875e+01 3.221943283081054688e+01
2.287851028442382812e+02 6.457649421691894531e+01 2.118978118896484375e+01 3.216018295288085938e+01
2.287175474166870117e+02 6.366669082641601562e+01 2.104031562805175781e+01 3.206134033203125000e+01
2.282796573638916016e+02 6.109129142761230469e+01 2.126536178588867188e+01 3.230550003051757812e+01
2.275128707885742188e+02 5.953741264343261719e+01 2.157209014892578125e+01 3.195870590209960938e+01
2.262445068359375000e+02 5.676805686950683594e+01 2.130894470214843750e+01 3.241316604614257812e+01
2.254676179885864258e+02 5.558907508850097656e+01 2.102334403991699219e+01 3.203026199340820312e+01
2.242275838851928711e+02 5.313172721862792969e+01 2.138050270080566406e+01 3.221751022338867188e+01
2.241470804214477539e+02 5.170555782318115234e+01 2.131260490417480469e+01 3.173420143127441406e+01
2.231035680770874023e+02 5.016814994812011719e+01 2.162241554260253906e+01 3.232912826538085938e+01
2.217983341217041016e+02 4.862062263488769531e+01 2.153440475463867188e+01 3.215109634399414062e+01
2.206693458557128906e+02 4.630953502655029297e+01 2.230818939208984375e+01 3.169580268859863281e+01
2.216933221817016602e+02 4.491032791137694602e+01 2.126973533630371094e+01 3.144404602050781961e+01
2.203829631805419922e+02 4.305035972595214844e+01 2.246323013305664062e+01 3.116200637817382812e+01
2.199887132644653320e+02 4.152968597412109375e+01 2.251530265808105469e+01 3.105115509033203125e+01
2.205254058837890625e+02 4.029944992065429688e+01 2.233750915527343750e+01 3.135546112060546875e+01
2.193372735977172852e+02 3.785360717773437500e+01 2.286385154724121094e+01 3.103265380859375000e+01
2.194922180175781250e+02 3.638444137573241477e+01 2.298316955566406250e+01 3.090078735351563211e+01
2.188188476562500000e+02 3.478088283538817649e+01 2.423893737792968750e+01 3.192763710021973367e+01
2.182715940475463867e+02 3.225470733642578125e+01 2.440436744689941406e+01 3.195451354980468750e+01
2.177837781906127930e+02 3.066400909423828125e+01 2.503325843811035156e+01 3.281005859375000000e+01
2.167658395767211914e+02 2.852594566345214844e+01 2.519571495056152344e+01 3.293900680541992188e+01
2.182873296737670898e+02 2.950435256958007812e+01 2.447076606750488281e+01 3.170366668701171875e+01
2.168995714187622070e+02 3.028138446807861328e+01 2.537951469421386719e+01 3.071795463562011719e+01
2.158880882263183594e+02 2.744211387634277344e+01 2.642687225341796875e+01 3.043753433227539062e+01
2.154626703262329102e+02 2.744907569885253906e+01 2.718873405456542969e+01 3.154108047485351562e+01
2.149658184051513672e+02 2.808532428741455078e+01 2.779854965209960938e+01 3.133270072937011719e+01
2.139901847839355469e+02 2.790327548980712891e+01 2.866824340820312500e+01 3.182974052429199219e+01
2.125652513504028320e+02 2.762982749938964844e+01 2.981782341003417969e+01 3.311385726928710938e+01
2.127870683670043945e+02 2.688364982604980469e+01 2.928442192077636719e+01 3.382578659057617188e+01
2.124330368041992188e+02 2.602440261840820312e+01 2.980076599121093750e+01 3.376623535156250000e+01
2.131973104476928711e+02 2.687405204772949219e+01 2.937124824523925781e+01 3.418923568725585938e+01
2.135911045074462891e+02 2.717844581604003906e+01 2.896237564086914062e+01 3.415125656127929688e+01
2.138486566543579102e+02 2.676453399658203125e+01 2.820379447937011719e+01 3.398017883300781250e+01
2.139716596603393555e+02 2.727079200744628906e+01 2.797387123107910156e+01 3.333641433715820312e+01
2.132367677688598633e+02 2.765982437133789773e+01 2.936926078796386719e+01 3.432033538818359375e+01
2.132644453048706055e+02 2.719330787658692117e+01 2.865252113342285156e+01 3.342129135131835938e+01
2.128492584228515625e+02 2.778831672668457742e+01 2.849381256103515625e+01 3.402158737182617188e+01
2.126113672256469727e+02 2.801073646545410867e+01 2.907194328308105469e+01 3.453640365600585938e+01
2.134339189529418945e+02 2.771793937683106179e+01 2.832376670837402344e+01 3.452923202514648438e+01
2.126737251281738281e+02 2.797270774841309304e+01 2.933133697509765625e+01 3.445878982543945312e+01
2.138221578598022461e+02 2.864986610412598367e+01 2.878213691711425781e+01 3.485331344604492188e+01
2.147595911026000977e+02 2.877656936645508523e+01 2.751311302185058594e+01 3.404743194580078125e+01
2.160900344848632812e+02 3.079525756835938921e+01 2.674724578857421875e+01 3.261834716796875000e+01
2.174567813873291016e+02 3.107832717895509234e+01 2.561852645874023438e+01 3.255492401123046875e+01
2.188551034927368164e+02 3.291746711730958452e+01 2.481152153015136719e+01 3.148432540893554688e+01
2.199662961959838867e+02 3.248153018951417437e+01 2.416748237609863281e+01 3.156327629089355469e+01
2.207455263137817383e+02 3.357210636138917437e+01 2.375111961364746094e+01 3.047362327575683594e+01
2.226991539001464844e+02 3.464275455474854937e+01 2.189432525634765625e+01 2.936259269714355469e+01
2.221158342361450195e+02 3.511577606201173296e+01 2.274317741394042969e+01 3.016706848144531250e+01
2.227581853866577148e+02 3.538892173767091975e+01 2.263716316223144531e+01 3.012512588500977273e+01
2.217371025085449219e+02 3.638040351867679334e+01 2.342160797119140625e+01 3.008021163940428977e+01
2.222706718444824219e+02 3.769130039215090022e+01 2.289578247070312500e+01 3.088326835632324929e+01
2.239795608520507812e+02 4.101672363281252132e+01 2.143035888671875000e+01 3.002037048339844461e+01
2.249306955337524414e+02 4.207737064361575108e+01 2.078016471862792969e+01 3.091658592224121094e+01
2.269490213394165039e+02 4.372411823272707920e+01 2.091328239440917969e+01 3.002451133728027344e+01
2.282792034149169922e+02 4.375348091125491123e+01 2.132647323608398438e+01 3.069369888305664062e+01
2.296478376388549805e+02 4.097932529449465022e+01 2.263909339904785156e+01 3.139015769958496804e+01
2.326850633621215820e+02 4.018793487548830257e+01 2.531973838806152344e+01 3.045964813232422586e+01
2.337681255340576172e+02 3.785694026947024327e+01 2.446204757690429688e+01 3.115374183654785156e+01
2.370359010696411133e+02 3.517727279663088780e+01 2.654305076599121094e+01 3.317491149902343750e+01
2.383146343231201172e+02 3.304925727844241123e+01 2.767703628540039062e+01 3.466609573364257812e+01
2.372285652160644531e+02 2.943442344665530186e+01 3.310457611083984375e+01 3.709894180297851562e+01
2.419389810562133789e+02 2.845167541503909092e+01 2.910925102233886719e+01 3.468405151367187500e+01
2.204572410583496094e+02 2.599697113037112217e+01 4.650350189208984375e+01 4.026707458496093750e+01
2.059717597961425781e+02 2.910811614990237217e+01 4.325902557373046875e+01 4.624902343750000000e+01
2.184678974151611328e+02 2.376808357238772373e+01 3.968766403198242188e+01 4.999189376831054688e+01
2.205290431976318359e+02 2.658180809020998936e+01 3.916041946411132812e+01 4.617514419555664062e+01
2.204429206848144531e+02 2.826248550415041905e+01 3.943834686279296875e+01 4.465648651123046875e+01
2.235791320800781250e+02 2.822311782836916905e+01 3.759463500976562500e+01 4.455423736572265625e+01
2.224300632476806641e+02 2.796909904479983311e+01 4.246757125854492188e+01 4.631593704223632812e+01
2.115436096191406250e+02 2.307922744750979405e+01 5.533489990234375000e+01 4.964963531494140625e+01
2.186140995025634766e+02 2.310508346557621451e+01 5.022538375854492188e+01 5.344655609130859375e+01
2.143530368804931641e+02 2.496788597106937857e+01 5.213213729858398438e+01 5.241719436645507812e+01
2.034779148101806641e+02 2.951443099975591622e+01 5.936080551147460938e+01 5.428458404541015625e+01
1.777093448638916016e+02 2.109587287902837716e+01 5.779647445678710938e+01 5.985784530639648438e+01
2.072432765960693359e+02 1.748946189880376778e+01 5.750299453735351562e+01 5.828107070922851562e+01
2.018584251403808594e+02 2.388737678527837716e+01 5.724813079833984375e+01 6.386697006225585938e+01
2.047740554809570312e+02 2.143392562866216622e+01 5.390390014648437500e+01 5.813703155517578125e+01
2.227628040313720703e+02 2.412114524841314278e+01 4.694242477416992188e+01 5.248845291137695312e+01
2.210798587799072266e+02 2.876248741149908028e+01 3.870023727416992188e+01 4.461445999145507812e+01
2.136095256805419922e+02 3.236614036560064278e+01 4.183400344848632812e+01 4.317239761352539062e+01
2.135474185943603516e+02 3.055776214599615059e+01 3.949345016479492188e+01 4.363650512695312500e+01
2.110772705078125000e+02 3.093886566162115059e+01 3.780445861816406250e+01 4.254333496093750000e+01
2.068402500152587891e+02 3.205914306640630684e+01 3.630530929565429688e+01 3.893144226074218750e+01
2.209468441009521484e+02 3.029797744750982247e+01 3.572369766235351562e+01 4.049097442626953125e+01
2.215113983154296875e+02 2.863860511779790841e+01 3.255470275878906250e+01 3.631121444702148438e+01
2.147095832824707031e+02 3.072664260864263497e+01 3.322245788574218750e+01 3.552521514892578125e+01
2.178879356384277344e+02 3.205711746215825997e+01 3.073663330078125000e+01 3.505583953857421875e+01
2.200751399993896484e+02 3.004852676391607247e+01 2.610375595092773438e+01 3.320547485351562500e+01
2.180646247863769531e+02 3.121773910522466622e+01 2.737045288085937500e+01 3.212305450439453125e+01
2.175822067260742188e+02 3.020626163482671700e+01 2.701078033447265625e+01 3.170969200134277344e+01
2.167845478057861328e+02 2.971137046813970528e+01 2.753458786010742188e+01 3.238764572143554688e+01
2.156952800750732422e+02 2.851031112670904122e+01 2.868387985229492188e+01 3.222634124755859375e+01
2.154702205657958984e+02 2.794430351257329903e+01 2.962575149536132812e+01 3.317235183715820312e+01
2.158350582122802734e+02 2.762441444396978341e+01 2.969193649291992188e+01 3.438898086547851562e+01
2.158035621643066406e+02 2.829555320739751778e+01 2.905622100830078125e+01 3.408605575561523438e+01
2.164105567932128906e+02 2.852836418151861153e+01 2.909891510009765625e+01 3.449322891235351562e+01
2.169206857681274414e+02 2.833756256103521309e+01 2.951063346862792969e+01 3.477636718750000000e+01
2.176859569549560547e+02 2.844907569885259591e+01 2.863943862915039062e+01 3.284312820434570312e+01
2.163827276229858398e+02 2.841669273376471239e+01 2.965160560607910156e+01 3.332777023315429688e+01
2.178185443878173828e+02 2.797169113159186082e+01 2.898494338989257812e+01 3.394374084472656250e+01
2.186079978942871094e+02 2.783757591247564989e+01 2.900898742675781250e+01 3.267164230346679688e+01
2.186739883422851562e+02 2.876290512084967332e+01 2.952754211425781250e+01 3.340876007080078125e+01
2.193873214721679688e+02 2.947693824768072801e+01 2.872128295898437500e+01 3.412633895874023438e+01
2.192616758346557617e+02 2.814175224304205614e+01 2.869364356994628906e+01 3.493018722534179688e+01
2.216313772201538086e+02 3.262590408325201707e+01 2.700689888000488281e+01 3.294625854492186789e+01
2.234144144058227539e+02 3.596417999267583809e+01 2.391444206237792969e+01 3.231246185302734375e+01
2.232154617309570312e+02 4.015518188476568184e+01 2.363140869140625000e+01 3.068952178955078125e+01
2.233658552169799805e+02 4.408937454223638497e+01 2.218941688537597656e+01 2.997456359863281250e+01
2.234746904373168945e+02 4.744389533996587716e+01 2.156865501403808594e+01 2.964216995239257812e+01
2.224711132049560547e+02 5.131792640686040841e+01 2.154197311401367188e+01 3.024665451049804688e+01
2.220388736724853516e+02 5.466519260406499825e+01 2.113845443725585938e+01 3.038010215759277344e+01
2.226173820495605469e+02 5.790842437744146309e+01 2.009239196777343750e+01 3.049302673339843750e+01
2.228283863067626953e+02 6.107999992370611153e+01 2.006901931762695312e+01 3.132037734985351562e+01
2.236185054779052734e+02 6.324968242645269356e+01 2.066982650756835938e+01 3.039600563049316406e+01
2.249058303833007812e+02 6.355686664581304512e+01 2.023969268798828125e+01 3.096585655212402344e+01
2.247275943756103516e+02 6.324604511260992012e+01 2.069396591186523438e+01 3.138172721862792969e+01
2.261325883865356445e+02 6.394851970672613106e+01 2.050457572937011719e+01 3.102143287658691406e+01
2.265888471603393555e+02 6.456592941284185372e+01 2.057171821594238281e+01 3.089316558837890625e+01
2.266919908523559570e+02 6.410370063781743966e+01 2.149289512634277344e+01 3.151161575317382812e+01
2.257231273651123047e+02 6.601179885864263497e+01 2.268770980834960938e+01 3.072708892822265625e+01
2.260475893020629883e+02 6.471100234985357247e+01 2.290138053894042969e+01 3.094521331787109375e+01
2.262462425231933594e+02 6.163172245025640450e+01 2.316615295410156250e+01 3.161765861511230469e+01
2.277214527130126953e+02 5.874218177795415841e+01 2.265004348754882812e+01 3.143617630004882812e+01
2.280864896774291992e+02 5.551957321166997872e+01 2.216398048400878906e+01 3.056837463378906250e+01
2.292671203613281250e+02 5.212585735321050606e+01 2.192522430419921875e+01 2.998958778381347656e+01
2.307507629394531250e+02 4.739061260223393646e+01 2.111287689208984375e+01 2.901254463195801492e+01
2.323375883102416992e+02 4.293758583068854051e+01 2.027630805969238281e+01 3.046586227416991477e+01
2.338085145950317383e+02 4.148739147186284981e+01 2.121310997009277344e+01 2.898587226867675781e+01
2.331373567581176758e+02 3.869950771331792794e+01 2.283984947204589844e+01 3.017227363586425781e+01
2.310817022323608398e+02 3.786917209625249825e+01 2.489351081848144531e+01 2.985910606384277344e+01
2.316974697113037109e+02 3.952660751342779122e+01 2.418812179565429688e+01 2.995177459716796875e+01
2.322513618469238281e+02 3.793326663970952950e+01 2.417572021484375000e+01 3.187709617614746094e+01
2.334729433059692383e+02 3.958588981628423653e+01 2.380932426452636719e+01 3.059873580932617188e+01
2.328892269134521484e+02 3.684184837341314278e+01 2.442877578735351562e+01 3.211596298217773438e+01
2.322627773284912109e+02 3.842478752136236153e+01 2.498187637329101562e+01 3.045170974731445312e+01
2.345704603195190430e+02 3.663747406005865059e+01 2.295989418029785156e+01 3.026632690429687500e+01
2.324379587173461914e+02 3.674736213684087716e+01 2.591512870788574219e+01 2.948447799682617188e+01
2.339871835708618164e+02 3.661950969696050606e+01 2.345548057556152344e+01 2.947450447082519531e+01
2.329827642440795898e+02 3.709667682647710762e+01 2.462202644348144531e+01 2.913581657409667969e+01
2.346898031234741211e+02 3.677111816406255684e+01 2.285789680480957031e+01 2.900984191894531250e+01
2.340114984512329102e+02 3.741185283660894356e+01 2.421348381042480469e+01 2.857773780822753906e+01
2.347363510131835938e+02 3.717683792114263497e+01 2.327172851562500000e+01 2.791631317138671875e+01
2.346545610427856445e+02 3.748987197875982247e+01 2.366692161560058594e+01 2.760294342041015625e+01
2.344403057098388672e+02 3.708755970001225677e+01 2.372189712524414062e+01 2.700375175476074929e+01
2.352668390274047852e+02 3.665896320343023262e+01 2.287734031677246094e+01 2.675516319274902344e+01
2.359292373657226562e+02 3.672292232513434129e+01 2.236152648925781250e+01 2.654146766662597656e+01
2.354581327438354492e+02 3.616458797454839669e+01 2.380558204650878906e+01 2.773475074768066406e+01
2.352597751617431641e+02 3.521551609039311614e+01 2.347316360473632812e+01 2.670777702331542969e+01
2.368902235031127930e+02 3.605274486541753021e+01 2.244159126281738281e+01 2.681115150451660156e+01
2.346105518341064453e+02 3.528121757507329903e+01 2.422772598266601562e+01 2.764039230346679688e+01
2.347727956771850586e+02 3.468381309509283028e+01 2.409927558898925781e+01 2.996512222290039062e+01
2.333934755325317383e+02 3.485521602630620919e+01 2.476954460144042969e+01 3.024054145812988281e+01
2.274863691329956055e+02 3.306815528869634591e+01 2.717727851867675781e+01 3.303824996948242188e+01
2.250355682373046875e+02 3.118452644348150216e+01 2.848474884033203125e+01 3.549234390258789062e+01
1.995092277526855469e+02 3.704247283935552559e+01 5.445090484619140625e+01 4.326406097412109375e+01
2.038942775726318359e+02 3.987936401367193184e+01 5.192905044555664062e+01 4.264878082275390625e+01
2.046454048156738281e+02 3.971685600280767403e+01 5.057144927978515625e+01 4.278120040893554688e+01
2.031963233947753906e+02 3.899976539611822091e+01 4.966345977783203125e+01 4.368352127075195312e+01
2.007142524719238281e+02 4.102667236328130684e+01 5.105496978759765625e+01 4.224381256103515625e+01
2.051628875732421875e+02 4.053162002563483668e+01 4.925813293457031250e+01 4.110687255859375000e+01
1.977004489898681641e+02 4.175047492980964137e+01 5.041704940795898438e+01 4.091841506958007812e+01
2.002177257537841797e+02 4.196412086486823512e+01 4.558388137817382812e+01 3.956702041625976562e+01
1.982841205596923828e+02 4.442336082458503199e+01 4.800120162963867188e+01 3.675559616088867188e+01
1.952495975494384766e+02 4.492319869995124293e+01 4.797356796264648438e+01 3.603283691406250000e+01
1.933362064361572266e+02 4.415546035766608668e+01 5.213378524780273438e+01 3.757458496093750000e+01
1.825854015350341797e+02 4.290964698791511012e+01 5.841069412231445312e+01 3.983453750610351562e+01
1.826921367645263672e+02 4.247275924682624293e+01 5.754388809204101562e+01 4.067312622070312500e+01
1.861721382141113281e+02 4.007502555847175074e+01 5.735239410400390625e+01 4.323119735717773438e+01
1.861574802398681641e+02 3.428088760375983668e+01 5.699297714233398438e+01 4.760514831542968750e+01
1.892409591674804688e+02 3.147024917602546168e+01 5.611196899414062500e+01 4.839398193359375000e+01
2.030425720214843750e+02 2.538719367980964137e+01 4.409185791015625000e+01 5.977405166625976562e+01
1.952554721832275391e+02 2.437730979919439278e+01 4.950257492065429688e+01 5.294933700561523438e+01
1.879642753601074219e+02 3.993563842773443184e+01 5.442423248291015625e+01 4.260712432861328125e+01
1.879965095520019531e+02 2.675650596618658028e+01 6.430805206298828125e+01 5.171836471557617188e+01
1.942497310638427734e+02 2.451062965393072091e+01 5.137941360473632812e+01 5.104764175415039062e+01
1.863325958251953125e+02 3.767415618896490059e+01 5.817756652832031250e+01 4.431519317626953125e+01
1.877327079772949219e+02 3.337296676635747872e+01 6.458907318115234375e+01 4.871086120605468750e+01
1.874004058837890625e+02 2.310306358337408028e+01 6.680455017089843750e+01 5.929319381713867188e+01
2.196396865844726562e+02 1.706829452514654122e+01 4.368588256835937500e+01 5.420788574218750000e+01
2.203994274139404297e+02 2.109243011474615059e+01 3.755359268188476562e+01 4.430432891845703125e+01
2.090070343017578125e+02 2.652173423767095528e+01 3.560307312011718750e+01 4.671430587768554688e+01
2.152506008148193359e+02 2.840906524658208809e+01 3.759979629516601562e+01 4.392516326904296875e+01
2.138429584503173828e+02 3.291568756103521309e+01 3.620476913452148438e+01 3.888610076904296875e+01
2.095736656188964844e+02 3.307814025878911934e+01 3.836458587646484375e+01 4.263915252685546875e+01
2.176739387512207031e+02 3.223127174377447091e+01 3.597641754150390625e+01 3.885901260375976562e+01
2.105318470001220703e+02 2.883901596069341622e+01 3.807342147827148438e+01 3.697392272949218750e+01
2.216194705963134766e+02 2.689906120300298653e+01 3.420203781127929688e+01 3.496905136108398438e+01
2.107782001495361328e+02 2.895590972900396309e+01 4.028741836547851562e+01 3.979222869873046875e+01
2.152981033325195312e+02 2.481875610351568184e+01 4.021657562255859375e+01 4.187203216552734375e+01
1.987917728424072266e+02 3.059337997436529122e+01 3.608802413940429688e+01 4.826806640625000000e+01
2.146478462219238281e+02 2.630473709106450997e+01 4.111746978759765625e+01 4.195292663574218750e+01
1.915443477630615234e+02 3.596399688720708809e+01 3.929298782348632812e+01 4.253592681884765625e+01
2.018300323486328125e+02 2.786047172546392403e+01 3.722683715820312500e+01 4.998977279663085938e+01
1.911247634887695312e+02 2.698195075988775216e+01 4.374409484863281250e+01 5.052087783813476562e+01
1.871458549499511719e+02 2.706296920776372872e+01 4.498226165771484375e+01 5.191757202148437500e+01
1.883096561431884766e+02 2.902291297912603341e+01 4.611423873901367188e+01 5.049524307250976562e+01
1.868500213623046875e+02 3.060949707031255684e+01 4.697358703613281250e+01 5.063523101806640625e+01
1.908019981384277344e+02 2.457810020446781607e+01 4.860019683837890625e+01 4.985602951049804688e+01
2.047763729095458984e+02 2.450338172912600498e+01 4.089075088500976562e+01 4.607201004028320312e+01
2.081142635345458984e+02 2.828864097595217686e+01 3.610095596313476562e+01 3.981907272338867188e+01
2.299181404113769531e+02 3.041470909118655186e+01 3.250049591064453125e+01 3.062638473510742188e+01
2.286953678131103516e+02 3.152585220336916905e+01 3.479114913940429688e+01 3.336109924316406250e+01
2.186323776245117188e+02 2.985743522644045811e+01 3.188455963134765625e+01 3.316303634643554688e+01
2.108778934478759766e+02 2.844467544555666905e+01 3.898956680297851562e+01 3.961824035644531250e+01
2.105139503479003906e+02 2.347596740722659092e+01 4.031341552734375000e+01 4.545015716552734375e+01
2.082184963226318359e+02 2.830903816223147373e+01 3.934049606323242188e+01 4.996419143676757812e+01
2.204357452392578125e+02 2.696908569335940342e+01 3.470088958740234375e+01 4.620653533935546875e+01
2.115792598724365234e+02 2.267841529846194248e+01 4.008459091186523438e+01 4.752457046508789062e+01
2.082600440979003906e+02 2.869552421569827061e+01 4.290820312500000000e+01 5.234902572631835938e+01
2.072985076904296875e+02 3.258725166320803623e+01 4.334880828857421875e+01 4.792210769653320312e+01
2.125955753326416016e+02 2.836588287353518467e+01 4.573199844360351562e+01 5.725528717041015625e+01
2.209583930969238281e+02 2.543109703063967686e+01 4.063490295410156250e+01 5.878879928588867188e+01
2.192663002014160156e+02 2.270598220825196734e+01 4.071166992187500000e+01 5.117263793945312500e+01
2.115380477905273438e+02 3.180892372131349077e+01 4.037335968017578125e+01 5.123131179809570312e+01
2.236646652221679688e+02 3.433862113952638140e+01 3.412442779541015625e+01 4.390649032592773438e+01
2.178004207611083984e+02 3.162838554382325640e+01 3.729706954956054688e+01 5.247489547729492188e+01
2.279651470184326172e+02 2.914111328125001421e+01 3.231980514526367188e+01 4.980702972412109375e+01
2.313840618133544922e+02 3.165511512756349077e+01 2.971880722045898438e+01 4.048083877563476562e+01
2.334927549362182617e+02 3.280876350402833452e+01 2.845085334777832031e+01 3.494585037231445312e+01
2.341923770904541016e+02 3.272730255126954546e+01 2.773705673217773438e+01 3.248012542724609375e+01
2.347534112930297852e+02 3.333788490295411577e+01 2.672839927673339844e+01 3.247136306762695312e+01
2.356519527435302734e+02 3.173893928527833452e+01 2.589131546020507812e+01 3.118584823608398438e+01
2.361233644485473633e+02 3.311374664306642046e+01 2.567539787292480469e+01 3.123505401611328125e+01
2.371807851791381836e+02 3.158851623535157671e+01 2.484399604797363281e+01 3.103708648681640625e+01
2.386408929824829102e+02 3.215253257751466265e+01 2.406765556335449219e+01 3.109357070922851562e+01
2.415043020248413086e+02 3.131697750091554155e+01 2.214048957824707031e+01 3.102600288391113281e+01
2.430626354217529297e+02 3.213209724426271663e+01 2.181681442260742188e+01 2.962879562377929688e+01
2.439574031829833984e+02 3.161829471588136897e+01 2.156341934204101562e+01 2.758162498474121094e+01
2.453259229660034180e+02 3.253851032257081499e+01 2.015522193908691406e+01 2.756594657897949219e+01
2.462192554473876953e+02 3.179915523529054155e+01 1.960184097290039062e+01 2.719673347473144531e+01
2.453678941726684570e+02 3.185476875305177913e+01 2.059722709655761719e+01 2.704718399047851562e+01
2.456260967254638672e+02 3.113884735107424007e+01 2.046544265747070312e+01 2.771698760986328125e+01
2.454320116043090820e+02 3.027416610717775569e+01 2.089198875427246094e+01 2.822022247314453125e+01
2.453848705291748047e+02 3.041395187377931109e+01 2.167486190795898438e+01 2.869208526611328125e+01
2.460404272079467773e+02 2.906401729583741655e+01 2.211487007141113281e+01 3.011384010314941406e+01
2.458430395126342773e+02 2.863121891021729937e+01 2.329756355285644531e+01 3.055843925476074219e+01
2.463743019104003906e+02 2.940884876251221414e+01 2.212631988525390625e+01 2.984162712097167969e+01
2.450995559692382812e+02 2.966400432586669922e+01 2.378137969970703125e+01 2.997920417785644531e+01
2.458697023391723633e+02 2.937006759643553977e+01 2.269609642028808594e+01 3.110852813720703125e+01
2.436807708740234375e+02 2.968143177032469282e+01 2.379467010498046875e+01 3.082786369323730469e+01
2.430382909774780273e+02 2.860552310943602095e+01 2.442093849182128906e+01 3.034151268005371094e+01
2.450063705444335938e+02 2.885137176513670454e+01 2.346208190917968750e+01 3.285030364990234375e+01
2.446301927566528320e+02 2.888450145721434126e+01 2.231663322448730469e+01 2.978553962707519531e+01
2.439680614471435547e+02 2.868307209014891157e+01 2.354629135131835938e+01 3.075989341735839844e+01
2.426467628479003906e+02 2.736901092529295454e+01 2.515797424316406250e+01 3.254025268554687500e+01
2.433087091445922852e+02 2.703199577331541548e+01 2.424774742126464844e+01 3.205130386352539062e+01
2.447350397109985352e+02 2.587507057189939985e+01 2.327446556091308594e+01 3.263495254516601562e+01
2.439357299804687500e+02 2.550913429260252485e+01 2.424847412109375000e+01 3.223419570922851562e+01
2.410764055252075195e+02 2.556373023986814985e+01 2.582893943786621094e+01 3.201431655883789062e+01
2.435241050720214844e+02 2.335626411437986860e+01 2.465056610107421875e+01 3.342610549926757812e+01
2.403753051757812500e+02 2.490757369995115766e+01 2.748393249511718750e+01 3.217571258544921875e+01
2.437527799606323242e+02 2.525560188293455610e+01 2.380548286437988281e+01 3.062130355834960938e+01
2.351041631698608398e+02 2.469450378417967329e+01 3.082343482971191406e+01 3.420956420898437500e+01
2.379079380035400391e+02 2.116867065429686079e+01 2.962448501586914062e+01 3.653224945068359375e+01
2.291903381347656250e+02 2.353469657897947798e+01 3.896235656738281250e+01 4.118192672729492188e+01
2.232239990234375000e+02 2.362380981445311079e+01 4.160159301757812500e+01 4.068531036376953125e+01
2.202569828033447266e+02 2.725693702697752485e+01 4.058813095092773438e+01 4.255394363403320312e+01
2.140127944946289062e+02 3.429415130615232954e+01 4.049061584472656250e+01 3.717963409423828125e+01
2.109888782501220703e+02 3.232148170471189985e+01 4.253727340698242188e+01 3.847226333618164062e+01
2.078245525360107422e+02 2.995947456359861860e+01 4.399025344848632812e+01 3.963245010375976562e+01
2.091933803558349609e+02 2.821688652038572798e+01 4.232825088500976562e+01 4.205024337768554688e+01
2.078496227264404297e+02 2.784033203124998579e+01 4.074634170532226562e+01 4.014128875732421875e+01
2.027609157562255859e+02 3.163820648193357954e+01 4.500444412231445312e+01 3.953255462646484375e+01
2.060322399139404297e+02 3.061775588989256391e+01 4.585269546508789062e+01 3.898170471191406250e+01
2.061338348388671875e+02 2.983852386474607954e+01 4.539100646972656250e+01 3.900876617431640625e+01
2.063820018768310547e+02 2.859269523620604048e+01 4.577164077758789062e+01 4.010915756225585938e+01
2.068176612854003906e+02 2.715159034729002485e+01 4.615837860107421875e+01 3.966998672485351562e+01
2.051634025573730469e+02 2.733695602416990766e+01 4.662757110595703125e+01 4.007240295410156250e+01
2.025646591186523438e+02 2.738217353820799360e+01 4.791856384277343750e+01 4.234235000610351562e+01
2.048769416809082031e+02 2.714438819885252485e+01 4.812545013427734375e+01 4.379500198364257812e+01
2.058668689727783203e+02 2.761816406249998579e+01 4.587441635131835938e+01 4.263018035888671875e+01
2.054152030944824219e+02 2.989505958557127485e+01 4.788518524169921875e+01 3.951482009887695312e+01
2.044154186248779297e+02 3.082099723815916548e+01 4.651604080200195312e+01 3.763383102416992188e+01
2.032294044494628906e+02 3.109781455993650923e+01 4.771155548095703125e+01 3.693914413452148438e+01
2.023050327301025391e+02 3.108510208129881391e+01 4.627236557006835938e+01 3.565904235839843750e+01
1.996216850280761719e+02 3.195661354064939985e+01 4.674604034423828125e+01 3.621889114379882812e+01
2.033173446655273438e+02 2.751780700683592329e+01 4.889926147460937500e+01 4.079155731201171875e+01
2.049976177215576172e+02 3.031336593627928266e+01 4.660898208618164062e+01 3.453883361816406250e+01
2.045116748809814453e+02 2.316249275207518110e+01 4.816068649291992188e+01 3.901837539672851562e+01
2.076271400451660156e+02 2.686878395080564985e+01 4.474060821533203125e+01 3.353628921508789062e+01
2.068739261627197266e+02 2.495190238952635298e+01 4.906881332397460938e+01 3.426472091674804688e+01
2.080577678680419922e+02 2.084330177307127485e+01 4.614650344848632812e+01 3.637886428833007812e+01
2.108390846252441406e+02 2.107264137268064985e+01 4.648583221435546875e+01 3.396458816528320312e+01
2.114091377258300781e+02 1.873397827148436079e+01 4.430069732666015625e+01 3.379618072509765625e+01
2.109780731201171875e+02 1.392625236511229048e+01 5.181991577148437500e+01 3.896091842651367188e+01
2.104301815032958984e+02 1.946530723571775923e+01 4.915015029907226562e+01 3.494309616088867188e+01
2.095141868591308594e+02 1.966301918029783735e+01 4.831374359130859375e+01 3.514732742309570312e+01
2.132861003875732422e+02 2.097966003417967329e+01 4.678635025024414062e+01 3.396442413330078125e+01
2.117751007080078125e+02 2.220323181152342329e+01 4.690634155273437500e+01 3.376520538330078125e+01
2.129552497863769531e+02 2.349414253234861860e+01 4.483235931396484375e+01 3.331541824340820312e+01
2.135256423950195312e+02 1.591675186157225141e+01 4.417625427246093750e+01 4.216418457031250000e+01
2.102722492218017578e+02 2.400480842590330610e+01 4.604262924194335938e+01 3.470886611938476562e+01
2.145539283752441406e+02 2.559585571289061079e+01 4.113167572021484375e+01 3.307561492919921875e+01
2.153360729217529297e+02 2.642781829833982954e+01 3.857707595825195312e+01 3.179267120361328125e+01
2.161995887756347656e+02 2.624637603759764204e+01 3.743039703369140625e+01 3.165970611572265625e+01
2.157126064300537109e+02 2.698679733276365766e+01 3.741069412231445312e+01 3.160194396972656250e+01
2.172556648254394531e+02 2.626322364807127485e+01 3.775711822509765625e+01 3.284689712524414062e+01
2.140204944610595703e+02 2.806860256195066938e+01 3.935149765014648438e+01 3.197164344787597656e+01
2.129161739349365234e+02 2.784732437133787641e+01 4.086032485961914062e+01 3.286824035644531250e+01
2.146011695861816406e+02 2.835539436340330610e+01 3.904840850830078125e+01 3.232062149047851562e+01
2.115708751678466797e+02 2.907749176025389204e+01 4.119409561157226562e+01 3.225885772705078125e+01
2.130593776702880859e+02 3.038636779785154829e+01 3.887540054321289062e+01 3.160027313232421875e+01
2.114140968322753906e+02 3.097352027893064985e+01 3.952297210693359375e+01 3.098204421997070312e+01
2.128126735687255859e+02 3.194617080688475141e+01 3.702058792114257812e+01 3.126086425781250000e+01
2.111878795623779297e+02 3.189020729064939985e+01 3.821576309204101562e+01 3.210490798950195312e+01
2.055764560699462891e+02 2.357247161865232954e+01 4.365211105346679688e+01 4.112104034423828125e+01
2.200858325958251953e+02 1.649449920654295454e+01 4.093911361694335938e+01 4.296675872802734375e+01
2.392420263290405273e+02 2.334699440002439985e+01 2.214798164367675781e+01 3.317291641235351562e+01
2.403292303085327148e+02 2.828765583038328657e+01 2.148607063293457031e+01 3.086321067810058594e+01
2.399826135635375977e+02 2.916620922088621626e+01 2.252208518981933594e+01 3.106488227844238281e+01
2.394508466720581055e+02 3.065799808502195845e+01 2.343913459777832031e+01 3.173059654235839844e+01
2.390028591156005859e+02 3.189179325103758345e+01 2.431550216674804688e+01 3.157754325866699219e+01
2.381313667297363281e+02 3.345255661010740766e+01 2.488396453857421875e+01 3.143489837646484375e+01
2.384971837997436523e+02 3.371502685546873579e+01 2.513739204406738281e+01 3.207909393310546875e+01
2.388186464309692383e+02 3.293633460998533735e+01 2.522728538513183594e+01 3.245143508911132812e+01
2.394809141159057617e+02 3.323611259460447798e+01 2.543958473205566406e+01 3.212900161743164062e+01
2.399650640487670898e+02 3.321507644653318891e+01 2.546500587463378906e+01 3.325782775878906250e+01
2.401666288375854492e+02 3.526814460754393821e+01 2.632022285461425781e+01 3.288082504272461648e+01
2.415520782470703125e+02 3.623466110229492188e+01 2.594140625000000000e+01 3.375916290283203125e+01
2.420484809875488281e+02 3.948139953613281250e+01 2.634107971191406250e+01 3.366340637207031250e+01
2.426589527130126953e+02 4.362405014038085938e+01 2.686932754516601562e+01 3.321739959716796875e+01
2.420131626129150391e+02 4.629403495788574219e+01 2.734745407104492188e+01 3.260174179077148438e+01
2.420478286743164062e+02 4.870804214477539062e+01 2.702629852294921875e+01 3.092893981933593750e+01
2.419573030471801758e+02 5.098045635223388672e+01 2.637483787536621094e+01 2.970580482482910156e+01
2.376857528686523438e+02 5.224339103698730469e+01 3.092082977294921875e+01 2.961713790893554688e+01
2.079715366363525391e+02 5.383987236022949219e+01 3.546438217163085938e+01 3.548571395874023438e+01
