3.250000000000000000e+02 1.380000000000000000e+02 1.800000000000000000e+01 4.500000000000000000e+01
3.248590183258056641e+02 1.389080066680908203e+02 2.104523086547851562e+01 4.369917678833007812e+01
3.260398788452148438e+02 1.396491203308105469e+02 2.061172485351562500e+01 4.348544311523437500e+01
3.273813114166259766e+02 1.401826629638671875e+02 1.968560409545898438e+01 4.405096435546875000e+01
3.284583787918090820e+02 1.400161991119384766e+02 1.904096794128417969e+01 4.258916091918945312e+01
3.292544307708740234e+02 1.390480804443359375e+02 1.906343460083007812e+01 4.602425384521484375e+01
3.301449308395385742e+02 1.382649631500244141e+02 2.031308937072753906e+01 4.686005020141601562e+01
3.302031240463256836e+02 1.382600269317626953e+02 2.067259407043457031e+01 4.602463912963867188e+01
3.298066329956054688e+02 1.383348350524902344e+02 2.073196411132812500e+01 4.634282684326171875e+01
3.310749464035034180e+02 1.380239696502685547e+02 2.168479347229003906e+01 4.752141189575195312e+01
3.326786975860595703e+02 1.396175289154052734e+02 2.368133163452148438e+01 4.657229995727539062e+01
3.327075662612915039e+02 1.397857055664062500e+02 2.708566093444824219e+01 4.720564270019531250e+01
3.354578361511230469e+02 1.400340728759765625e+02 2.549639129638671875e+01 4.724075317382812500e+01
3.358262367248535156e+02 1.396634845733642578e+02 2.802960968017578125e+01 4.729708480834960938e+01
3.350311279296875000e+02 1.403229179382324219e+02 3.037568664550781250e+01 4.755211639404296875e+01
3.371905088424682617e+02 1.387998123168945312e+02 2.870858192443847656e+01 4.924000549316406250e+01
3.383418836593627930e+02 1.397628593444824219e+02 2.894008827209472656e+01 4.938965606689453125e+01
3.425228605270385742e+02 1.400658130645751953e+02 2.598775672912597656e+01 4.887295150756835938e+01
3.474549875259399414e+02 1.392189159393310547e+02 1.973278617858886719e+01 4.878052139282226562e+01
3.502142839431762695e+02 1.391977787017822266e+02 1.793784141540527344e+01 4.829005813598632812e+01
3.533606853485107422e+02 1.395720386505126953e+02 1.579302597045898438e+01 4.735783767700195312e+01
3.550780582427978516e+02 1.392444858551025391e+02 1.572400283813476562e+01 4.838536453247070312e+01
3.568675842285156250e+02 1.394283218383789062e+02 1.580503845214843750e+01 4.886239624023437500e+01
3.578774147033691406e+02 1.401895503997802734e+02 1.796743774414062500e+01 4.805614089965820312e+01
3.587328100204467773e+02 1.411110897064208984e+02 1.976562690734863281e+01 4.663230514526367188e+01
3.589318122863769531e+02 1.419080066680908203e+02 2.101478576660156250e+01 4.575490951538085938e+01
3.592337512969970703e+02 1.420194149017333984e+02 2.395296096801757812e+01 4.640707778930664062e+01
3.606701602935791016e+02 1.420105648040771484e+02 2.490506362915039062e+01 4.700262832641601562e+01
3.624325675964355469e+02 1.418796768188476562e+02 2.251623535156250000e+01 4.768461608886718750e+01
3.635019283294677734e+02 1.418227539062500000e+02 2.158234786987304688e+01 4.735845947265625000e+01
3.661898994445800781e+02 1.416933555603027344e+02 2.020471191406250000e+01 4.845153045654296875e+01
3.683301362991333008e+02 1.417952327728271484e+02 1.803931999206542969e+01 4.822516250610351562e+01
3.699579896926879883e+02 1.417246589660644531e+02 1.762306022644042969e+01 4.920960998535156250e+01
3.718304452896118164e+02 1.412001037597656250e+02 1.861516380310058594e+01 4.900589752197265625e+01
3.729870138168334961e+02 1.412018432617187500e+02 1.840625190734863281e+01 4.902077484130859375e+01
3.735779066085815430e+02 1.418450813293457031e+02 1.901633644104003906e+01 4.882528686523437500e+01
3.736231307983398438e+02 1.427125072479248047e+02 2.371127319335937500e+01 4.761339950561523438e+01
3.751325922012329102e+02 1.417485427856445312e+02 2.592254447937011719e+01 4.822635650634765625e+01
3.757086868286132812e+02 1.428520545959472656e+02 2.739324951171875000e+01 4.774041748046875000e+01
3.767282514572143555e+02 1.440879802703857422e+02 2.792276954650878906e+01 4.759550094604492188e+01
3.768968315124511719e+02 1.424694519042968750e+02 2.810225677490234375e+01 4.845050811767578125e+01
3.781624641418457031e+02 1.425721054077148438e+02 2.721796417236328125e+01 4.826517486572265625e+01
3.808842134475708008e+02 1.434200000762939453e+02 2.503195762634277344e+01 4.833234024047851562e+01
3.841311702728271484e+02 1.417654323577880859e+02 2.145576858520507812e+01 4.899195480346679688e+01
3.860473346710205078e+02 1.426197566986083984e+02 1.973232650756835938e+01 4.879363632202148438e+01
3.898189401626586914e+02 1.413202590942382812e+02 1.708479118347167969e+01 4.949529266357421875e+01
3.922821984291076660e+02 1.407570419311523438e+02 1.590944194793701172e+01 4.882923889160156250e+01
3.946801156997680664e+02 1.415709114074707031e+02 1.557300376892089844e+01 5.093315124511718750e+01
3.956719751358032227e+02 1.411356639862060547e+02 1.560166740417480469e+01 4.942501449584960938e+01
3.975768003463745117e+02 1.423682193756103516e+02 1.737122535705566406e+01 4.961752700805664062e+01
3.987570476531982422e+02 1.438656597137451172e+02 2.121046066284179688e+01 4.708536911010742188e+01
3.990307989120483398e+02 1.438295135498046875e+02 2.282316017150878906e+01 4.865148162841796875e+01
3.991413011550903320e+02 1.442465572357177734e+02 2.488157463073730469e+01 4.883121871948242188e+01
4.005570316314697266e+02 1.438098831176757812e+02 2.276941299438476562e+01 4.967177581787109375e+01
4.036972541809082031e+02 1.441093463897705078e+02 2.367362976074218750e+01 4.840266799926757812e+01
4.060145759582519531e+02 1.443175220489501953e+02 2.032252502441406250e+01 5.079693984985351562e+01
4.079327287673950195e+02 1.445873622894287109e+02 1.948551750183105469e+01 4.986362838745117188e+01
4.108324031829833984e+02 1.449573745727539062e+02 1.802776718139648438e+01 4.950190734863281250e+01
4.124082698822021484e+02 1.441619968414306641e+02 1.836255264282226562e+01 4.803715896606445312e+01
4.131385240554809570e+02 1.444734172821044922e+02 1.898381614685058594e+01 4.846507644653320312e+01
4.144839582443237305e+02 1.443134670257568359e+02 1.969468879699707031e+01 5.009026718139648438e+01
4.155989227294921875e+02 1.449897460937500000e+02 2.206325531005859375e+01 5.121216583251953125e+01
4.145974636077880859e+02 1.448139095306396484e+02 2.477616500854492188e+01 5.085708236694335938e+01
4.146980638504028320e+02 1.462923336029052734e+02 2.871360588073730469e+01 4.933352279663085938e+01
4.145379791259765625e+02 1.493639678955078125e+02 3.130271148681640625e+01 4.742546844482421875e+01
4.160010375976562500e+02 1.464616012573242188e+02 3.098520660400390625e+01 5.037638092041015625e+01
4.173641452789306641e+02 1.490369834899902344e+02 3.134271621704101562e+01 4.915002441406250000e+01
4.213051919937133789e+02 1.472473735809326172e+02 2.779504966735839844e+01 5.098972702026367188e+01
4.240239629745483398e+02 1.464442100524902344e+02 2.500248146057128906e+01 5.089555358886718750e+01
4.276943073272705078e+02 1.459073791503906250e+02 2.360173416137695312e+01 4.875533294677734375e+01
4.317978811264038086e+02 1.454708061218261719e+02 2.133861732482910156e+01 5.104589843750000000e+01
4.351705722808837891e+02 1.459032936096191406e+02 1.860162734985351562e+01 5.185366821289062500e+01
4.384133968353271484e+02 1.461684646606445312e+02 1.694283676147460938e+01 5.166306304931640625e+01
4.402182283401489258e+02 1.465056266784667969e+02 1.747458457946777344e+01 5.126644897460937500e+01
4.408692159652709961e+02 1.469410591125488281e+02 1.987110328674316406e+01 5.061524200439453125e+01
4.415819339752197266e+02 1.468588676452636719e+02 2.407759475708007812e+01 4.904477691650390625e+01
4.431613130569458008e+02 1.468111267089843750e+02 2.591470146179199219e+01 5.004220581054687500e+01
4.442773122787475586e+02 1.476594104766845703e+02 2.726519203186035156e+01 4.986129379272460938e+01
4.488162832260131836e+02 1.440891780853271484e+02 3.113117408752441406e+01 5.411461257934570312e+01
4.520894680023193359e+02 1.447163619995117188e+02 2.853884506225585938e+01 5.419909667968750000e+01
4.550952520370483398e+02 1.456464424133300781e+02 2.516391944885253906e+01 5.332480621337890625e+01
4.559069614410400391e+02 1.447941570281982422e+02 2.271553421020507812e+01 5.242079544067382812e+01
4.541580047607421875e+02 1.455458202362060547e+02 2.462113189697265625e+01 5.008839797973632812e+01
4.584683027267456055e+02 1.457713775634765625e+02 2.631166267395019531e+01 5.050782775878906250e+01
4.583576984405517578e+02 1.441395206451416016e+02 3.230559158325195312e+01 5.344620895385742188e+01
4.556407909393310547e+02 1.421456298828125000e+02 2.854044723510742188e+01 5.831173706054687500e+01
4.536066923141479492e+02 1.443042526245117188e+02 2.580424690246582031e+01 5.423931884765625000e+01
4.540517339706420898e+02 1.424475917816162109e+02 2.862030982971191406e+01 5.299600601196289062e+01
4.448406257629394531e+02 1.436439857482910156e+02 2.581173706054687500e+01 5.221855926513671875e+01
4.472384901046752930e+02 1.426795616149902344e+02 2.260185432434082031e+01 5.271649932861328125e+01
4.409045400619506836e+02 1.420502681732177734e+02 2.957052040100097656e+01 5.279710769653320312e+01
4.388465499877929688e+02 1.416825027465820312e+02 3.121376800537109375e+01 5.513850402832031250e+01
4.357383708953857422e+02 1.419171257019042969e+02 3.441047286987304688e+01 5.426515960693359375e+01
4.327501716613769531e+02 1.419797878265380859e+02 3.596299743652343750e+01 5.297732925415039062e+01
4.322367153167724609e+02 1.427413387298583984e+02 3.394384384155273438e+01 5.338983535766601562e+01
4.308714408874511719e+02 1.415270481109619141e+02 3.221156311035156250e+01 5.378806686401367188e+01
4.311914844512939453e+02 1.413714332580566406e+02 2.687562942504882812e+01 5.167079925537109375e+01
4.314415616989135742e+02 1.418212699890136719e+02 2.800972175598144531e+01 5.076396942138671875e+01
4.299485940933227539e+02 1.392187290191650391e+02 2.209328269958496094e+01 5.281357955932617188e+01
4.280708332061767578e+02 1.418275051116943359e+02 2.246403884887695312e+01 4.887939834594726562e+01
4.261530637741088867e+02 1.423701572418212891e+02 2.433090400695800781e+01 4.811011886596679688e+01
4.245434570312500000e+02 1.420942573547363281e+02 2.407587432861328125e+01 4.865709686279296875e+01
4.242814064025878906e+02 1.423296489715576172e+02 2.599263000488281250e+01 4.927721023559570312e+01
4.209714927673339844e+02 1.412422618865966797e+02 2.901043701171875000e+01 4.963307571411132812e+01
4.182697124481201172e+02 1.438443813323974609e+02 2.629044723510742188e+01 4.666273880004882812e+01
4.162362222671508789e+02 1.431838264465332031e+02 3.017181968688964844e+01 4.734696197509765625e+01
4.155570926666259766e+02 1.426086120605468750e+02 2.676852798461914062e+01 4.731326293945312500e+01
4.146291837692260742e+02 1.425058269500732422e+02 2.483320808410644531e+01 4.657674026489257812e+01
4.123273611068725586e+02 1.425600166320800781e+02 2.437446022033691406e+01 4.618016815185546875e+01
4.110900363922119141e+02 1.409902191162109375e+02 2.272893142700195312e+01 4.739443969726562500e+01
4.082499113082885742e+02 1.399435253143310547e+02 2.484683418273925781e+01 4.633583450317382812e+01
4.056074028015136719e+02 1.405990066528320312e+02 2.482081604003906250e+01 4.575489807128906250e+01
4.037035980224609375e+02 1.397273578643798828e+02 2.353568267822265625e+01 4.831516647338867188e+01
3.992975273132324219e+02 1.397407531738281250e+02 1.982937622070312500e+01 4.646409606933593750e+01
3.938288621902465820e+02 1.395595474243164062e+02 2.131747245788574219e+01 4.631067657470703125e+01
3.858627309799194336e+02 1.388557128906250000e+02 2.209532356262207031e+01 4.565959167480468750e+01
3.781224203109741211e+02 1.389082508087158203e+02 2.164831733703613281e+01 4.603016281127929688e+01
3.703669509887695312e+02 1.397953948974609375e+02 2.163054656982421875e+01 4.486045837402343750e+01
3.602062721252441406e+02 1.385398559570312500e+02 2.655815887451171875e+01 4.758737182617187500e+01
3.520670881271362305e+02 1.383426780700683594e+02 2.488569068908691406e+01 4.612685394287109375e+01
3.416142854690551758e+02 1.378377285003662109e+02 2.402200126647949219e+01 4.663769912719726562e+01
3.302447977066040039e+02 1.370481052398681641e+02 2.159306144714355469e+01 4.632227706909179688e+01
3.189292697906494141e+02 1.351612834930419922e+02 2.326818466186523438e+01 4.802112960815429688e+01
3.080510492324829102e+02 1.362287693023681641e+02 2.517185783386230469e+01 4.724525833129882812e+01
2.991381950378417969e+02 1.348940219879150391e+02 2.161759185791015625e+01 4.805763626098632812e+01
2.933711051940917969e+02 1.350484409332275391e+02 1.865838623046875000e+01 4.762259292602539062e+01
2.849540529251098633e+02 1.350460052490234375e+02 1.838975334167480469e+01 4.687290191650390625e+01
2.780231246948242188e+02 1.357610950469970703e+02 2.014414215087890625e+01 4.692406082153320312e+01
2.687606611251831055e+02 1.349093570709228516e+02 2.259482765197753906e+01 4.659270858764648438e+01
2.625287513732910156e+02 1.373210964202880859e+02 2.898727416992187500e+01 4.527354812622070312e+01
2.586754322052001953e+02 1.369546089172363281e+02 2.510550308227539062e+01 4.706562042236328125e+01
2.554206542968750000e+02 1.371080150604248047e+02 2.283542633056640625e+01 4.538815689086914062e+01
2.498832702636718750e+02 1.361180324554443359e+02 2.156536865234375000e+01 4.564027023315429688e+01
2.460518445968627930e+02 1.352009811401367188e+02 2.054389381408691406e+01 4.537097930908203125e+01
2.408757524490356445e+02 1.357724685668945312e+02 1.970556449890136719e+01 4.537636566162109375e+01
2.366188621520996094e+02 1.355249290466308594e+02 2.042955780029296875e+01 4.547478485107421875e+01
2.273150882720947266e+02 1.348004627227783203e+02 2.192403030395507812e+01 4.382437515258789062e+01
2.226259603500366211e+02 1.339159908294677734e+02 2.020929908752441406e+01 4.619938278198242188e+01
2.160959615707397461e+02 1.332509651184082031e+02 2.253122138977050781e+01 4.716602325439453125e+01
2.097182722091674805e+02 1.345721149444580078e+02 2.240710639953613281e+01 4.634608078002929688e+01
2.033280286788940430e+02 1.338360576629638672e+02 2.344581031799316406e+01 4.671971511840820312e+01
1.968564214706420898e+02 1.338999328613281250e+02 2.654361152648925781e+01 4.604780578613281250e+01
1.923258190155029297e+02 1.349475822448730469e+02 3.080980300903320312e+01 4.507471466064453125e+01
1.856920099258422852e+02 1.354427433013916016e+02 2.841068840026855469e+01 4.655451583862304688e+01
1.823870067596435547e+02 1.351000919342041016e+02 2.888006973266601562e+01 4.404146957397460938e+01
1.779094619750976562e+02 1.345036525726318359e+02 3.132211303710937500e+01 4.639471817016601562e+01
1.715360469818115234e+02 1.360496997833251953e+02 2.666763687133789062e+01 4.622666549682617188e+01
1.642341613769531250e+02 1.339636135101318359e+02 2.449359130859375000e+01 4.617952346801757812e+01
1.587042684555053711e+02 1.337653026580810547e+02 2.368776893615722656e+01 4.600943374633789062e+01
1.529148406982421875e+02 1.339768657684326172e+02 2.490012359619140625e+01 4.692050552368164062e+01
1.476505041122436523e+02 1.335252819061279297e+02 3.193142127990722656e+01 4.724480056762695312e+01
1.419915399551391602e+02 1.343343601226806641e+02 3.025151634216308594e+01 4.793478012084960938e+01
1.336065101623535156e+02 1.342481002807617188e+02 3.050903320312500000e+01 4.587385559082031250e+01
1.220747251510620117e+02 1.339583282470703125e+02 3.045907020568847656e+01 4.783686828613281250e+01
1.120694808959960938e+02 1.357985305786132812e+02 3.062913513183593750e+01 4.598600769042968750e+01
1.062753782272338867e+02 1.332008094787597656e+02 2.652933692932128906e+01 4.681137847900390625e+01
9.734575462341308594e+01 1.364536457061767578e+02 2.656741714477539062e+01 4.401752853393554688e+01
8.755140781402587891e+01 1.356586284637451172e+02 2.869005393981933594e+01 4.546722793579101562e+01
8.261573696136474609e+01 1.368072700500488281e+02 2.507991981506347656e+01 4.526981353759765625e+01
7.027293395996093750e+01 1.352538166046142578e+02 2.467340850830078125e+01 4.618062973022460938e+01
5.849281692504882812e+01 1.352681236267089844e+02 2.815306854248046875e+01 4.773113250732421875e+01
4.786344432830810547e+01 1.343653488159179688e+02 2.371734046936035156e+01 4.680754089355468750e+01
3.461801147460937500e+01 1.349750995635986328e+02 2.436975097656250000e+01 4.633304977416992188e+01
2.386362266540527344e+01 1.361005649566650391e+02 2.506214523315429688e+01 4.468970870971679688e+01
1.880435848236083984e+01 1.362598838806152344e+02 2.351099586486816406e+01 4.584654998779296875e+01
1.209333992004394531e+01 1.356465396881103516e+02 2.563457107543945312e+01 4.736809921264648438e+01
6.455673217773437500e+00 1.355289058685302734e+02 2.633730316162109375e+01 4.812300491333007812e+01
2.694712638854980469e+00 1.375909843444824219e+02 3.186224555969238281e+01 4.371639251708984375e+01
4.913892745971679688e-01 1.375494346618652344e+02 2.905496406555175781e+01 4.575074005126953125e+01
0.000000000000000000e+00 1.421177539825439453e+02 2.618915939331054688e+01 4.498194503784179688e+01
0.000000000000000000e+00 1.490888710021972656e+02 2.283801555633544922e+01 3.850128936767578125e+01
1.703295707702636719e-01 1.473391056060791016e+02 2.029771041870117188e+01 4.348022842407226562e+01
0.000000000000000000e+00 1.461616230010986328e+02 1.895878458023071289e+01 4.519771194458007812e+01
0.000000000000000000e+00 1.416897106170654297e+02 1.651587986946105957e+01 4.368806838989257812e+01
0.000000000000000000e+00 1.403110847473144531e+02 2.299187624454498291e+01 4.410221099853515625e+01
0.000000000000000000e+00 1.354172859191894531e+02 3.208463555574417114e+01 4.926277923583984375e+01
7.708623319864273071e+00 1.363972396850585938e+02 3.973950195312500000e+01 4.829997253417968750e+01
6.762088209390640259e+00 1.382598438262939453e+02 4.171005630493164062e+01 5.205279159545898438e+01
3.422603040933609009e+00 1.416939258575439453e+02 3.369884109497070312e+01 5.297809982299804688e+01
6.903070509433746338e-01 1.397720947265625000e+02 4.728153610229492188e+01 5.062728881835937500e+01
4.289174467325196360e+00 1.401203536987304688e+02 4.719601440429687500e+01 7.679304504394531250e+01
8.734218031167969798e+00 1.462236328125000000e+02 6.070412063598632812e+01 8.254479980468750000e+01
7.694921055436132917e+01 1.280495910644531250e+02 5.720223617553712359e+01 1.005469665527343750e+02
7.983000317215919495e+01 1.180569877624511719e+02 6.190491485595703125e+01 9.057547760009765625e+01
6.258027783036231995e+01 1.339228248596191406e+02 6.078131866455078125e+01 8.910170745849609375e+01
6.471564045548439026e+01 1.334291381835937500e+02 5.869635391235351562e+01 8.999169921875000000e+01
6.048308697342872620e+01 1.252487487792968750e+02 6.354790496826171875e+01 8.389813232421875000e+01
4.773467388749122620e+01 1.271198387145996094e+02 6.551830291748046875e+01 9.182083892822265625e+01
5.174552288651466370e+01 1.298265571594238281e+02 6.888060760498046875e+01 8.388448333740234375e+01
3.542663326859474182e+01 1.262421493530273438e+02 6.440925598144531250e+01 8.473237609863281250e+01
2.922117748856544495e+01 1.270179481506347656e+02 8.739301300048828125e+01 8.036650848388671875e+01
1.005854550004005432e+01 1.222003173828125000e+02 9.001295471191406250e+01 8.545709228515625000e+01
2.881373348832130432e+01 1.216609725952148438e+02 7.147654724121093750e+01 9.403718566894531250e+01
1.678062573075294495e+01 1.231038894653320312e+02 8.165854644775390625e+01 8.065339660644531250e+01
1.523051586747169495e+01 1.221809730529785156e+02 7.253870391845703125e+01 9.314415740966796875e+01
0.000000000000000000e+00 1.251326026916503906e+02 9.248215618729591370e+01 8.374758148193359375e+01
1.782325048744678497e+01 1.287382545471191406e+02 9.954409027099609375e+01 8.410369110107421875e+01
9.588761046528816223e+00 1.187570991516113281e+02 9.086215972900390625e+01 9.068926239013671875e+01
3.225959463417530060e+01 1.310290718078613281e+02 8.546528625488281250e+01 7.689504241943359375e+01
0.000000000000000000e+00 1.257648696899414062e+02 7.778573675453662872e+01 8.805769348144531250e+01
8.484745360910892487e+00 1.318369255065917969e+02 8.401042938232421875e+01 8.162009429931640625e+01
5.742122683674097061e+01 1.454585742950439453e+02 1.000495758056640625e+02 5.844527816772460938e+01
5.676964984089136124e+01 1.322986984252929688e+02 9.089475250244140625e+01 7.354182434082031250e+01
5.581182131916284561e+01 1.303910179138183594e+02 9.232838439941406250e+01 7.104380035400390625e+01
6.616540179401636124e+01 1.232317848205566406e+02 8.834146881103515625e+01 8.255123138427734375e+01
0.000000000000000000e+00 1.152801017761230469e+02 6.774707827717065811e+01 9.126520538330078125e+01
1.581187455728650093e+01 1.197847023010253906e+02 6.853342437744140625e+01 9.840035247802734375e+01
3.777946488931775093e+01 1.328993110656738281e+02 9.220713043212890625e+01 7.566353607177734375e+01
3.380197923257946968e+01 1.377016906738281250e+02 1.019244003295898438e+02 6.768777465820312500e+01
3.373410813882946968e+01 1.465210647583007812e+02 1.030344161987304688e+02 5.770259094238281250e+01
3.450950257852673531e+01 1.349910049438476562e+02 9.281608581542968750e+01 7.196684265136718750e+01
3.031438081339001656e+01 1.367672920227050781e+02 1.022414855957031250e+02 7.105129241943359375e+01
2.559943406656384468e+01 1.411156272888183594e+02 1.076918563842773438e+02 6.526490020751953125e+01
2.564715974405407906e+01 1.443262062072753906e+02 1.016456604003906250e+02 6.211644744873046875e+01
2.241684739664196968e+01 1.479793262481689453e+02 1.007417831420898438e+02 6.165023422241210938e+01
1.936489884927868843e+01 1.404767723083496094e+02 1.047106704711914062e+02 6.937796783447265625e+01
1.755396287515759468e+01 1.500452136993408203e+02 1.013276596069335938e+02 5.396734237670898438e+01
2.385462586954236031e+01 1.314851493835449219e+02 9.903071594238281250e+01 7.209500885009765625e+01
2.431209962442517281e+01 1.289345359802246094e+02 9.465745544433593750e+01 7.631366729736328125e+01
1.957786195352673531e+01 1.273498916625976562e+02 1.027762298583984375e+02 7.831736755371093750e+01
1.182413499429821968e+01 1.348948554992675781e+02 1.134001388549804688e+02 7.438256072998046875e+01
1.287374894693493843e+01 1.309396476745605469e+02 1.067096633911132812e+02 7.656742095947265625e+01
1.296000688150525093e+01 1.265177497863769531e+02 1.021472549438476562e+02 7.920012664794921875e+01
1.427425019815564156e+01 1.198546867370605469e+02 1.071192321777343750e+02 8.575992584228515625e+01
5.990780044347047806e+00 1.292716560363769531e+02 1.000746307373046875e+02 7.843404388427734375e+01
1.144300859048962593e+01 1.256176223754882812e+02 9.886600494384765625e+01 7.740373229980468750e+01
1.231387727335095406e+01 1.149337768554687500e+02 9.165707397460937500e+01 9.489294433593750000e+01
4.234096694737672806e+00 1.091915969848632812e+02 1.002379913330078125e+02 9.620542907714843750e+01
2.787308137491348248e+01 8.528533935546877842e+01 1.083523254394531250e+02 1.273129577636718750e+02
5.981891799718169977e+00 1.137698516845703409e+02 1.042454833984375000e+02 9.928402709960937500e+01
4.321964431554107477e+00 1.061575088500976847e+02 7.768807983398437500e+01 1.039924163818359375e+02
1.401615159586074810e+01 1.158468742370605753e+02 7.325716400146484375e+01 8.717707061767578125e+01
6.189525771886138727e+00 1.217839965820312784e+02 6.065144348144531250e+01 8.204196166992187500e+01
6.618429351598052790e+00 1.295164299011230753e+02 6.362093734741210938e+01 7.519226837158203125e+01
1.024395156651763727e+00 1.271072158813476847e+02 6.658134460449218750e+01 7.443711853027343750e+01
5.246711898595123102e+00 1.214004974365234659e+02 6.437319183349609375e+01 7.983752441406250000e+01
2.964965987950591852e+00 1.261161422729492472e+02 4.860242462158203125e+01 7.409403991699218750e+01
3.136638808995513727e+00 1.276320991516113565e+02 4.791603088378906250e+01 6.899707794189453125e+01
6.251573730260162165e+00 1.249211959838867472e+02 5.149820327758789062e+01 7.520051574707031250e+01
1.341573484242104541e-01 1.301719551086425781e+02 3.534173965454101562e+01 6.043521881103515625e+01
1.736725021153702642e+00 1.257819557189941406e+02 4.102004241943359375e+01 7.187882232666015625e+01
3.537670303136124517e+00 1.219111938476562500e+02 4.801358032226562500e+01 7.435794067382812500e+01
1.703650109842421045e+01 1.209074783325195312e+02 6.084373855590820312e+01 7.827128601074218750e+01
6.635860610753312017e+00 1.179522209167480469e+02 8.439843750000000000e+01 9.258646392822265625e+01
1.300156213529407978e+02 1.029507980346679688e+02 7.848687744140625000e+01 8.376631164550781250e+01
1.310201455838978291e+02 1.035642204284667969e+02 7.377888488769531250e+01 8.332798004150390625e+01
1.346756784208118916e+02 1.129698524475097656e+02 6.733955383300781250e+01 7.205184173583984375e+01
1.394246217496693134e+02 1.197981986999511719e+02 5.988784027099609375e+01 6.048108673095703125e+01
1.381996957547962666e+02 1.070823020935058594e+02 5.208380126953125000e+01 7.557537078857421875e+01
1.343801919706165791e+02 1.080602874755859375e+02 5.326483154296875000e+01 6.972637939453125000e+01
1.214174043424427509e+02 1.001060295104980469e+02 4.499430084228515625e+01 7.940482330322265625e+01
1.354000531919300556e+02 1.065014419555664062e+02 4.690095138549804688e+01 7.385639953613281250e+01
1.251144468076527119e+02 1.078130302429199219e+02 4.173153305053710938e+01 7.595847320556640625e+01
1.442623464353382587e+02 1.183086433410644531e+02 4.101150894165039062e+01 6.479039764404296875e+01
1.268565694577991962e+02 1.180434646606445312e+02 4.616939163208007812e+01 6.402900695800781250e+01
1.330075341947376728e+02 1.200002899169921875e+02 4.334986877441406250e+01 6.575253295898437500e+01
1.389620095975697041e+02 1.193642311096191406e+02 3.882843017578125000e+01 6.535691070556640625e+01
1.391305600889027119e+02 1.228271465301513672e+02 3.872565841674804688e+01 6.209495925903320312e+01
1.393364431150257587e+02 1.224800701141357422e+02 3.442128372192382812e+01 5.981387710571289062e+01
1.410232030637562275e+02 1.218169193267822266e+02 3.780011367797851562e+01 5.992461776733398438e+01
1.458781196363270283e+02 1.224151248931884766e+02 3.158860206604003906e+01 6.067741012573242188e+01
1.473474790342152119e+02 1.259447650909423828e+02 3.060183334350585938e+01 5.801694869995117188e+01
1.490822936780750751e+02 1.257800903320312500e+02 2.781511116027832031e+01 5.817163085937500000e+01
1.524352924115955830e+02 1.214385662078857422e+02 2.463079643249511719e+01 6.224364089965820312e+01
1.519121953733265400e+02 1.202124176025390625e+02 2.528462600708007812e+01 6.182133483886718750e+01
1.509243366010487080e+02 1.189005775451660156e+02 2.367458915710449219e+01 6.302498626708984375e+01
1.508167106397449970e+02 1.191759319305419922e+02 2.195249366760253906e+01 6.193710708618164062e+01
1.507254859693348408e+02 1.190233707427978516e+02 2.194455909729003906e+01 6.038856124877929688e+01
1.506415778882801533e+02 1.193819217681884766e+02 2.243822669982910156e+01 5.661625289916992188e+01
1.503221046216785908e+02 1.187854404449462891e+02 2.575013160705566406e+01 5.541326522827148438e+01
1.487567245252430439e+02 1.191148948669433594e+02 3.022429084777832031e+01 5.550301361083984375e+01
1.497733232267200947e+02 1.172905063629150391e+02 3.161470794677734375e+01 5.772249984741210938e+01
1.497454196698963642e+02 1.177210826873779297e+02 2.985966300964355469e+01 5.673544692993164062e+01
1.501239454038441181e+02 1.145465087890625000e+02 3.049546432495117188e+01 5.922753906250000000e+01
1.496061565168201923e+02 1.173655261993408203e+02 2.765883445739746094e+01 5.528312301635742188e+01
1.515273467786610126e+02 1.149265708923339844e+02 2.329713630676269531e+01 5.598386383056640625e+01
1.507644864805042744e+02 1.168589744567871094e+02 2.383228683471679688e+01 5.360614776611328125e+01
1.528456756360828876e+02 1.158555126190185547e+02 2.231132698059082031e+01 5.471625137329101562e+01
1.515601798780262470e+02 1.151804656982421875e+02 2.125350379943847656e+01 5.362876892089843750e+01
1.512184736020863056e+02 1.148910884857177734e+02 2.115960311889648438e+01 5.427330398559570312e+01
1.497155982740223408e+02 1.147214736938476562e+02 2.125876808166503906e+01 5.457116699218750000e+01
1.486253968961536884e+02 1.140548801422119141e+02 2.343297576904296875e+01 5.377202987670898438e+01
1.483523179776966572e+02 1.133060626983642578e+02 2.816280364990234375e+01 5.305472946166992188e+01
1.450283405072987080e+02 1.230725383758544922e+02 3.034013175964355469e+01 4.446301651000976562e+01
1.458084003217518330e+02 1.151768856048583984e+02 2.869564628601074219e+01 5.458998489379882812e+01
1.442640325315296650e+02 1.133707981109619141e+02 3.371745681762695312e+01 5.622510910034179688e+01
1.438977205045521259e+02 1.129079380035400391e+02 3.404198455810546875e+01 5.477953720092773438e+01
1.457430993802845478e+02 1.118912487030029297e+02 3.071690368652343750e+01 5.605551528930664062e+01
1.494940416105091572e+02 1.146747894287109375e+02 2.463294219970703125e+01 5.418057250976562500e+01
1.536155292280018330e+02 1.128324737548828125e+02 1.954171562194824219e+01 5.458480834960937500e+01
1.542187625654041767e+02 1.118432083129882812e+02 1.854533195495605469e+01 5.351846313476562500e+01
1.557368308790028095e+02 1.117528724670410156e+02 1.654068946838378906e+01 5.423433685302734375e+01
1.551722547300159931e+02 1.111727123260498047e+02 1.725971603393554688e+01 5.537910842895507812e+01
1.550524570234119892e+02 1.110204524993896484e+02 1.758587455749511719e+01 5.470424270629882812e+01
1.535977708585560322e+02 1.109235153198242188e+02 2.234618377685546875e+01 5.393678283691406250e+01
1.497857600934803486e+02 1.113075275421142578e+02 2.345351219177246094e+01 5.256992721557617188e+01
1.494120151288807392e+02 1.100579643249511719e+02 2.674688529968261719e+01 5.317140960693359375e+01
1.455206224210560322e+02 1.107937831878662109e+02 2.787726593017578125e+01 5.241691970825195312e+01
1.454672891385853291e+02 1.091910705566406250e+02 3.194898986816406250e+01 5.376408386230468750e+01
1.501507913358509541e+02 1.094847373962402344e+02 2.458535766601562500e+01 5.423186492919921875e+01
1.533306752927601337e+02 1.073939876556396484e+02 2.152455520629882812e+01 5.592467117309570312e+01
1.533601543195545673e+02 1.074604053497314453e+02 2.217709922790527344e+01 5.487083053588867188e+01
1.493292752988636494e+02 1.072792377471923828e+02 2.036718368530273438e+01 5.423214340209960938e+01
1.502028819806873798e+02 1.109639396667480469e+02 1.817983055114746094e+01 5.039728546142578125e+01
1.427683097608387470e+02 1.101166267395019531e+02 2.046566200256347656e+01 5.475974273681640625e+01
1.383933765180408955e+02 1.120405864715576172e+02 2.062386894226074219e+01 5.374783706665039062e+01
1.317351104505360126e+02 1.119367122650146484e+02 1.968230628967285156e+01 5.347650527954101562e+01
1.228882819898426533e+02 1.125868110656738281e+02 2.475193977355957031e+01 5.377080535888671875e+01
1.072261688001453876e+02 1.168825626373291016e+02 2.420829963684082031e+01 5.012443161010742188e+01
9.192124002054333687e+01 1.152285804748535156e+02 2.557509231567382812e+01 5.277182769775390625e+01
7.776784722879528999e+01 1.174440250396728516e+02 2.856715011596679688e+01 5.180039596557617188e+01
6.489551179483532906e+01 1.205248107910156250e+02 2.984032440185546875e+01 5.229652404785156250e+01
6.780102746561169624e+01 1.163738441467285156e+02 3.146917343139648438e+01 5.475466156005859375e+01
6.854934327676892281e+01 1.087208843231201172e+02 2.605411529541015625e+01 6.156174087524414062e+01
6.325345914438366890e+01 1.193793239593505859e+02 2.397483253479003906e+01 5.109364700317382812e+01
6.263499085977673531e+01 1.155561618804931641e+02 2.356415557861328125e+01 5.466688156127929688e+01
5.835142152383923531e+01 1.147916793823242188e+02 2.593608856201171875e+01 5.693246459960937500e+01
5.914742105081677437e+01 1.153601779937744141e+02 2.408269119262695312e+01 5.539826583862304688e+01
5.347962777689099312e+01 1.149381828308105469e+02 2.179570388793945312e+01 5.583023834228515625e+01
5.371012609079480171e+01 1.152329292297363281e+02 2.601691246032714844e+01 5.563869476318359375e+01
4.703462808206677437e+01 1.141460971832275391e+02 2.433737564086914062e+01 5.735103988647460938e+01
5.079120748117566109e+01 1.150622997283935547e+02 2.578022575378417969e+01 5.519894790649414062e+01
4.558106725290417671e+01 1.154164009094238281e+02 2.577554893493652344e+01 5.417162322998046875e+01
3.911184613779187202e+01 1.145422630310058594e+02 2.702748298645019531e+01 5.590666961669921875e+01
3.565365140512585640e+01 1.149000320434570312e+02 2.496509742736816406e+01 5.488499450683593750e+01
2.894372098520398140e+01 1.140004978179931641e+02 2.299534034729003906e+01 5.395739364624023438e+01
3.325658624246716499e+01 1.121974143981933594e+02 2.821693038940429688e+01 5.386748504638671875e+01
2.824129598215222359e+01 1.121748161315917969e+02 2.766845512390136719e+01 5.272849273681640625e+01
2.545641248300671577e+01 1.120148677825927734e+02 2.897654914855957031e+01 5.141011428833007812e+01
2.027836721017956734e+01 1.124287128448486328e+02 2.822776603698730469e+01 4.971413803100585938e+01
1.670434110239148140e+01 1.043755893707275391e+02 2.960369300842285156e+01 5.468818283081054688e+01
5.504383254796266556e+00 1.114253234863281250e+02 3.471942901611328125e+01 5.753465270996093750e+01
7.146356750279664993e+00 1.402492218017578125e+02 4.832688522338867188e+01 5.216773986816406250e+01
3.282053161412477493e+00 1.366510925292968750e+02 4.106495285034179688e+01 5.208468627929687500e+01
7.507045913487672806e+00 1.385521354675292969e+02 5.282784271240234375e+01 4.996183013916015625e+01
1.066864793375133047e+01 1.410728416442871094e+02 7.557684326171875000e+01 5.135872650146484375e+01
1.500846498087047109e+01 1.339817314147949219e+02 1.060578536987304688e+02 5.956069183349609375e+01
8.432978456094859609e+01 8.423853302001953125e+01 6.106420135498048296e+01 1.075533142089843750e+02
6.289315812662243843e+01 6.986141586303710938e+01 9.219844055175781250e+01 1.160444869995117188e+02
6.241794221475720406e+01 7.310831069946289062e+01 8.670740509033203125e+01 1.208767471313476562e+02
7.955122773721814156e+01 7.212757110595703125e+01 6.526682281494140625e+01 1.203521118164062500e+02
6.753666703775525093e+01 7.507006454467773438e+01 6.615248107910156250e+01 1.100235519409179688e+02
6.960037248209118843e+01 7.359541320800781250e+01 6.683097839355468750e+01 1.240923919677734375e+02
4.035456483438611031e+01 8.601108169555664062e+01 7.866875457763671875e+01 9.849689483642578125e+01
5.063360230997204781e+01 7.406022644042968750e+01 7.138521575927734375e+01 1.059481353759765625e+02
6.014914720132946968e+01 8.010026931762695312e+01 6.517480468750000000e+01 1.137094192504882812e+02
3.684340303018689156e+01 7.638289260864257812e+01 8.135288238525390625e+01 9.893112945556640625e+01
5.113324754312634468e+01 7.073883819580078125e+01 6.885433959960937500e+01 1.233849487304687500e+02
5.788756005838513374e+01 7.022392272949218750e+01 6.204920578002929688e+01 1.146254119873046875e+02
5.213003175333142281e+01 8.733327102661132812e+01 6.405324554443359375e+01 1.006845169067382812e+02
4.563743608072400093e+01 7.609724426269531250e+01 6.927043151855468750e+01 1.014193267822265625e+02
4.922260301187634468e+01 8.560437011718750000e+01 6.603900146484375000e+01 1.008950042724609375e+02
4.832580964639782906e+01 6.984481811523437500e+01 7.250540924072265625e+01 1.094387664794921875e+02
4.597538774088025093e+01 8.194541549682617188e+01 7.207350158691406250e+01 9.978087615966796875e+01
6.507771699503064156e+01 6.999537658691406250e+01 5.577817535400390625e+01 1.389233551025390625e+02
2.940642945840954781e+01 7.418364334106445312e+01 1.009086227416992188e+02 1.138414688110351562e+02
5.328163163736462593e+01 6.711595535278320312e+01 7.193605041503906250e+01 1.216753616333007812e+02
2.906837480142712593e+01 8.256631469726562500e+01 8.326930236816406250e+01 1.008478546142578125e+02
1.602870004251599312e+01 7.113938140869140625e+01 6.106276321411132812e+01 1.012691040039062500e+02
4.963507478311657906e+01 7.765082931518554688e+01 7.116300201416015625e+01 1.079565353393554688e+02
3.680364244058728218e+01 7.301335144042968750e+01 8.182864379882812500e+01 1.018673248291015625e+02
5.314107911661267281e+01 6.947621917724609375e+01 6.843126678466796875e+01 1.175046997070312500e+02
3.511925904825329781e+01 7.745268249511718750e+01 8.665477752685546875e+01 1.041863861083984375e+02
5.391737382486462593e+01 7.775691604614257812e+01 6.503712463378906250e+01 1.145315017700195312e+02
3.223069017007946968e+01 6.872006225585937500e+01 7.955798339843750000e+01 1.060940093994140625e+02
4.329006593301892281e+01 7.229262161254882812e+01 7.883556365966796875e+01 1.185127334594726562e+02
3.264348237589001656e+01 7.482078170776367188e+01 6.634683990478515625e+01 1.071177597045898438e+02
5.868698709085583687e+01 7.923659896850585938e+01 5.283478164672851562e+01 1.118696823120117188e+02
2.391278092935681343e+01 8.343810272216796875e+01 6.079626464843750000e+01 8.395614624023437500e+01
3.789925782755017281e+01 8.776943969726562500e+01 6.540738677978515625e+01 9.086061096191406250e+01
6.075212876871228218e+01 8.142460632324218750e+01 5.247782897949218750e+01 9.946919250488281250e+01
6.203636186197400093e+01 7.884005355834960938e+01 5.491818237304687500e+01 1.056830978393554688e+02
5.847832696512341499e+01 8.030786895751953125e+01 5.512589645385742188e+01 1.013733825683593750e+02
4.254000680521130562e+01 8.613204574584960938e+01 5.567569351196289062e+01 9.384261322021484375e+01
4.772993486002087593e+01 8.089199829101562500e+01 5.876257324218750000e+01 9.900196838378906250e+01
5.127602975443005562e+01 8.055167007446289062e+01 6.084515762329101562e+01 1.017569961547851562e+02
4.967959039285778999e+01 8.892832946777343750e+01 6.103400802612304688e+01 9.301115417480468750e+01
4.366208283975720406e+01 8.868596267700195312e+01 7.548772430419921875e+01 9.442969512939453125e+01
4.740789048746228218e+01 7.221610641479492188e+01 6.737654113769531250e+01 1.203492355346679688e+02
5.594863717630505562e+01 6.635018157958984375e+01 6.283807754516601562e+01 1.351989440917968750e+02
3.575671784952282906e+01 8.731864547729492188e+01 6.411766815185546875e+01 8.975695037841796875e+01
6.097810571268200874e+01 7.823976135253906250e+01 5.416854476928710938e+01 1.216981353759765625e+02
5.567662255838513374e+01 7.921662139892578125e+01 6.319414901733398438e+01 1.079880676269531250e+02
5.687322061136364937e+01 8.015425872802734375e+01 5.679616165161132812e+01 1.052531127929687500e+02
5.769308679178357124e+01 8.319367218017578125e+01 6.313897323608398438e+01 9.733721923828125000e+01
5.594994371011853218e+01 7.702297973632812500e+01 6.863822937011718750e+01 1.078696746826171875e+02
3.981382005289196968e+01 7.252382278442382812e+01 9.473472595214843750e+01 9.912613677978515625e+01
4.071276109293103218e+01 8.061799621582031250e+01 7.325016784667968750e+01 1.001072540283203125e+02
5.936667840555310249e+01 7.925469207763671875e+01 6.119327926635742188e+01 1.159987487792968750e+02
3.550321214273571968e+01 8.064367294311523438e+01 7.224098205566406250e+01 9.553978729248046875e+01
6.784133355692028999e+01 7.358439254760742188e+01 4.976014328002929688e+01 1.169873886108398438e+02
5.738387506082653999e+01 7.980538177490234375e+01 6.348859786987304688e+01 1.015885314941406250e+02
5.882074754312634468e+01 7.686312866210937500e+01 5.672492980957031250e+01 1.028674468994140625e+02
5.895852868631482124e+01 8.053990173339843750e+01 6.034280014038085938e+01 1.052111358642578125e+02
5.601725595071911812e+01 7.797496414184570312e+01 6.305206680297851562e+01 1.019581375122070312e+02
6.725690286234021187e+01 7.996284103393554688e+01 5.525789260864257812e+01 1.068257675170898438e+02
6.749661653116345406e+01 8.153254318237304688e+01 5.621459197998046875e+01 9.973027801513671875e+01
6.349371354654431343e+01 8.074676513671875000e+01 6.083291625976562500e+01 1.000898590087890625e+02
6.941307656839489937e+01 7.846281433105468750e+01 5.702153396606445312e+01 9.978855895996093750e+01
7.094730203226208687e+01 8.792076492309570312e+01 5.838728713989257812e+01 8.894974517822265625e+01
