8.400000000000000000e+01 1.510000000000000000e+02 9.200000000000000000e+01 1.040000000000000000e+02
9.123129653930661220e+01 1.539170227050780966e+02 9.134706878662109375e+01 9.824414062500000000e+01
1.006724166870116903e+02 1.550059776306152060e+02 8.897792053222656250e+01 9.432846832275390625e+01
1.122594680786132528e+02 1.555267333984374716e+02 8.547181701660156250e+01 9.328311157226562500e+01
1.201941223144530966e+02 1.555017738342284872e+02 8.355593872070312500e+01 9.381053924560546875e+01
1.285322341918945028e+02 1.566977958679198935e+02 8.208842468261718750e+01 8.967685699462890625e+01
1.365135002136230185e+02 1.580291061401366903e+02 8.182047271728515625e+01 8.658985900878906250e+01
1.437111549377441122e+02 1.581057167053222372e+02 8.002852630615234375e+01 8.668321990966796875e+01
1.508698806762695028e+02 1.585085144042968466e+02 7.719816589355468750e+01 8.607888793945312500e+01
1.570662460327148153e+02 1.582787399291991903e+02 7.672911071777343750e+01 8.528254699707031250e+01
1.650166893005370810e+02 1.583715629577636435e+02 7.423023223876953125e+01 8.432730865478515625e+01
1.685511474609374716e+02 1.598330307006835653e+02 7.374740600585937500e+01 8.114353942871093750e+01
1.794664726257323935e+02 1.609941940307616903e+02 6.953931427001953125e+01 7.932157897949218750e+01
1.829250869750976278e+02 1.600516891479491903e+02 6.885237121582031250e+01 8.012202453613281250e+01
1.876888542175292685e+02 1.609015197753905966e+02 6.859073638916018467e+01 7.948898315429687500e+01
1.941834869384765625e+02 1.618043327331542685e+02 6.557180786132812500e+01 7.911460113525390625e+01
1.999255332946777344e+02 1.594681167602538778e+02 6.345499420166015625e+01 8.211997985839843750e+01
2.039728488922119141e+02 1.585060119628905966e+02 6.267054367065429688e+01 8.500268554687500000e+01
2.108839530944824219e+02 1.614848327636718466e+02 6.066974639892578125e+01 7.846948242187500000e+01
2.148735809326171875e+02 1.606092529296874716e+02 5.977529907226562500e+01 8.020974731445312500e+01
2.187941474914550781e+02 1.642251472473144247e+02 5.949712371826171875e+01 7.337496185302734375e+01
2.221547985076904297e+02 1.653964118957519247e+02 5.882126235961914062e+01 7.414723968505859375e+01
2.262112998962402344e+02 1.642572135925292685e+02 5.781833648681640625e+01 7.201056671142578125e+01
2.299922637939453125e+02 1.635277481079101278e+02 5.605154418945312500e+01 7.309883117675781250e+01
2.347689628601074219e+02 1.624858741760253622e+02 5.394574737548828125e+01 7.048284149169921875e+01
2.382817287445068359e+02 1.657008285522460653e+02 5.385455703735351562e+01 7.242370605468750000e+01
2.433945178985595703e+02 1.636717491149902060e+02 5.172550582885742188e+01 7.081266021728515625e+01
2.453631191253662109e+02 1.650881996154785156e+02 5.090327835083007812e+01 6.984621429443359375e+01
2.502197170257568359e+02 1.644267997741699219e+02 4.965672683715820312e+01 6.868436431884765625e+01
2.529984664916992188e+02 1.653567504882812500e+02 4.879083251953125000e+01 6.874520874023437500e+01
2.570817642211914062e+02 1.655469894409179688e+02 4.820257568359375000e+01 6.692251586914062500e+01
2.589447212219238281e+02 1.649590301513671875e+02 4.818486785888671875e+01 6.888865661621093750e+01
2.613510437011718750e+02 1.652484169006347656e+02 4.661662292480468750e+01 6.545795440673828125e+01
2.653765716552734375e+02 1.680654411315917969e+02 4.519082641601562500e+01 6.003670501708984375e+01
2.682307872772216797e+02 1.662627105712890625e+02 4.398184585571289062e+01 6.456756591796875000e+01
2.706540279388427734e+02 1.657696228027343750e+02 4.369052505493164062e+01 6.404051208496093750e+01
2.732774639129638672e+02 1.660079460144042969e+02 4.272742080688476562e+01 6.447101593017578125e+01
2.743028621673583984e+02 1.673804550170898438e+02 4.235118484497070312e+01 6.180023193359375000e+01
2.772661457061767578e+02 1.673368644714355469e+02 4.123929977416992188e+01 6.053716278076171875e+01
2.795745697021484375e+02 1.677778968811035156e+02 4.057507324218750000e+01 5.956700897216796875e+01
2.823037319183349609e+02 1.675381641387939453e+02 4.016949844360351562e+01 6.002968978881835938e+01
2.835666923522949219e+02 1.681700820922851562e+02 3.964461517333984375e+01 5.809710693359375000e+01
2.858066730499267578e+02 1.687601757049560547e+02 3.889649581909179688e+01 5.853789138793945312e+01
2.866819496154785156e+02 1.683191127777099609e+02 3.797483062744140625e+01 5.591374588012695312e+01
2.890728130340576172e+02 1.682784290313720703e+02 3.783974075317382812e+01 5.696235275268554688e+01
2.912248306274414062e+02 1.680751972198486328e+02 3.704629516601562500e+01 5.647295761108398438e+01
2.926316146850585938e+02 1.683637828826904297e+02 3.700329589843750000e+01 5.534170913696289062e+01
2.939698982238769531e+02 1.693053417205810547e+02 3.656749725341796875e+01 5.465715408325195312e+01
2.953154907226562500e+02 1.690827083587646484e+02 3.574818420410156250e+01 5.465983963012695312e+01
2.963632564544677734e+02 1.691825485229492188e+02 3.503668594360351562e+01 5.336697387695312500e+01
2.980792255401611328e+02 1.706384887695312500e+02 3.489414596557617188e+01 5.282788085937500000e+01
2.992878437042236328e+02 1.695655059814453125e+02 3.474866867065429688e+01 5.151919555664062500e+01
2.995185699462890625e+02 1.695219593048095703e+02 3.559809875488281250e+01 5.201409530639648438e+01
2.996622982025146484e+02 1.700589714050292969e+02 3.648199844360351562e+01 5.063320159912109375e+01
3.023592052459716797e+02 1.715424728393554688e+02 3.469260025024414062e+01 4.880728149414062500e+01
3.035230102539062500e+02 1.702899265289306641e+02 3.496726989746093750e+01 5.028757858276367188e+01
3.070075674057006836e+02 1.715146884918212891e+02 3.190843391418457031e+01 4.796277999877929688e+01
3.078258647918701172e+02 1.711472587585449219e+02 3.197175979614257812e+01 4.809929656982421875e+01
3.096845350265502930e+02 1.702161140441894531e+02 3.081620216369628906e+01 4.740529632568359375e+01
3.098513212203979492e+02 1.719733715057373047e+02 3.078264808654785156e+01 4.557301712036132812e+01
3.125089054107666016e+02 1.713694934844970703e+02 2.932217025756835938e+01 4.492637252807617188e+01
3.126727170944213867e+02 1.716117534637451172e+02 2.977727699279785156e+01 4.451343154907226562e+01
3.127722349166870117e+02 1.716876296997070312e+02 2.958834266662597656e+01 4.382398986816406250e+01
3.147166976928710938e+02 1.722467575073242188e+02 2.835861206054687500e+01 4.309883117675781250e+01
3.147849569320678711e+02 1.721184234619140625e+02 2.900734138488769531e+01 4.371922302246093750e+01
3.164013061523437500e+02 1.728368568420410156e+02 2.763497924804687500e+01 4.252208709716796875e+01
3.178799810409545898e+02 1.721950187683105469e+02 2.748655891418457031e+01 4.189250946044921875e+01
3.179199209213256836e+02 1.731046047210693359e+02 2.771870613098144531e+01 4.012366104125976562e+01
3.196066665649414062e+02 1.731374111175537109e+02 2.652963256835937500e+01 4.026749038696289062e+01
3.206590576171875000e+02 1.733115100860595703e+02 2.610122680664062500e+01 3.844184494018554688e+01
3.214938077926635742e+02 1.735401306152343750e+02 2.632355690002441406e+01 3.992884826660156250e+01
3.210829305648803711e+02 1.733819408416748047e+02 2.638646125793457031e+01 3.849129104614257812e+01
3.230070199966430664e+02 1.729965896606445312e+02 2.547976493835449219e+01 3.722528839111328125e+01
3.234951267242431641e+02 1.727002296447753906e+02 2.522903823852539062e+01 3.816935729980468750e+01
3.243496913909912109e+02 1.736482810974121094e+02 2.510426712036132812e+01 3.773557281494140625e+01
3.256612215042114258e+02 1.730546665191650391e+02 2.399313163757324219e+01 3.634389114379882812e+01
3.263192815780639648e+02 1.733048171997070312e+02 2.441687965393066406e+01 3.552270507812500000e+01
3.266975431442260742e+02 1.740424976348876953e+02 2.476612281799316406e+01 3.659669113159179688e+01
3.272729415893554688e+02 1.730774612426757812e+02 2.415044403076171875e+01 3.587342071533203125e+01
3.291632194519042969e+02 1.739563503265380859e+02 2.450560760498046875e+01 3.534505844116210938e+01
3.293891839981079102e+02 1.740505123138427734e+02 2.395641136169433594e+01 3.440678024291992188e+01
3.298023509979248047e+02 1.736128025054931641e+02 2.371539688110351562e+01 3.649403762817382812e+01
3.299476013183593750e+02 1.737570495605468750e+02 2.352581024169921875e+01 3.500668334960937500e+01
3.323755455017089844e+02 1.742752761840820312e+02 2.216284942626953125e+01 3.305739593505859375e+01
3.319125566482543945e+02 1.749679489135742188e+02 2.321909904479980469e+01 3.427063751220703125e+01
3.331369390487670898e+02 1.739265327453613281e+02 2.239216041564941406e+01 3.377121734619140625e+01
3.338668050765991211e+02 1.749132080078125000e+02 2.239927864074707031e+01 3.262670135498046875e+01
3.334787292480468750e+02 1.748414878845214844e+02 2.259772491455078125e+01 3.354370880126953125e+01
3.356455821990966797e+02 1.747454185485839844e+02 2.141572189331054688e+01 3.257836914062500000e+01
3.359011621475219727e+02 1.753139476776123047e+02 2.215344810485839844e+01 3.223086929321289062e+01
3.362607908248901367e+02 1.752199554443359375e+02 2.201259803771972656e+01 3.203905487060546875e+01
3.361712760925292969e+02 1.749740457534790039e+02 2.178156280517578125e+01 3.093498039245605469e+01
3.377046260833740234e+02 1.759316787719726562e+02 2.124242782592773438e+01 3.179998016357421875e+01
3.384233188629150391e+02 1.750936603546142578e+02 2.124534225463867188e+01 3.053277969360351562e+01
3.384065923690795898e+02 1.764403409957885742e+02 2.185224342346191406e+01 3.159491920471191406e+01
3.398130769729614258e+02 1.756276569366455078e+02 2.089005851745605469e+01 3.027859115600585938e+01
3.395536098480224609e+02 1.761908960342407227e+02 2.091457748413085938e+01 3.102737998962402344e+01
3.407964925765991211e+02 1.747870264053344727e+02 2.036316871643066406e+01 3.071167564392089844e+01
3.417808761596679688e+02 1.755269145965576172e+02 2.017339324951171875e+01 2.930968093872070312e+01
3.412510223388671875e+02 1.761911020278930664e+02 2.041467285156250000e+01 2.958818626403808594e+01
3.417785186767578125e+02 1.768629798889160156e+02 2.025308227539062500e+01 2.810097503662109375e+01
3.428621082305908203e+02 1.756180715560913086e+02 1.977793502807617188e+01 2.875650215148925781e+01
3.428017396926879883e+02 1.762957210540771484e+02 1.994618797302246094e+01 2.859598922729492188e+01
3.438403997421264648e+02 1.752699003219604492e+02 1.927771186828613281e+01 2.839974403381347656e+01
3.448553028106689453e+02 1.769707117080688477e+02 1.915282821655273438e+01 2.734962272644042969e+01
3.454650774002075195e+02 1.756756725311279297e+02 1.892332267761230469e+01 2.854239273071289062e+01
3.456439685821533203e+02 1.766437606811523438e+02 1.930755996704101562e+01 2.873033905029296875e+01
3.451916809082031250e+02 1.758798980712890625e+02 1.864090728759765625e+01 2.806721496582031250e+01
3.459636688232421875e+02 1.761296873092651367e+02 1.894838714599609375e+01 2.871001625061035156e+01
3.473472547531127930e+02 1.767383947372436523e+02 1.849892616271972656e+01 2.739019203186035156e+01
3.473014965057373047e+02 1.765831565856933594e+02 1.828577804565429688e+01 2.689282226562500000e+01
3.477327480316162109e+02 1.764473781585693359e+02 1.823148727416992188e+01 2.691505050659179688e+01
3.486853923797607422e+02 1.774412994384765625e+02 1.818400955200195312e+01 2.700507354736328125e+01
3.488538875579833984e+02 1.776167421340942383e+02 1.772325515747070312e+01 2.654048728942871094e+01
3.495194187164306641e+02 1.772075519561767578e+02 1.776250839233398438e+01 2.731125259399414062e+01
3.493292264938354492e+02 1.772874917984008789e+02 1.747178840637207031e+01 2.628570365905761719e+01
3.505331764221191406e+02 1.771915378570556641e+02 1.688491058349609375e+01 2.614299392700195312e+01
3.512455186843872070e+02 1.767100811004638672e+02 1.716317558288574219e+01 2.671918869018554688e+01
3.506032142639160156e+02 1.770998563766479492e+02 1.742169189453125000e+01 2.653927040100097656e+01
3.509814319610595703e+02 1.767631998062133789e+02 1.697318649291992188e+01 2.609535789489746094e+01
3.520879163742065430e+02 1.767429561614990234e+02 1.677864265441894531e+01 2.740053939819335938e+01
3.520262804031372070e+02 1.781290416717529297e+02 1.699783134460449219e+01 2.495840072631835938e+01
3.526421833038330078e+02 1.772543678283691406e+02 1.672477340698242188e+01 2.551203155517578125e+01
3.523857908248901367e+02 1.770857791900634766e+02 1.645399665832519531e+01 2.458429336547851562e+01
3.537483148574829102e+02 1.769909152984619141e+02 1.628957176208496094e+01 2.507602310180664062e+01
3.535831499099731445e+02 1.777543077468872070e+02 1.682645988464355469e+01 2.454395866394042969e+01
3.536915903091430664e+02 1.776176729202270508e+02 1.620453453063964844e+01 2.410909080505371094e+01
3.536531219482421875e+02 1.772184028625488281e+02 1.609678649902343750e+01 2.408972930908203125e+01
3.549649629592895508e+02 1.771036081314086914e+02 1.606565666198730469e+01 2.405190849304199219e+01
3.554770393371582031e+02 1.770658082962036133e+02 1.621477508544921875e+01 2.447363090515136719e+01
3.545317707061767578e+02 1.783974514007568359e+02 1.602495956420898438e+01 2.426891708374023438e+01
3.558491668701171875e+02 1.771521787643432617e+02 1.585304260253906250e+01 2.466436195373535156e+01
3.553554973602294922e+02 1.781615695953369141e+02 1.631428146362304688e+01 2.387978744506835938e+01
3.565367698669433594e+02 1.768797225952148438e+02 1.582707214355468750e+01 2.340010833740234375e+01
3.561796846389770508e+02 1.778965206146240234e+02 1.607212638854980469e+01 2.319696426391601562e+01
3.574134602546691895e+02 1.782138833999633789e+02 1.581522274017333984e+01 2.325751304626464844e+01
3.569933347702026367e+02 1.780742015838623047e+02 1.550051307678222656e+01 2.368228530883789062e+01
3.580528855323791504e+02 1.781395368576049805e+02 1.541932201385498047e+01 2.368712043762207031e+01
3.575826625823974609e+02 1.786254730224609375e+02 1.549094772338867188e+01 2.315278625488281250e+01
3.577125611305236816e+02 1.780479459762573242e+02 1.545558452606201172e+01 2.250789833068847656e+01
3.579209089279174805e+02 1.778073310852050781e+02 1.568929481506347656e+01 2.190903472900390625e+01
3.585496363639831543e+02 1.787552938461303711e+02 1.559200382232666016e+01 2.182355690002441406e+01
3.586049895286560059e+02 1.784605655670166016e+02 1.533562946319580078e+01 2.042485427856445312e+01
3.589628720283508301e+02 1.787032680511474609e+02 1.540940761566162109e+01 2.125572586059570312e+01
3.595699400901794434e+02 1.783434362411499023e+02 1.515000629425048828e+01 2.083278846740722656e+01
3.599124054908752441e+02 1.783371486663818359e+02 1.466829967498779297e+01 2.158740615844726562e+01
3.604029302597045898e+02 1.790034694671630859e+02 1.468190956115722656e+01 2.102848434448242188e+01
3.607286186218261719e+02 1.788731050491333008e+02 1.449005126953125000e+01 2.046358299255371094e+01
3.615474500656127930e+02 1.784660606384277344e+02 1.455584144592285156e+01 2.055921173095703125e+01
3.611501193046569824e+02 1.785121660232543945e+02 1.481522464752197266e+01 2.009355735778808594e+01
3.609015746116638184e+02 1.784210062026977539e+02 1.481457996368408203e+01 2.018979454040527344e+01
3.625899872779846191e+02 1.788982639312744141e+02 1.499504375457763672e+01 1.848424911499023438e+01
3.628996267318725586e+02 1.781655292510986328e+02 1.430059242248535156e+01 1.930967330932617188e+01
3.623733501434326172e+02 1.795961513519287109e+02 1.390964126586914062e+01 1.927627182006835938e+01
3.634105038642883301e+02 1.796009063720703125e+02 1.388362026214599609e+01 1.941672515869140625e+01
3.638781170845031738e+02 1.793002099990844727e+02 1.428220272064208984e+01 2.007714653015136719e+01
3.633902487754821777e+02 1.788071632385253906e+02 1.589314746856689453e+01 1.963941192626953125e+01
3.636652803421020508e+02 1.784071073532104492e+02 1.519818687438964844e+01 1.977377510070800781e+01
3.641113286018371582e+02 1.784088487625122070e+02 1.454926204681396484e+01 2.020847892761230469e+01
3.635204443931579590e+02 1.790044794082641602e+02 1.471075153350830078e+01 1.969179344177246094e+01
3.651102490425109863e+02 1.794170093536376953e+02 1.471620845794677734e+01 1.857692337036132812e+01
3.641959214210510254e+02 1.795995473861694336e+02 1.526327037811279297e+01 1.862339210510253906e+01
3.641391191482543945e+02 1.789147109985351562e+02 1.523932456970214844e+01 2.032004547119140625e+01
3.655249991416931152e+02 1.786381149291992188e+02 1.443643665313720703e+01 1.911038970947265625e+01
3.648662734031677246e+02 1.791067619323730469e+02 1.471793079376220703e+01 1.989334106445312500e+01
3.649864678382873535e+02 1.786293258666992188e+02 1.407683849334716797e+01 1.997872161865234375e+01
3.657260231971740723e+02 1.789133024215698242e+02 1.389372539520263672e+01 1.930507850646972656e+01
3.650516581535339355e+02 1.788068370819091797e+02 1.408396244049072266e+01 1.966425704956054688e+01
3.657369766235351562e+02 1.793136796951293945e+02 1.356966400146484375e+01 1.960167503356933594e+01
3.653131217956542969e+02 1.798150959014892578e+02 1.367036437988281250e+01 1.852654647827148438e+01
3.665738177299499512e+02 1.788760957717895508e+02 1.352062320709228516e+01 1.888458442687988281e+01
3.668349843025207520e+02 1.800471696853637695e+02 1.304804897308349609e+01 1.899096107482910156e+01
3.664715981483459473e+02 1.797156782150268555e+02 1.278219509124755859e+01 1.825209617614746094e+01
3.664706759452819824e+02 1.796019582748413086e+02 1.313530445098876953e+01 1.862430381774902344e+01
3.662565617561340332e+02 1.805636320114135742e+02 1.327223873138427734e+01 1.785241508483886719e+01
3.665731520652770996e+02 1.801835718154907227e+02 1.349134159088134766e+01 1.748977470397949219e+01
3.670600438117980957e+02 1.800298852920532227e+02 1.369881343841552734e+01 1.593956184387207031e+01
3.671010227203369141e+02 1.800409717559814453e+02 1.269639968872070312e+01 1.755234527587890625e+01
3.681234331130981445e+02 1.793566455841064453e+02 1.272953605651855469e+01 1.775814056396484375e+01
3.680810661315917969e+02 1.794352455139160156e+02 1.332985687255859375e+01 1.771311187744140625e+01
3.678974871635437012e+02 1.800967969894409180e+02 1.219857120513916016e+01 1.725955772399902344e+01
3.694689269065856934e+02 1.799944391250610352e+02 1.211406040191650391e+01 1.681899833679199219e+01
3.683023061752319336e+02 1.808014545440673828e+02 1.315173149108886719e+01 1.610588073730468750e+01
3.697629909515380859e+02 1.800738115310668945e+02 1.222263336181640625e+01 1.813134574890136719e+01
3.689342093467712402e+02 1.796803026199340820e+02 1.296698856353759766e+01 1.859512138366699219e+01
3.691210460662841797e+02 1.803994951248168945e+02 1.384350585937500000e+01 1.777344703674316406e+01
3.690288424491882324e+02 1.795923175811767578e+02 1.356569385528564453e+01 1.715135955810546875e+01
3.693873538970947266e+02 1.797808856964111328e+02 1.419538879394531250e+01 1.668328094482421875e+01
3.701468729972839355e+02 1.797650403976440430e+02 1.408854389190673828e+01 1.691221427917480469e+01
3.698331627845764160e+02 1.803908081054687500e+02 1.409646511077880859e+01 1.698465347290039062e+01
3.698584628105163574e+02 1.788646745681762695e+02 1.351205921173095703e+01 1.843635749816894531e+01
3.697879524230957031e+02 1.793268833160400391e+02 1.290015792846679688e+01 1.848207092285156250e+01
3.708098578453063965e+02 1.788747634887695312e+02 1.303223514556884766e+01 1.769563674926757812e+01
3.697997803688049316e+02 1.792547168731689453e+02 1.319791698455810547e+01 1.751387023925781250e+01
3.705749688148498535e+02 1.792696542739868164e+02 1.320027065277099609e+01 1.661983299255371094e+01
3.700313439369201660e+02 1.796599445343017578e+02 1.361776638031005859e+01 1.712329864501953125e+01
3.698865547180175781e+02 1.801561632156372070e+02 1.318561172485351562e+01 1.654597663879394531e+01
3.704293923377990723e+02 1.810459127426147461e+02 1.364632320404052734e+01 1.612106132507324219e+01
3.698503065109252930e+02 1.805802307128906250e+02 1.324403190612792969e+01 1.731948471069335938e+01
3.688008399009704590e+02 1.793909063339233398e+02 1.504699802398681641e+01 1.691930198669433594e+01
3.689622211456298828e+02 1.806570472717285156e+02 1.412400817871093750e+01 1.577101516723632812e+01
3.685371661186218262e+02 1.795651454925537109e+02 1.538746738433837891e+01 1.653704833984375000e+01
3.681090722084045410e+02 1.803742299079895020e+02 1.541736888885498047e+01 1.525553417205810547e+01
3.673550143241882324e+02 1.810535726547241211e+02 1.540915012359619141e+01 1.502241325378417969e+01
3.665153417587280273e+02 1.814613552093505859e+02 1.593368339538574219e+01 1.498923492431640625e+01
3.673536901473999023e+02 1.811146411895751953e+02 1.622982978820800781e+01 1.464322662353515625e+01
3.669802551269531250e+02 1.809484310150146484e+02 1.635753631591796875e+01 1.546370315551757812e+01
3.665957727432250977e+02 1.798429365158081055e+02 1.677785682678222656e+01 1.557092857360839844e+01
3.661762523651123047e+02 1.809119992256164551e+02 1.753308105468750000e+01 1.500613689422607422e+01
3.663059310913085938e+02 1.806350889205932617e+02 1.745853805541992188e+01 1.473377799987792969e+01
3.660041303634643555e+02 1.800433549880981445e+02 1.784432792663574219e+01 1.372561073303222656e+01
3.648003034591674805e+02 1.816445364952087402e+02 1.982724571228027344e+01 1.425454807281494141e+01
3.728171124458312988e+02 1.787097182273864746e+02 1.420823955535888672e+01 1.535954761505126953e+01
3.662256402969360352e+02 1.770871677398681641e+02 2.134269142150878906e+01 1.646794891357421875e+01
3.645505027770996094e+02 1.793891572952270508e+02 2.273333358764648438e+01 1.517798805236816406e+01
3.665568790435791016e+02 1.793498992919921875e+02 2.113339996337890625e+01 1.598862075805664062e+01
3.713076286315917969e+02 1.789651250839233398e+02 1.760958480834960938e+01 1.605906486511230469e+01
3.709404926300048828e+02 1.778703789710998535e+02 1.725681304931640625e+01 1.597894191741943359e+01
3.732636723518371582e+02 1.789018483161926270e+02 1.416063213348388672e+01 1.567778301239013672e+01
3.630813713073730469e+02 1.788835320472717285e+02 2.178472900390625000e+01 1.505453395843505859e+01
3.627564468383789062e+02 1.792929797172546387e+02 2.317932128906250000e+01 1.536298084259033203e+01
3.676554231643676758e+02 1.767115898132324219e+02 2.100270652770996094e+01 1.784273910522460938e+01
3.590123920440673828e+02 1.794419894218444824e+02 2.253111267089843750e+01 1.530342578887939453e+01
3.592525234222412109e+02 1.776951036453247070e+02 2.421533203125000000e+01 1.776387977600097656e+01
3.650871820449829102e+02 1.746952180862426758e+02 2.391805458068847656e+01 1.958429145812988281e+01
3.590625343322753906e+02 1.744284877777099609e+02 2.684356307983398438e+01 2.109133911132812500e+01
3.578943738937377930e+02 1.764393663406372070e+02 2.928976249694824219e+01 2.190161323547363281e+01
3.572677049636840820e+02 1.749437513351440430e+02 3.018968391418457031e+01 2.088891410827636719e+01
3.544710159301757812e+02 1.764914941787719727e+02 2.504855728149414062e+01 2.040293312072753906e+01
3.566960048675537109e+02 1.751202306747436523e+02 2.799430847167968750e+01 2.017452812194824219e+01
3.527521610260009766e+02 1.779005613327026367e+02 2.420590972900390625e+01 1.856815147399902344e+01
3.536511802673339844e+02 1.788492240905761719e+02 1.878264999389648438e+01 1.681389999389648438e+01
3.536944875717163086e+02 1.791835393905639648e+02 1.802178001403808594e+01 1.625676536560058594e+01
3.530811958312988281e+02 1.790555605888366699e+02 1.983920669555664062e+01 1.581690692901611328e+01
3.531676626205444336e+02 1.792816829681396484e+02 2.004290580749511719e+01 1.605207061767578125e+01
3.524483375549316406e+02 1.801813912391662598e+02 1.934535598754882812e+01 1.557161617279052734e+01
3.520953941345214844e+02 1.790910959243774414e+02 2.057850265502929688e+01 1.624025154113769531e+01
3.516602230072021484e+02 1.795610466003417969e+02 1.835184478759765625e+01 1.667670822143554688e+01
3.511114091873168945e+02 1.794010925292968750e+02 2.057942390441894531e+01 1.613061904907226562e+01
3.506791591644287109e+02 1.787923765182495117e+02 2.015933227539062500e+01 1.695486259460449219e+01
3.497490358352661133e+02 1.802726135253906250e+02 1.958717536926269531e+01 1.648337173461914062e+01
3.484819059371948242e+02 1.806551795005798340e+02 1.889391136169433594e+01 1.538953495025634766e+01
3.484966259002685547e+02 1.811669273376464844e+02 1.831871795654296875e+01 1.446995162963867188e+01
3.473663377761840820e+02 1.819246058464050293e+02 1.833983039855957031e+01 1.444145679473876953e+01
3.464140558242797852e+02 1.812636365890502930e+02 1.849386787414550781e+01 1.487927055358886719e+01
3.462685489654541016e+02 1.810361022949218750e+02 1.847183990478515625e+01 1.491505813598632812e+01
3.456248664855957031e+02 1.813059687614440918e+02 1.878617477416992188e+01 1.481184101104736328e+01
3.445233983993530273e+02 1.817832722663879395e+02 1.913838005065917969e+01 1.449215984344482422e+01
3.438493757247924805e+02 1.811200361251831055e+02 1.912537956237792969e+01 1.499470329284667969e+01
3.439338569641113281e+02 1.801347241401672363e+02 1.945325851440429688e+01 1.598662090301513672e+01
3.425176191329956055e+02 1.804446496963500977e+02 1.977867698669433594e+01 1.547125434875488281e+01
3.419791908264160156e+02 1.813506822586059570e+02 1.989349746704101562e+01 1.495720863342285156e+01
3.415328636169433594e+02 1.810871653556823730e+02 1.968603897094726562e+01 1.569482135772705078e+01
3.403203287124633789e+02 1.810728540420532227e+02 2.002378273010253906e+01 1.627031135559082031e+01
3.393947906494140625e+02 1.810610070228576660e+02 1.978299331665039062e+01 1.582428646087646484e+01
3.382623805999755859e+02 1.824189729690551758e+02 2.031657409667968750e+01 1.470127296447753906e+01
3.384183988571166992e+02 1.809487657546997070e+02 2.030654716491699219e+01 1.641439247131347656e+01
3.363371973037719727e+02 1.816219654083251953e+02 2.058669471740722656e+01 1.542741394042968750e+01
3.357069664001464844e+02 1.809190530776977539e+02 2.053055191040039062e+01 1.622388648986816406e+01
3.352970180511474609e+02 1.808747673034667969e+02 2.051382446289062500e+01 1.641590499877929688e+01
3.341795558929443359e+02 1.813733983039855957e+02 2.098167419433593750e+01 1.566991710662841797e+01
3.336469421386718750e+02 1.808933744430541992e+02 2.129590988159179688e+01 1.654881095886230469e+01
3.328737201690673828e+02 1.811501922607421875e+02 2.143994903564453125e+01 1.645958328247070312e+01
3.311200933456420898e+02 1.813744411468505859e+02 2.182748985290527344e+01 1.660121917724609375e+01
3.298470306396484375e+02 1.807101268768310547e+02 2.225261306762695312e+01 1.708978271484375000e+01
3.297805204391479492e+02 1.805875930786132812e+02 2.254777336120605469e+01 1.705425643920898438e+01
3.277503280639648438e+02 1.803806953430175781e+02 2.277853775024414062e+01 1.714001083374023438e+01
3.271346931457519531e+02 1.804470233917236328e+02 2.302047348022460938e+01 1.715686035156250000e+01
3.258903083801269531e+02 1.806311292648315430e+02 2.283222579956054688e+01 1.686630058288574219e+01
3.253977603912353516e+02 1.801987428665161133e+02 2.269289398193359375e+01 1.729217720031738281e+01
3.237945003509521484e+02 1.805002660751342773e+02 2.299203491210937500e+01 1.719329643249511719e+01
3.231715450286865234e+02 1.807828884124755859e+02 2.389562988281250000e+01 1.785357666015625000e+01
3.208964338302612305e+02 1.812252283096313477e+02 2.417903709411621094e+01 1.772097969055175781e+01
3.204775466918945312e+02 1.808318033218383789e+02 2.459634780883789062e+01 1.799888038635253906e+01
3.192577486038208008e+02 1.810283012390136719e+02 2.440896034240722656e+01 1.835758590698242188e+01
3.179718875885009766e+02 1.807990083694458008e+02 2.427214813232421875e+01 1.817122840881347656e+01
3.155977010726928711e+02 1.812052135467529297e+02 2.535399436950683594e+01 1.820154571533203125e+01
3.153429574966430664e+02 1.810192031860351562e+02 2.570745277404785156e+01 1.904150772094726562e+01
3.134678745269775391e+02 1.810136575698852539e+02 2.608786773681640625e+01 1.877883338928222656e+01
3.126567821502685547e+02 1.807347240447998047e+02 2.621247863769531250e+01 1.942076110839843750e+01
3.115982999801635742e+02 1.807201232910156250e+02 2.660802268981933594e+01 1.950296401977539062e+01
3.095681896209716797e+02 1.810703029632568359e+02 2.699853515625000000e+01 1.888021850585937500e+01
3.085126485824584961e+02 1.808831577301025391e+02 2.690666770935058594e+01 1.919778442382812500e+01
3.076199054718017578e+02 1.802265577316284180e+02 2.721536254882812500e+01 2.033450889587402344e+01
3.056461143493652344e+02 1.800881490707397461e+02 2.738550949096679688e+01 2.078635215759277344e+01
3.045619373321533203e+02 1.808837566375732422e+02 2.818829345703125000e+01 2.017166900634765625e+01
3.023939418792724609e+02 1.807891111373901367e+02 2.819985961914062500e+01 2.018864250183105469e+01
2.997160320281982422e+02 1.802551059722900391e+02 3.042871856689453125e+01 2.121585083007812500e+01
2.943823871612548828e+02 1.792700939178466797e+02 3.356649017333984375e+01 2.247925567626953125e+01
2.902112789154052734e+02 1.793272590637207031e+02 3.648618316650390625e+01 2.269191360473632812e+01
2.792793865203857422e+02 1.786567611694335938e+02 4.447366333007812500e+01 2.467123794555664062e+01
2.513431625366210938e+02 1.710319747924804688e+02 4.606495285034179688e+01 3.365543746948242188e+01
2.523856964111328125e+02 1.672945880889892578e+02 5.096426010131835938e+01 3.969968414306640625e+01
2.436319599151611328e+02 1.695638980865478516e+02 6.001892852783203125e+01 3.927512359619140625e+01
2.396917209625244141e+02 1.694216442108154297e+02 6.734775543212890625e+01 3.712008666992187500e+01
2.513729419708251953e+02 1.698318309783935547e+02 6.604253387451171875e+01 3.902963256835937500e+01
2.406098194122314453e+02 1.705810184478759766e+02 7.635073089599609375e+01 4.259307098388671875e+01
2.421922969818115234e+02 1.693807888031005859e+02 7.434791564941406250e+01 4.662901306152343750e+01
2.463604221343994141e+02 1.682583904266357422e+02 6.985308074951171875e+01 5.009584045410156250e+01
2.482680301666259766e+02 1.689327812194824219e+02 6.920680999755859375e+01 4.971767044067382812e+01
2.516515903472900391e+02 1.696546821594238281e+02 6.843235015869140625e+01 4.890829849243164062e+01
2.537774829864501953e+02 1.699423179626464844e+02 6.685683441162109375e+01 4.702855300903320312e+01
2.559465312957763672e+02 1.695701160430908203e+02 6.602569580078125000e+01 4.695336151123046875e+01
2.602725772857666016e+02 1.689817790985107422e+02 6.391776275634765625e+01 4.685621643066406250e+01
2.611595745086669922e+02 1.705011653900146484e+02 6.427587890625000000e+01 4.399641418457031250e+01
2.642371482849121094e+02 1.708725681304931641e+02 6.244453811645507812e+01 4.383989715576171875e+01
2.632319469451904297e+02 1.710475940704345703e+02 6.535133361816406250e+01 4.280306243896484375e+01
2.622272281646728516e+02 1.712482032775878906e+02 6.687732696533203125e+01 4.335762405395507812e+01
2.668104877471923828e+02 1.711855564117431641e+02 6.354439544677734375e+01 4.050379180908203125e+01
2.722293033599853516e+02 1.708380813598632812e+02 5.872890472412109375e+01 4.279999923706054688e+01
2.753592567443847656e+02 1.715800914764404297e+02 5.735168838500976562e+01 4.117703247070312500e+01
2.772621173858642578e+02 1.714808921813964844e+02 5.672304534912109375e+01 3.887479019165039062e+01
2.804002475738525391e+02 1.722586898803710938e+02 5.455893707275390625e+01 3.912185287475585938e+01
2.791813106536865234e+02 1.730280742645263672e+02 5.653793334960937500e+01 3.627247619628906250e+01
2.838466815948486328e+02 1.737620277404785156e+02 5.448406219482421875e+01 3.550542068481445312e+01
2.844528560638427734e+02 1.718009986877441406e+02 5.506480407714843750e+01 3.661479568481445312e+01
2.881591835021972656e+02 1.728946151733398438e+02 5.274869155883789062e+01 3.738267135620117188e+01
2.891992073059082031e+02 1.719024581909179688e+02 5.188234329223632812e+01 3.656779098510742188e+01
2.921660556793212891e+02 1.722653121948242188e+02 5.095555877685546875e+01 3.706184005737304688e+01
2.935088348388671875e+02 1.723962783813476562e+02 5.104375839233398438e+01 3.416636276245117188e+01
2.966012954711914062e+02 1.732526807785034180e+02 4.800005722045898438e+01 3.010527610778808594e+01
2.974658927917480469e+02 1.732071161270141602e+02 4.820090103149414062e+01 3.092539405822753906e+01
2.997546367645263672e+02 1.743297796249389648e+02 4.698652648925781250e+01 3.031156730651855469e+01
3.008638057708740234e+02 1.740857830047607422e+02 4.633866882324218750e+01 2.846817016601562500e+01
3.015326061248779297e+02 1.739849796295166016e+02 4.625335693359375000e+01 3.068491363525390625e+01
3.023218441009521484e+02 1.737200260162353516e+02 4.773194885253906250e+01 3.215341949462890625e+01
3.035682849884033203e+02 1.746960468292236328e+02 4.741960906982421875e+01 3.256610870361328125e+01
3.050499534606933594e+02 1.740976562500000000e+02 4.624338150024414062e+01 3.344492721557617188e+01
3.062588977813720703e+02 1.741460647583007812e+02 4.460485076904296875e+01 3.328622055053710938e+01
3.080083255767822266e+02 1.746192369461059570e+02 4.406174468994140625e+01 3.173495674133300781e+01
3.090782585144042969e+02 1.756691875457763672e+02 4.355713272094726562e+01 2.959741210937500000e+01
3.113739471435546875e+02 1.754679279327392578e+02 4.184130477905273438e+01 2.763504791259765625e+01
3.121371688842773438e+02 1.745116167068481445e+02 4.218931198120117188e+01 2.930003547668457031e+01
3.125964965820312500e+02 1.747194204330444336e+02 4.143296432495117188e+01 2.819199943542480469e+01
3.143306522369384766e+02 1.748358821868896484e+02 4.105435943603515625e+01 3.079884338378906250e+01
3.154150619506835938e+02 1.742207784652709961e+02 4.049830245971679688e+01 3.050140190124511719e+01
