1.220000000000000000e+02 1.760000000000000000e+02 1.810000000000000000e+02 9.500000000000000000e+01
1.252797393798828125e+02 1.708912353515625000e+02 1.788855895996093750e+02 9.881921386718750000e+01
1.258405990600585938e+02 1.698700408935546875e+02 1.778661041259765625e+02 1.003736267089843750e+02
1.277025756835937500e+02 1.681300315856933594e+02 1.780654907226562500e+02 1.010421829223632812e+02
1.264747772216796875e+02 1.679759597778320312e+02 1.809978332519531250e+02 1.026163787841796875e+02
1.268335647583007812e+02 1.658393440246582031e+02 1.838450775146484375e+02 1.041223983764648438e+02
1.285113906860351562e+02 1.629539146423339844e+02 1.812629852294921875e+02 1.075615310668945312e+02
1.280248947143554688e+02 1.629173774719238281e+02 1.819314117431640625e+02 1.078896102905273438e+02
1.275874710083007812e+02 1.620703315734863281e+02 1.836934661865234375e+02 1.090006942749023438e+02
1.261444854736328125e+02 1.613144721984863281e+02 1.849472961425781250e+02 1.084977035522460938e+02
1.228966598510742188e+02 1.604730148315429688e+02 1.851070098876953125e+02 1.090130767822265625e+02
1.187772750854492188e+02 1.546268615722656250e+02 1.880800933837890625e+02 1.152052612304687500e+02
1.150834274291992188e+02 1.513261184692382812e+02 1.898472442626953125e+02 1.166130218505859375e+02
1.108063354492187500e+02 1.446182289123535156e+02 1.863391723632812500e+02 1.234012374877929688e+02
1.065178451538085938e+02 1.391205520629882812e+02 1.862256622314453125e+02 1.306812591552734375e+02
1.002042388916015625e+02 1.403947906494140625e+02 1.875450134277343750e+02 1.304463806152343750e+02
9.634020996093750000e+01 1.386079559326171875e+02 1.896127929687500000e+02 1.328860168457031250e+02
9.169287872314453125e+01 1.416204681396484375e+02 1.885982513427734375e+02 1.292144470214843750e+02
9.400097656250000000e+01 9.774617767333984375e+01 1.972811279296875000e+02 1.493039703369140625e+02
9.072136688232421875e+01 1.079929809570312500e+02 1.946427764892578125e+02 1.531672973632812500e+02
8.609540557861328125e+01 1.342119750976562500e+02 1.985869598388671875e+02 1.319414062500000000e+02
9.663027954101562500e+01 1.282714843750000000e+02 1.893522949218750000e+02 1.341377563476562500e+02
8.925100708007812500e+01 1.481906089782714844e+02 1.983811035156250000e+02 1.193750686645507812e+02
8.556986236572265625e+01 1.583386802673339844e+02 1.920097503662109375e+02 1.069266433715820312e+02
8.770742034912109375e+01 1.545738029479980469e+02 1.870709381103515625e+02 1.119408340454101562e+02
8.429100799560546875e+01 1.371709365844726562e+02 1.939933624267578125e+02 1.206984710693359375e+02
7.769511413574218750e+01 1.379668617248535156e+02 1.923049621582031250e+02 1.216153488159179688e+02
8.264909362792968750e+01 8.979035186767578125e+01 1.894797058105468750e+02 1.506226654052734375e+02
8.493270874023437500e+01 8.308166503906250000e+01 2.099702758789062500e+02 1.672027587890625000e+02
7.995125579833984375e+01 7.961382293701171875e+01 2.021780548095703125e+02 1.794824981689453125e+02
7.827618408203125000e+01 8.235137939453125000e+01 2.056718139648437500e+02 1.782609252929687500e+02
8.376287078857421875e+01 8.309442138671875000e+01 2.109067535400390625e+02 1.695666503906250000e+02
8.349247741699218750e+01 8.491197967529296875e+01 2.022552185058593750e+02 1.691289825439453125e+02
8.157169342041015625e+01 9.834952545166015625e+01 2.032363128662109375e+02 1.499196624755859375e+02
8.344960021972656250e+01 8.460795593261718750e+01 2.069856262207031250e+02 1.642930603027343750e+02
8.276885223388671875e+01 9.237184906005859375e+01 1.984342193603515625e+02 1.584821929931640625e+02
8.435506439208984375e+01 9.309716033935546875e+01 1.947042999267578125e+02 1.429109649658203125e+02
7.724499511718750000e+01 8.245019531250000000e+01 2.068229370117187500e+02 1.498994750976562500e+02
7.686992645263671875e+01 7.743476867675781250e+01 2.014099884033203125e+02 1.595027770996093750e+02
7.422818756103515625e+01 7.408705139160156250e+01 2.044311370849609375e+02 1.644881896972656250e+02
7.485865783691406250e+01 7.284381103515625000e+01 2.005712585449218750e+02 1.656172485351562500e+02
7.761606597900390625e+01 6.965238952636718750e+01 1.976562347412109375e+02 1.698332214355468750e+02
7.981358337402343750e+01 7.705503845214843750e+01 1.926540832519531250e+02 1.640677795410156250e+02
7.863508605957031250e+01 7.235081481933593750e+01 2.006457824707031250e+02 1.645499572753906250e+02
8.266000366210937500e+01 8.806144714355468750e+01 1.912100219726562500e+02 1.559833068847656250e+02
6.829271697998046875e+01 7.124270629882812500e+01 2.061747589111328125e+02 1.773872070312500000e+02
8.437139892578125000e+01 7.983744812011718750e+01 1.884361572265625000e+02 1.839292297363281250e+02
7.639250183105468750e+01 7.515162658691406250e+01 1.979610900878906250e+02 1.820863952636718750e+02
8.894921875000000000e+01 7.448303985595703125e+01 1.879064941406250000e+02 1.640224456787109375e+02
8.147882843017578125e+01 7.109037780761718750e+01 1.917498626708984375e+02 1.672269592285156250e+02
7.830108642578125000e+01 7.378849029541015625e+01 1.988145751953125000e+02 1.568827362060546875e+02
8.157324981689453125e+01 7.088450622558593750e+01 1.908937835693359375e+02 1.629462585449218750e+02
8.628299713134765625e+01 7.597277069091796875e+01 1.814987640380859375e+02 1.787725372314453125e+02
8.108044433593750000e+01 7.374193572998046875e+01 1.970268554687500000e+02 1.777223663330078125e+02
7.243881988525390625e+01 6.877713012695312500e+01 1.952087860107421875e+02 1.750740356445312500e+02
5.812558746337890625e+01 7.096292114257812500e+01 2.064055633544921875e+02 1.626759643554687500e+02
5.986038970947265625e+01 7.038978576660156250e+01 1.992195281982421875e+02 1.666441955566406250e+02
6.017614746093750000e+01 7.044734191894531250e+01 1.998541870117187500e+02 1.705541076660156250e+02
5.471633911132812500e+01 6.822540283203125000e+01 2.026024169921875000e+02 1.713407592773437500e+02
6.609261322021484375e+01 6.774282836914062500e+01 1.950288848876953125e+02 1.651998291015625000e+02
7.723741149902343750e+01 7.186131286621093750e+01 1.858537292480468750e+02 1.602410583496093750e+02
7.594773101806640625e+01 7.172559356689453125e+01 1.913863372802734375e+02 1.726190032958984375e+02
7.650442504882812500e+01 6.898688507080078125e+01 1.917767333984375000e+02 1.711436614990234375e+02
6.934725189208984375e+01 6.263639831542968750e+01 2.021592559814453125e+02 1.824670104980468750e+02
7.659457397460937500e+01 5.383160400390625000e+01 2.119192504882812500e+02 1.988945922851562500e+02
7.541300964355468750e+01 7.453217315673828125e+01 2.495356750488281250e+02 1.878360443115234375e+02
8.807249450683593750e+01 6.963348388671875000e+01 2.303380432128906250e+02 1.824170532226562500e+02
2.203030166625976562e+02 8.070706176757812500e+01 1.410753631591796875e+02 1.691596069335937500e+02
2.584464950561523438e+02 1.117880783081054688e+02 1.352197418212890625e+02 1.273879547119140625e+02
2.601221389770507812e+02 1.251231155395507812e+02 1.708206634521484375e+02 1.445606536865234375e+02
5.138197326660156250e+01 1.010868988037109375e+02 2.021780395507812500e+02 1.627767639160156250e+02
6.181673431396484375e+01 8.821098327636718750e+01 1.950366058349609375e+02 1.746315002441406250e+02
4.830385589599609375e+01 8.788320159912109375e+01 2.109755096435546875e+02 1.768112335205078125e+02
5.927497100830083809e+01 7.504629516601568184e+01 2.357262725830078125e+02 1.889508056640625000e+02
2.970863342285161934e+01 8.420111083984380684e+01 2.363266601562500000e+02 1.710723266601562500e+02
6.440464019775396309e+01 9.264917755126958809e+01 2.139055938720703125e+02 1.457891082763671875e+02
6.678067016601568184e+01 8.876779937744146309e+01 1.995697326660156250e+02 1.555932464599609375e+02
6.621537780761724434e+01 8.298265838623052559e+01 1.922067871093750000e+02 1.581912384033203125e+02
7.344155120849615059e+01 8.049967193603521309e+01 1.856627655029296875e+02 1.308801116943359375e+02
7.439682006835943184e+01 8.728103637695318184e+01 1.880719909667968750e+02 1.324157104492187500e+02
6.829218292236333809e+01 7.879425048828130684e+01 1.924179229736328125e+02 1.407992553710937500e+02
6.857470703125005684e+01 8.059241485595708809e+01 1.918810119628906250e+02 1.404319915771484375e+02
6.537227630615240059e+01 7.980400848388677559e+01 1.934321746826171875e+02 1.543942413330078125e+02
7.105157470703130684e+01 7.831465148925786934e+01 1.937572937011718750e+02 1.384147644042968750e+02
7.041628265380865059e+01 7.919809722900396309e+01 1.910342864990234375e+02 1.412368011474609375e+02
6.556765747070318184e+01 8.074210357666021309e+01 1.962707824707031250e+02 1.471185760498046875e+02
7.290348815917974434e+01 7.815836334228521309e+01 1.943660278320312500e+02 1.294865570068359375e+02
8.139348602294927559e+01 8.076734161376958809e+01 1.809969940185546875e+02 1.240963592529296875e+02
8.229228210449224434e+01 7.782674407958990059e+01 1.802314453125000000e+02 1.327000885009765625e+02
7.632317352294927559e+01 7.727297210693365059e+01 1.838757171630859375e+02 1.298344268798828125e+02
8.049526977539068184e+01 8.024845123291021309e+01 1.822176818847656250e+02 1.257880096435546875e+02
7.696534729003911934e+01 7.699863433837896309e+01 1.855349731445312500e+02 1.267149505615234375e+02
7.835928344726568184e+01 7.746926116943365059e+01 1.824593200683593750e+02 1.237188873291015625e+02
8.270827484130865059e+01 8.492665100097661934e+01 1.783354339599609375e+02 1.311050720214843750e+02
6.968334960937505684e+01 6.741275787353521309e+01 1.639245910644531250e+02 1.631797332763671875e+02
7.154776000976568184e+01 7.513269805908208809e+01 1.792138977050781250e+02 1.425770111083984375e+02
7.548062133789068184e+01 7.638570404052740059e+01 1.787262268066406250e+02 1.458702545166015625e+02
9.217387390136724434e+01 7.299336242675786934e+01 1.636233520507812500e+02 1.378131408691406250e+02
1.070983428955078693e+02 1.081308212280274006e+02 1.441647949218750000e+02 1.499309234619140625e+02
1.793174209594727131e+02 1.969359321594238850e+02 1.612038116455078125e+02 7.200557708740234375e+01
1.698652038574219318e+02 1.906759185791016193e+02 1.946212768554687500e+02 8.132408142089838066e+01
1.689828033447266193e+02 1.846699638366699503e+02 1.858768615722656250e+02 8.598958587646481533e+01
1.620082550048828409e+02 1.820293693542480185e+02 1.842151794433593466e+02 8.881890106201174717e+01
1.578582839965820312e+02 1.798229331970214844e+02 1.878904571533203125e+02 9.129936981201171875e+01
1.484939193725585938e+02 1.724597091674804688e+02 1.829241180419921875e+02 9.866235351562500000e+01
1.404108200073242188e+02 1.585512886047363281e+02 1.841106414794921875e+02 1.041968460083007812e+02
1.342868652343750000e+02 1.508982505798339844e+02 1.870805358886718750e+02 1.064953536987304688e+02
1.308730926513671875e+02 1.453415870666503906e+02 1.896602783203125000e+02 1.111976699829101562e+02
1.243014221191406250e+02 1.376963920593261719e+02 1.931084289550781250e+02 1.152942733764648438e+02
1.208003997802734375e+02 1.287161254882812500e+02 1.927899780273437500e+02 1.189570770263671875e+02
1.229581146240234375e+02 1.272023735046386719e+02 1.869346313476562500e+02 1.221461410522460938e+02
1.223914947509765625e+02 1.266464614868164062e+02 1.876895141601562500e+02 1.206412048339843750e+02
1.228116760253906250e+02 1.295452384948730469e+02 1.859048156738281250e+02 1.178239364624023438e+02
1.197438659667968750e+02 1.304049949645996094e+02 1.908094787597656250e+02 1.161744308471679688e+02
1.224352798461914062e+02 1.312230300903320312e+02 1.875641632080078125e+02 1.156565856933593750e+02
1.250518188476562500e+02 1.342977790832519531e+02 1.855909729003906250e+02 1.128653030395507812e+02
1.233085174560546875e+02 1.318931427001953125e+02 1.879810180664062500e+02 1.161556549072265625e+02
1.270049743652343750e+02 1.349550132751464844e+02 1.849785461425781250e+02 1.158635787963867188e+02
1.261619262695312500e+02 1.338421478271484375e+02 1.891694030761718750e+02 1.179079742431640625e+02
1.265536651611328125e+02 1.326713409423828125e+02 1.863165893554687500e+02 1.160530548095703125e+02
1.297414550781250000e+02 1.319001693725585938e+02 1.828194274902343750e+02 1.202180175781250000e+02
1.287963943481445312e+02 1.320480003356933594e+02 1.861480865478515625e+02 1.204305343627929688e+02
1.276024856567382812e+02 1.292047729492187500e+02 1.884213409423828125e+02 1.218173675537109375e+02
1.303035964965820312e+02 1.326950721740722656e+02 1.872050933837890625e+02 1.215469131469726562e+02
1.313578643798828125e+02 1.372758674621582031e+02 1.871088256835937500e+02 1.230012893676757812e+02
1.347418441772460938e+02 1.373675651550292969e+02 1.855244598388671875e+02 1.201521224975585938e+02
1.365479354858398438e+02 1.415982856750488281e+02 1.850714569091796875e+02 1.191827468872070312e+02
1.387570190429687500e+02 1.426312561035156250e+02 1.817471008300781250e+02 1.202736053466796875e+02
1.425784301757812500e+02 1.435831146240234375e+02 1.802327575683593750e+02 1.192347564697265625e+02
1.484657669067382812e+02 1.488642883300781250e+02 1.776695098876953125e+02 1.187079925537109375e+02
1.483731002807617188e+02 1.525916099548339844e+02 1.776428680419921875e+02 1.149702682495117188e+02
1.500901565551757812e+02 1.580570411682128906e+02 1.785905914306640625e+02 1.088232803344726562e+02
1.525204086303710938e+02 1.617088394165039062e+02 1.771368255615234375e+02 1.070387268066406250e+02
1.544454956054687500e+02 1.639627532958984375e+02 1.774264221191406250e+02 1.066270294189453125e+02
1.589363708496093750e+02 1.671651153564453125e+02 1.747608947753906250e+02 1.043902740478515625e+02
1.586999282836914062e+02 1.684898605346679688e+02 1.702925567626953125e+02 1.026642456054687500e+02
1.585229415893554688e+02 1.692999382019042969e+02 1.702118377685546875e+02 1.024715194702148438e+02
1.568835906982421875e+02 1.679419326782226562e+02 1.697582397460937500e+02 1.023738708496093750e+02
1.545054931640625000e+02 1.657844314575195312e+02 1.697464294433593750e+02 1.041203918457031250e+02
1.548735656738281250e+02 1.667790603637695312e+02 1.703426208496093750e+02 1.042385559082031250e+02
1.535738754272460938e+02 1.664940261840820312e+02 1.699487152099609375e+02 1.037079772949218750e+02
1.547425613403320312e+02 1.681945381164550781e+02 1.683247833251953125e+02 1.026275711059570312e+02
1.541129074096679688e+02 1.675996055603027344e+02 1.681514129638671875e+02 1.030787887573242188e+02
1.567075881958007812e+02 1.680653381347656250e+02 1.649682159423828125e+02 1.017031707763671875e+02
1.598694534301757812e+02 1.717602310180664062e+02 1.602021026611328125e+02 9.937411499023437500e+01
1.616264114379882812e+02 1.737835159301757812e+02 1.613319854736328125e+02 9.646578979492187500e+01
1.621178436279296875e+02 1.742402191162109375e+02 1.608341674804687500e+02 9.607133483886718750e+01
1.625970306396484091e+02 1.752787895202636435e+02 1.580531005859375284e+02 9.620412445068362217e+01
1.641006393432617188e+02 1.757848014831542969e+02 1.548947906494140625e+02 9.621519851684570312e+01
1.634063339233398722e+02 1.746805171966553019e+02 1.564478607177734091e+02 9.731948280334469814e+01
1.661837463378906250e+02 1.768231382369995117e+02 1.508707275390625000e+02 9.517686176300048828e+01
1.647548675537109375e+02 1.741329360008239746e+02 1.490615844726562500e+02 9.786706399917602539e+01
1.685099105834960938e+02 1.800109107494354248e+02 1.456687469482421875e+02 9.149154663085937500e+01
1.559309921264648438e+02 1.716472747325897217e+02 1.609984588623046875e+02 1.003527252674102783e+02
1.528597946166991903e+02 1.720307372808456137e+02 1.528278045654297159e+02 9.688560485839846592e+01
1.467566680908203125e+02 1.692477592229843140e+02 1.622448730468750000e+02 9.820552825927734375e+01
1.286684570312500000e+02 1.591298660039901733e+02 1.743953857421875000e+02 1.099839782714843750e+02
1.690215759277343750e+02 1.785541976690292358e+02 1.490621337890625000e+02 9.245739746093750000e+01
1.551494598388671875e+02 1.707386916875839233e+02 1.513756103515625000e+02 1.012613083124160767e+02
1.511795349121093750e+02 1.688912917971611023e+02 1.491475219726562500e+02 9.968688201904296875e+01
1.188229293823242188e+02 1.452069465517997742e+02 1.787090301513671875e+02 1.242535705566406250e+02
1.975875854492187500e+01 9.352284163236618042e+01 1.669335632324218750e+02 1.502838287353515625e+02
1.470870971679687500e+01 6.532160109281539917e+01 1.815869445800781250e+02 1.745135803222656250e+02
3.606704711914062500e+00 6.869273298978805542e+01 1.528154907226562500e+02 1.702187652587890625e+02
7.838165283203125000e+00 5.258470839262008667e+01 1.597480773925781250e+02 1.872275390625000000e+02
3.487068176269531250e+00 5.728884810209274292e+01 1.720346832275390625e+02 1.903187103271484375e+02
1.797058105468750000e+01 6.636821669340133667e+01 1.854865417480468750e+02 1.602171020507812500e+02
5.985894012451171875e+01 4.396212691068649292e+01 1.990436859130859375e+02 1.791646575927734375e+02
1.923421478271484375e+01 7.257308882474899292e+01 2.128570404052734375e+02 1.743970184326171875e+02
1.250497131347656250e+02 1.102311393618583679e+02 1.784502868652343750e+02 1.544241180419921875e+02
9.349533081054687500e+00 7.584630507230758667e+01 1.703565368652343750e+02 1.635866699218750000e+02
4.314819335937500000e+00 6.295276564359664917e+01 1.518146972656250000e+02 1.729317932128906250e+02
4.874824523925781250e+00 6.791602247953414917e+01 1.448635711669921875e+02 1.509283752441406250e+02
7.964073181152343750e+00 6.594309157133102417e+01 1.600188751220703125e+02 1.681877746582031250e+02
5.649215698242187500e+00 6.988532942533493042e+01 1.502557067871093750e+02 1.615365142822265625e+02
9.160781860351562500e+00 6.314951246976852417e+01 1.557175598144531250e+02 1.894594421386718750e+02
1.987609863281250000e+00 6.725024336576461792e+01 1.579512329101562500e+02 1.794954681396484375e+02
5.823913574218750000e+00 6.712914198637008667e+01 1.598405761718750000e+02 1.766535034179687500e+02
8.909797668457031250e+00 6.022247236967086792e+01 1.627468109130859375e+02 1.887084197998046875e+02
1.453424835205078125e+01 5.608073347806930542e+01 1.746098480224609375e+02 1.769564971923828125e+02
2.535250091552734375e+01 6.154508894681930542e+01 1.805811920166015625e+02 1.630082550048828125e+02
1.473734283447265625e+02 2.533111494779586792e+01 1.720029602050781250e+02 1.423053436279296875e+02
1.460338973999023438e+02 3.138088911771774292e+01 1.757874298095703125e+02 1.263293304443359375e+02
1.453687133789062500e+02 3.251554030179977417e+01 1.765321044921875000e+02 1.281011657714843750e+02
1.450508728027343750e+02 3.193772810697555542e+01 1.782536010742187500e+02 1.285756988525390625e+02
1.448375701904296875e+02 3.502831190824508667e+01 1.794167785644531250e+02 1.365329589843750000e+02
1.417645797729492188e+02 3.090486830472946167e+01 1.823504180908203125e+02 1.370897216796875000e+02
1.438220291137695312e+02 3.055775374174118042e+01 1.819847869873046875e+02 1.315357818603515625e+02
1.440948181152343750e+02 3.575978773832321167e+01 1.863104248046875000e+02 1.417481079101562500e+02
1.416852722167968750e+02 3.193871992826461792e+01 1.866554565429687500e+02 1.383760223388671875e+02
1.464169845581054688e+02 3.426329725980758667e+01 1.832371368408203125e+02 1.288110351562500000e+02
1.445592575073242188e+02 3.629171293973922729e+01 1.904326934814453125e+02 1.259928512573242188e+02
1.427912292480468750e+02 3.772127455472946167e+01 1.887827148437500000e+02 1.263236694335937500e+02
1.439833831787109375e+02 4.018043059110641479e+01 1.924045104980468750e+02 1.200687484741210938e+02
1.454783401489257812e+02 4.090498656034469604e+01 1.913751068115234375e+02 1.179570388793945312e+02
1.471634597778320312e+02 4.190968626737594604e+01 1.906085662841796875e+02 1.180612869262695312e+02
1.491573944091796875e+02 4.068627089262008667e+01 1.882729187011718750e+02 1.247113647460937500e+02
1.480042953491210938e+02 4.105244368314743042e+01 1.900134429931640625e+02 1.296631011962890625e+02
1.479471664428710938e+02 3.752178114652633667e+01 1.874828033447265625e+02 1.351649169921875000e+02
1.488834075927734375e+02 4.132987135648727417e+01 1.862731018066406250e+02 1.397986145019531250e+02
1.468470382690429688e+02 3.736212080717086792e+01 1.881767120361328125e+02 1.357353973388671875e+02
1.446193313598632812e+02 4.174143141508102417e+01 1.916811370849609375e+02 1.311620788574218750e+02
1.454036331176757812e+02 4.204266661405563354e+01 1.907888641357421875e+02 1.275282974243164062e+02
1.454574356079101562e+02 4.152272337675094604e+01 1.901013641357421875e+02 1.186322708129882812e+02
1.470522537231445312e+02 4.325517195463180542e+01 1.878286590576171875e+02 1.176989288330078125e+02
1.458764572143554688e+02 4.537451475858688354e+01 1.873350982666015625e+02 1.191999282836914062e+02
1.440876693725585938e+02 4.776130980253219604e+01 1.880955963134765625e+02 1.178825759887695312e+02
1.437028656005859375e+02 5.007288283109664917e+01 1.877298278808593750e+02 1.185193176269531250e+02
1.415277938842773438e+02 5.034340971708297729e+01 1.901032867431640625e+02 1.233163375854492188e+02
1.393621978759765625e+02 5.545789259672164917e+01 1.909698791503906250e+02 1.366041564941406250e+02
1.398892745971679688e+02 5.515906447172164917e+01 1.869787750244140625e+02 1.262073669433593750e+02
1.372705917358398438e+02 4.913292616605758667e+01 1.880032501220703125e+02 1.186777954101562500e+02
1.391090087890625000e+02 5.012474364042282104e+01 1.906253051757812500e+02 1.226950149536132812e+02
1.393849029541015625e+02 4.556490248441696167e+01 1.902607116699218750e+02 1.316029052734375000e+02
1.379160995483398438e+02 4.138968962430953979e+01 1.879930572509765625e+02 1.222342147827148438e+02
1.404780502319335938e+02 4.032429808378219604e+01 1.906154937744140625e+02 1.276365432739257812e+02
1.379761581420898438e+02 3.630277556180953979e+01 1.883908843994140625e+02 1.175927963256835938e+02
1.413219070434570312e+02 3.700500029325485229e+01 1.844975433349609375e+02 1.234640426635742188e+02
1.376605377197265625e+02 3.438109511137008667e+01 1.837121276855468750e+02 1.298514404296875000e+02
1.339606094360351562e+02 3.114009779691696167e+01 1.848830413818359375e+02 1.318828735351562500e+02
1.328402557373046875e+02 3.255560225248336792e+01 1.818595886230468750e+02 1.327062225341796875e+02
1.321809921264648438e+02 3.468812483549118042e+01 1.811772003173828125e+02 1.392057647705078125e+02
1.291479949951171875e+02 3.363305586576461792e+01 1.873646545410156250e+02 1.285755462646484375e+02
1.310179519653320312e+02 3.434897536039352417e+01 1.841293182373046875e+02 1.325585632324218750e+02
1.295049285888671875e+02 3.508664625883102417e+01 1.852071838378906250e+02 1.367883605957031250e+02
1.281654281616210938e+02 3.302709120512008667e+01 1.876277008056640625e+02 1.321660766601562500e+02
1.298712081909179688e+02 3.484519118070602417e+01 1.821632843017578125e+02 1.317879943847656250e+02
1.297809448242187500e+02 3.323657912015914917e+01 1.843493652343750000e+02 1.346013488769531250e+02
1.301811447143554688e+02 4.102400892972946167e+01 1.840084991455078125e+02 1.388471069335937500e+02
1.303695602416992188e+02 3.790318983793258667e+01 1.857193756103515625e+02 1.438184814453125000e+02
1.310704879760742188e+02 4.098317641019821167e+01 1.813389434814453125e+02 1.591408691406250000e+02
1.293183517456054688e+02 3.743733519315719604e+01 1.824092559814453125e+02 1.161151199340820312e+02
1.291241989135742188e+02 3.403781050443649292e+01 1.837404327392578125e+02 1.265811004638671875e+02
1.337922286987304688e+02 3.310215681791305542e+01 1.817930450439453125e+02 1.460619049072265625e+02
1.324830932617187500e+02 3.373691481351852417e+01 1.782980346679687500e+02 1.505959167480468750e+02
1.288936233520507812e+02 3.468063658475875854e+01 1.825450897216796875e+02 1.268110733032226562e+02
1.288165206909179688e+02 3.060827559232711792e+01 1.875515289306640625e+02 1.341166839599609375e+02
1.298182449340820312e+02 2.898952788114547729e+01 1.821335906982421875e+02 1.258597335815429688e+02
1.318750152587890625e+02 2.727980726957321167e+01 1.826586608886718750e+02 1.336540527343750000e+02
1.297545547485351562e+02 2.219214552640914917e+01 1.814775848388671875e+02 1.300960998535156250e+02
1.344095611572265625e+02 2.414749830961227417e+01 1.824653015136718750e+02 1.570531311035156250e+02
1.098523483276367188e+02 1.729918205142021179e+02 1.783152618408203125e+02 9.620262145996093750e+01
1.129609985351562500e+02 1.707102004885673523e+02 1.757718505859375000e+02 9.774309539794921875e+01
1.174933395385742188e+02 1.705525085330009460e+02 1.719527740478515625e+02 9.883679962158203125e+01
1.188738250732421875e+02 1.656971275210380554e+02 1.747123718261718750e+02 1.045993804931640625e+02
1.196614608764648438e+02 1.648768569827079773e+02 1.828780059814453125e+02 1.067333297729492188e+02
1.202270278930664062e+02 1.596368438601493835e+02 1.843350677490234375e+02 1.113655776977539062e+02
1.226056442260742188e+02 1.607337867617607117e+02 1.829179229736328125e+02 1.103002319335937500e+02
1.233360137939453125e+02 1.583411971926689148e+02 1.854250183105468750e+02 1.136588028073310852e+02
1.256437377929687500e+02 1.581082359254360199e+02 1.769548339843750000e+02 1.124524841308593750e+02
1.258423767089843750e+02 1.587650962769985199e+02 1.812214355468750000e+02 1.125251770019531250e+02
1.274970626831054688e+02 1.613409057557582855e+02 1.829624786376953125e+02 1.093926010131835938e+02
1.290725936889648438e+02 1.606589485108852386e+02 1.802370147705078125e+02 1.113410514891147614e+02
1.284105987548828125e+02 1.596526248902082443e+02 1.807826232910156250e+02 1.122180786132812500e+02
1.286931076049804688e+02 1.599672420471906662e+02 1.801272735595703125e+02 1.120224380493164062e+02
1.281671371459960938e+02 1.606604297608137131e+02 1.789992828369140625e+02 1.113395702391862869e+02
1.273163146972656250e+02 1.602957719787955284e+02 1.811549072265625000e+02 1.112915420532226562e+02
1.274157028198242188e+02 1.603653100952506065e+02 1.793095855712890625e+02 1.113048095703125000e+02
1.272631683349609375e+02 1.601168207153677940e+02 1.812102966308593750e+02 1.115961608886718750e+02
1.267650680541992188e+02 1.604476083740592003e+02 1.801692657470703125e+02 1.113940582275390625e+02
1.270459747314453125e+02 1.594966768249869347e+02 1.820375671386718750e+02 1.111613388061523438e+02
1.262357482910156250e+02 1.609973939880728722e+02 1.786816406250000000e+02 1.095035324096679688e+02
1.271300125122070312e+02 1.608142808899283409e+02 1.796212615966796875e+02 1.096392898559570312e+02
1.273828430175781250e+02 1.597942232117056847e+02 1.812073974609375000e+02 1.109071273803710938e+02
1.276401138305664062e+02 1.608470338806509972e+02 1.788824920654296875e+02 1.094239425659179688e+02
1.294231872558593750e+02 1.605093721374869347e+02 1.806404418945312500e+02 1.092175521850585938e+02
1.312396240234375000e+02 1.594176019653677940e+02 1.753539428710937500e+02 1.112325134277343750e+02
1.345402221679687500e+02 1.610397638306021690e+02 1.778038940429687500e+02 1.085064392089843750e+02
1.384630432128906250e+02 1.623082269653677940e+02 1.750432128906250000e+02 1.080797424316406250e+02
1.390979614257812500e+02 1.605210985168814659e+02 1.809580078125000000e+02 1.095429763793945312e+02
1.407541809082031250e+02 1.613374895080924034e+02 1.756077270507812500e+02 1.082569961547851562e+02
1.418142395019531250e+02 1.629903444275259972e+02 1.739492797851562500e+02 1.052766036987304688e+02
1.371132202148437500e+02 1.633413042053580284e+02 1.758358154296875000e+02 1.018702163696289062e+02
1.278860549926757812e+02 1.639987253174185753e+02 1.850688323974609375e+02 9.705744934082031250e+01
1.287682189941406250e+02 1.613321260437369347e+02 1.868866577148437500e+02 9.996730804443359375e+01
