1.200000000000000000e+02 3.600000000000000000e+01 1.030000000000000000e+02 1.080000000000000000e+02
1.252369956970215128e+02 3.162825012207034092e+01 9.498575592041015625e+01 1.143454284667968750e+02
1.262826118469238281e+02 3.110860443115234375e+01 9.304012298583984375e+01 1.158637847900390625e+02
1.287911911010742188e+02 2.953807830810546875e+01 8.872355651855468750e+01 1.176365509033203125e+02
1.296590232849121094e+02 2.812683105468750000e+01 8.670517730712890625e+01 1.190799865722656250e+02
1.299872207641601562e+02 2.749883270263671875e+01 8.162825012207031250e+01 1.194736785888671875e+02
1.303115959167480753e+02 2.834282684326174717e+01 7.613764190673828125e+01 1.166185150146484375e+02
1.313263053894043253e+02 2.701866149902346592e+01 7.351792144775390625e+01 1.163421936035156250e+02
1.319085845947265909e+02 2.670529174804690342e+01 7.188613891601562500e+01 1.156189270019531250e+02
1.321984138488769815e+02 2.700001525878909092e+01 7.153630828857421875e+01 1.157644348144531250e+02
1.325454978942871378e+02 2.718148803710940342e+01 7.116840362548828125e+01 1.160571289062500000e+02
1.319333000183105753e+02 2.745193481445315342e+01 7.179947662353515625e+01 1.154486083984375000e+02
1.319033813476562784e+02 2.613320922851565342e+01 7.190252685546875000e+01 1.163051452636718750e+02
1.320729217529297159e+02 2.667390441894534092e+01 7.121932983398437500e+01 1.167654418945312500e+02
1.319612503051758097e+02 2.580313491821291905e+01 7.178575134277343750e+01 1.164366683959960938e+02
1.320437698364258097e+02 2.667691421508791905e+01 7.118406677246093750e+01 1.164923629760742188e+02
1.323079223632812784e+02 2.669392013549807530e+01 7.142803955078125000e+01 1.169217605590820312e+02
1.316257057189941690e+02 2.695856094360354405e+01 7.177205657958984375e+01 1.163853683471679688e+02
1.310900077819824503e+02 2.705993652343752842e+01 7.205033111572265625e+01 1.159796142578125000e+02
1.315896377563476847e+02 2.589411926269534092e+01 7.238337707519531250e+01 1.173295898437500000e+02
1.319419441223144815e+02 2.571080398559573155e+01 7.169011688232421875e+01 1.175750350952148438e+02
1.315014457702637003e+02 2.694201278686526280e+01 7.180228424072265625e+01 1.168446121215820312e+02
1.301592025756836222e+02 2.592811584472659092e+01 7.296730041503906250e+01 1.175410156250000000e+02
1.302663536071777628e+02 2.366282272338870030e+01 7.326593780517578125e+01 1.211753616333007812e+02
1.292862625122070597e+02 2.251762771606448155e+01 7.384208679199218750e+01 1.222582626342773438e+02
1.285640335083008097e+02 2.219113159179690342e+01 7.420396423339843750e+01 1.232865905761718750e+02
1.282918510437012003e+02 2.212109756469729405e+01 7.585620880126953125e+01 1.251999435424804688e+02
1.280864334106445597e+02 2.162064743041995030e+01 7.595689392089843750e+01 1.238056716918945312e+02
1.283222808837890909e+02 2.155208969116213780e+01 7.632302856445312500e+01 1.263190383911132812e+02
1.282769737243652912e+02 2.115282440185552559e+01 7.714734649658203125e+01 1.261534271240234375e+02
1.298832435607910725e+02 1.995822906494146309e+01 7.583855438232421875e+01 1.313156585693359375e+02
1.282432594299316975e+02 2.195894622802740059e+01 7.689403533935546875e+01 1.312592315673828125e+02
1.300744667053223225e+02 2.100482940673833809e+01 7.276070404052734375e+01 1.340982208251953125e+02
1.286825256347657103e+02 2.156555175781258527e+01 7.739505004882812500e+01 1.357166748046875000e+02
1.347860298156739134e+02 1.792734527587899152e+01 6.975688934326171875e+01 1.392691802978515625e+02
1.309995956420899290e+02 2.094425201416024152e+01 7.099659729003906250e+01 1.391868743896484375e+02
1.330315856933594603e+02 1.428735351562508527e+01 7.215924072265625000e+01 1.442355346679687500e+02
1.275572814941407103e+02 1.538825988769539777e+01 7.419747924804687500e+01 1.453364257812500000e+02
1.310279388427735228e+02 1.286962127685555402e+01 7.288299560546875000e+01 1.490550079345703125e+02
1.265742111206055256e+02 9.655609130859431843e+00 7.440522766113281250e+01 1.521137084960937500e+02
1.296740875244141193e+02 6.297760009765681843e+00 7.437338256835937500e+01 1.532089233398437500e+02
1.292318305969238850e+02 1.046981811523494343e+00 7.402941131591796875e+01 1.564323730468750000e+02
1.271278724670410725e+02 7.466651916503963093e+00 7.780821990966796875e+01 1.383476715087890625e+02
1.286891593933106037e+02 7.620971679687556843e+00 7.649542999267578125e+01 1.318783569335937500e+02
1.258667106628418537e+02 8.743274688720759968e+00 7.603778839111328125e+01 1.262185897827148438e+02
1.243254623413086222e+02 6.732612609863309672e+00 7.686543273925781250e+01 1.287424163818359375e+02
1.234375877380371378e+02 1.337588500976565342e+01 7.661746978759765625e+01 1.219819641113281250e+02
1.232371101379394815e+02 3.974121093750028422e+00 7.689015960693359375e+01 1.309231872558593750e+02
1.221249008178711222e+02 1.153903198242190342e+01 7.744755554199218750e+01 1.234750061035156250e+02
1.223052978515625000e+02 6.026710510253906250e+00 7.663311767578125000e+01 1.286091766357421875e+02
1.216083984375000000e+02 1.162161636352539062e+01 7.732485961914062500e+01 1.230621871948242188e+02
1.207559776306152628e+02 1.755462646484403422e+00 7.786096954345703125e+01 1.346197204589843750e+02
1.216923942565918253e+02 1.313827514648440342e+01 7.690171051025390625e+01 1.235332641601562500e+02
1.215559883117676065e+02 4.201873779296903422e+00 7.799333953857421875e+01 1.322047119140625000e+02
1.220911483764648722e+02 9.437114715576200297e+00 7.858772277832031250e+01 1.257146682739257812e+02
1.230145988464355753e+02 9.054931640625028422e+00 7.840396881103515625e+01 1.260462036132812500e+02
1.235681076049804972e+02 9.837833404541044047e+00 7.776945495605468750e+01 1.253258895874023438e+02
1.240780715942383097e+02 7.386520385742215922e+00 7.758815002441406250e+01 1.278651428222656250e+02
1.253336143493652628e+02 9.280055999755887797e+00 7.915549468994140625e+01 1.252568740844726562e+02
1.257845916748047159e+02 7.846309661865262797e+00 7.889437866210937500e+01 1.272902908325195312e+02
1.259119873046875284e+02 7.028648376464872172e+00 7.863555908203125000e+01 1.280467681884765625e+02
1.271617431640625284e+02 8.927883148193387797e+00 7.985485839843750000e+01 1.257739028930664062e+02
1.268844070434570597e+02 5.795318603515653422e+00 7.817356872558593750e+01 1.298213500976562500e+02
1.280727844238281534e+02 9.355346679687528422e+00 8.034756469726562500e+01 1.245772094726562500e+02
1.275634880065918253e+02 5.644607543945340922e+00 7.765241241455078125e+01 1.296568603515625000e+02
1.279315605163574503e+02 8.803718566894559672e+00 8.043079376220703125e+01 1.265768280029296875e+02
1.277417945861816690e+02 7.144882202148465922e+00 7.795412445068359375e+01 1.279934387207031250e+02
1.275128059387207315e+02 7.907825469970731547e+00 7.858535003662109375e+01 1.274337997436523438e+02
1.287937736511230753e+02 8.488044738769559672e+00 7.818466949462890625e+01 1.265480499267578125e+02
1.289215965270996378e+02 7.693721771240262797e+00 7.728040313720703125e+01 1.271485061645507812e+02
1.294476280212402628e+02 8.585849761962919047e+00 7.833545684814453125e+01 1.266320114135742188e+02
1.303286399841308878e+02 9.768028259277372172e+00 7.778177642822265625e+01 1.262117156982421875e+02
1.309536895751953409e+02 1.024306106567385655e+01 7.737722778320312500e+01 1.260568466186523438e+02
1.321944427490234943e+02 1.106082534790044747e+01 7.775918579101562500e+01 1.257847824096679688e+02
1.323995895385743040e+02 2.896392822265710265e+00 7.901957702636718750e+01 1.355962524414062500e+02
1.350065650939942543e+02 1.215126419067394181e+01 8.151204681396484375e+01 1.246658859252929688e+02
1.361983833312989418e+02 1.628831100463878556e+01 7.513134002685546875e+01 1.217069778442382812e+02
1.360157623291016762e+02 1.009120178222667619e+01 7.918176269531250000e+01 1.264029846191406250e+02
1.375177993774415199e+02 6.602165222168082437e+00 8.084727478027343750e+01 1.365376739501953125e+02
1.396605796813965981e+02 9.926155090332144937e+00 7.748853302001953125e+01 1.332014617919921875e+02
1.414324531555176918e+02 2.858398437500113687e+00 7.581587982177734375e+01 1.369019470214843750e+02
1.448319625854493324e+02 1.287005233764659806e+01 7.766706848144531250e+01 1.238664321899414062e+02
1.436981506347657671e+02 4.850349426269673359e+00 7.762106323242187500e+01 1.370464324951171875e+02
1.473810081481935015e+02 1.342256546020522023e+01 7.481491851806640625e+01 1.218757858276367188e+02
1.463147315979005327e+02 1.110899734497084523e+01 7.573751068115234375e+01 1.254815597534179688e+02
1.477564392089845171e+02 1.134793090820326711e+01 7.500860595703125000e+01 1.246754150390625000e+02
1.464460601806642046e+02 1.542909240722670461e+01 7.509841918945312500e+01 1.207616271972656250e+02
1.471975936889649859e+02 1.638717269897475148e+01 7.511909484863281250e+01 1.189922256469726562e+02
1.472308311462403765e+02 1.627191543579115773e+01 7.481720733642578125e+01 1.200142135620117188e+02
1.464947624206544390e+02 1.654022598266615773e+01 7.435095977783203125e+01 1.201831893920898438e+02
1.479363250732423296e+02 2.080732727050795461e+01 7.350317382812500000e+01 1.226781005859375000e+02
1.461940231323243609e+02 2.139074707031264211e+01 7.167634582519531250e+01 1.275715942382812500e+02
1.464999618530274859e+02 1.837517547607436086e+01 7.523954772949218750e+01 1.273437957763671875e+02
1.455338478088380043e+02 2.158430862426769181e+01 7.494161224365234375e+01 1.239257431030273438e+02
1.464598503112794106e+02 2.037712097167980119e+01 7.547690582275390625e+01 1.240706787109375000e+02
1.473153076171876137e+02 2.056114959716808244e+01 7.277099609375000000e+01 1.279280853271484375e+02
1.465928001403809731e+02 1.964520645141612931e+01 7.558484649658203125e+01 1.257739486694335938e+02
1.459474334716798296e+02 2.031880950927748586e+01 7.463204956054687500e+01 1.287087860107421875e+02
1.452997245788575924e+02 1.988704681396501428e+01 7.689252471923828125e+01 1.276240692138671875e+02
1.455927467346193112e+02 1.980873870849626428e+01 7.691213226318359375e+01 1.280212860107421875e+02
1.455478591918947018e+02 2.054470825195329553e+01 7.528694152832031250e+01 1.286513061523437500e+02
1.454148254394532671e+02 2.016091537475600148e+01 7.681710815429687500e+01 1.270615005493164062e+02
1.453581733703614987e+02 2.073028945922868616e+01 7.657894134521484375e+01 1.264761581420898438e+02
1.452744941711427202e+02 2.232619476318373586e+01 7.499767303466796875e+01 1.274637908935546875e+02
1.451120758056641762e+02 1.900831604003917619e+01 7.576873779296875000e+01 1.282653198242187500e+02
1.459123229980469887e+02 2.060671234130870744e+01 7.664172363281250000e+01 1.261345062255859375e+02
1.471128540039063353e+02 2.159119415283211652e+01 7.354791259765625000e+01 1.251883392333984375e+02
1.510115928649903196e+02 1.741374206542977277e+01 6.688303375244140625e+01 1.317821960449218750e+02
1.559675426483155150e+02 1.518049621582039777e+01 6.299686050415039062e+01 1.319412841796875000e+02
1.551458187103272337e+02 1.470278167724617902e+01 5.976350784301757812e+01 1.346999053955078125e+02
1.546828060150147337e+02 1.485417938232430402e+01 5.668391799926757812e+01 1.364576568603515625e+02
1.322035522460938353e+02 1.388706970214852277e+01 7.330172729492187500e+01 1.349038391113281250e+02
1.258632926940918821e+02 1.147920227050789777e+01 7.792310333251953125e+01 1.383621520996093750e+02
1.355216865539551634e+02 1.016471099853524152e+01 7.188179779052734375e+01 1.381381378173828125e+02
1.335627403259278196e+02 4.361282348632897765e+00 6.880612945556640625e+01 1.425846862792968750e+02
1.249179077148438353e+02 5.156425476074304015e+00 7.930895996093750000e+01 1.424526824951171875e+02
1.189650688171387571e+02 1.254415893554696027e+01 8.525431060791015625e+01 1.337952575683593750e+02
1.255063323974609943e+02 1.066362762451177559e+01 8.005776977539062500e+01 1.362673492431640625e+02
1.172259445190430256e+02 2.048500061035213093e+00 8.942543029785156250e+01 1.454431915283203125e+02
1.060762367248535725e+02 1.673606109619146309e+01 9.999819183349609375e+01 1.286341094970703125e+02
1.041600761413575071e+02 1.233290863037117902e+01 1.013249893188476562e+02 1.323318328857421875e+02
1.009541931152344603e+02 2.229236984252938214e+01 1.036954956054687500e+02 1.230793838500976562e+02
1.123152656555176634e+02 1.682620239257821027e+01 9.568453216552734375e+01 1.261601257324218750e+02
1.259652709960938353e+02 1.635060882568367902e+01 8.253640747070312500e+01 1.228870697021484375e+02
1.229997367858887571e+02 8.015869140625085265e+00 8.510300445556640625e+01 1.294025878906250000e+02
1.198512725830079262e+02 7.143962860107535562e+00 8.830047607421875000e+01 1.278726577758789062e+02
1.199137420654298012e+02 1.457999420166026994e+01 8.993283081054687500e+01 1.201861114501953125e+02
1.183789978027344887e+02 7.057682037353629312e+00 9.158340454101562500e+01 1.276999435424804688e+02
1.203433303833008949e+02 1.147930145263683244e+01 8.809498596191406250e+01 1.239875946044921875e+02
1.175349807739258949e+02 8.491054534912223062e+00 9.316575622558593750e+01 1.258970718383789062e+02
1.223985939025880043e+02 9.528484344482535562e+00 8.836165618896484375e+01 1.253522109985351562e+02
1.127171783447266762e+02 7.214675903320426187e+00 9.831576538085937500e+01 1.259335327148437500e+02
1.212057952880860512e+02 1.043864440917980119e+01 8.908972167968750000e+01 1.208257446289062500e+02
1.108885078430176918e+02 9.577156066894644937e+00 9.817244720458984375e+01 1.199678192138671875e+02
1.205881385803223793e+02 8.899578094482535562e+00 8.768727874755859375e+01 1.206171646118164062e+02
1.137295227050782103e+02 1.378898239135750714e+01 9.679873657226562500e+01 1.138734207153320312e+02
1.181022911071778481e+02 1.309468460083019181e+01 9.202405548095703125e+01 1.163955307006835938e+02
1.119192962646485512e+02 1.366135025024425431e+01 9.761523437500000000e+01 1.162972640991210938e+02
1.218784484863282387e+02 1.409486770629894181e+01 8.735745239257812500e+01 1.179338302612304688e+02
1.111283454895020668e+02 8.963497161865348062e+00 9.866762542724609375e+01 1.225614700317382812e+02
1.225337753295899574e+02 1.181976699829112931e+01 8.754066467285156250e+01 1.215629196166992188e+02
1.128243560791016762e+02 9.910560607910269937e+00 9.647073364257812500e+01 1.220561676025390625e+02
1.222493667602540199e+02 1.313261032104503556e+01 8.795915222167968750e+01 1.198888320922851562e+02
1.152826004028321449e+02 1.013366699218761369e+01 9.730546569824218750e+01 1.189921569824218750e+02
1.217323570251465981e+02 1.380215454101573869e+01 9.444971466064453125e+01 1.146186828613281250e+02
1.152896537780762571e+02 1.396849441528328839e+01 1.030217361450195312e+02 1.114476852416992188e+02
1.133281669616700071e+02 1.320769882202156964e+01 1.046480178833007812e+02 1.132063064575195312e+02
1.116090316772461790e+02 1.174203872680672589e+01 1.057028961181640625e+02 1.137532577514648438e+02
1.141714935302735228e+02 1.595769119262703839e+01 1.039681091308593750e+02 1.102974166870117188e+02
1.120321922302246946e+02 1.322235870361336652e+01 1.055883255004882812e+02 1.119506072998046875e+02
1.166160964965821165e+02 1.376329040527352277e+01 1.025753021240234375e+02 1.128237304687500000e+02
1.135428199768067259e+02 1.293352890014656964e+01 1.054198532104492188e+02 1.126041946411132812e+02
1.140440597534180540e+02 1.574158859252938214e+01 1.042005462646484375e+02 1.109483108520507812e+02
1.124058876037598509e+02 1.443317794799813214e+01 1.051814193725585938e+02 1.111569290161132812e+02
1.163756027221680540e+02 1.494633865356453839e+01 1.021957855224609375e+02 1.116051559448242188e+02
1.137140045166016193e+02 1.369960403442388497e+01 1.051896057128906250e+02 1.126462936401367188e+02
1.141976547241211506e+02 1.613592529296880684e+01 1.050123138427734375e+02 1.106535339355468750e+02
1.122585182189941975e+02 1.422676849365240059e+01 1.061724166870117188e+02 1.124664154052734375e+02
1.148317604064941975e+02 1.698233413696294747e+01 1.047734298706054688e+02 1.100654830932617188e+02
1.121266021728516193e+02 1.572266006469732247e+01 1.066383666992187500e+02 1.099058456420898438e+02
1.137092323303223225e+02 1.534696578979497872e+01 1.053732528686523438e+02 1.110836868286132812e+02
1.117184562683106037e+02 1.468082809448247872e+01 1.071164932250976562e+02 1.120075454711914062e+02
1.158792076110840412e+02 1.637636947631841622e+01 1.053548965454101562e+02 1.104351577758789062e+02
1.111934432983399006e+02 1.665469741821294747e+01 1.090005645751953125e+02 1.083056564331054688e+02
1.159495506286621662e+02 1.724868774414068184e+01 1.059638137817382812e+02 1.101522521972656250e+02
1.128169059753418537e+02 1.803813171386724434e+01 1.091214370727539062e+02 1.088316040039062500e+02
1.084000740051270100e+02 1.583171844482427559e+01 1.122253952026367188e+02 1.128731231689453125e+02
1.181583938598633381e+02 1.897854614257818184e+01 1.027866973876953125e+02 1.127575378417968750e+02
1.271904296875000568e+02 2.077317428588872872e+01 9.394772338867187500e+01 1.096485671997070312e+02
1.400735397338867756e+02 8.038135528564509968e+00 7.958885192871093750e+01 1.230610885620117188e+02
1.349665184020996946e+02 1.486800003051766339e+01 8.356150054931640625e+01 1.162506942749023438e+02
1.340296974182129759e+02 1.581552886962899152e+01 8.369915008544921875e+01 1.159708404541015625e+02
1.403615188598633665e+02 8.111362457275475890e+00 8.336973571777343750e+01 1.239128952026367188e+02
1.472800178527832884e+02 2.045787048339852277e+01 8.316631317138671875e+01 1.129642639160156250e+02
1.654582214355469603e+02 9.850482940673913390e+00 7.601501464843750000e+01 1.247000961303710938e+02
1.696016540527344603e+02 1.647024536132821027e+01 8.025140380859375000e+01 1.165031127929687500e+02
1.737780609130860228e+02 1.398521423339852277e+01 8.025976562500000000e+01 1.172736206054687500e+02
1.761032257080078978e+02 1.719539260864266339e+01 8.119931030273440342e+01 1.094366683959960938e+02
1.756837310791016762e+02 1.416351318359383527e+01 8.223214721679687500e+01 1.080759582519531250e+02
1.779546966552735512e+02 1.524791717529305402e+01 8.181967163085937500e+01 1.010572357177734375e+02
1.766895370483399574e+02 1.300943756103524152e+01 8.350056457519531250e+01 1.004093780517578125e+02
1.766052894592286293e+02 1.395746612548836652e+01 8.369033050537109375e+01 1.008767242431640625e+02
1.779606018066407387e+02 1.626273345947274152e+01 8.283755493164062500e+01 9.993876647949218750e+01
1.775972671508790199e+02 1.490804290771492902e+01 8.331086730957031250e+01 1.009305572509765625e+02
