3.200000000000000000e+01 2.100000000000000000e+01 3.600000000000000000e+01 4.800000000000000000e+01
3.317685890197753906e+01 2.149152946472167969e+01 3.336741256713867188e+01 4.916475296020507812e+01
3.364570617675781250e+01 2.351314735412597656e+01 3.108847045898437500e+01 4.961591720581054688e+01
3.415627288818359375e+01 2.659332656860351562e+01 2.925715637207031250e+01 4.869434356689453125e+01
3.413075065612792969e+01 2.804643821716308594e+01 2.903688430786132812e+01 4.941186904907226562e+01
3.235692596435546875e+01 2.867170906066894531e+01 3.024645996093750000e+01 4.975675582885742188e+01
3.141967201232910156e+01 3.107836151123046875e+01 3.315798568725585938e+01 4.827824401855468750e+01
2.968794822692871094e+01 3.238348007202148438e+01 3.576645278930664062e+01 4.730751800537109375e+01
2.994075202941894531e+01 3.415065574645996094e+01 3.486353683471679688e+01 4.459733963012695312e+01
2.967324447631835938e+01 3.602201080322265625e+01 3.518991851806640625e+01 4.338366699218750000e+01
2.947038650512695312e+01 3.639846801757812500e+01 3.480735015869140625e+01 4.395321655273437500e+01
3.119317054748535156e+01 3.756424331665039062e+01 3.423951339721679688e+01 4.383853912353515625e+01
3.053393363952636719e+01 3.871154212951660156e+01 3.482570266723632812e+01 4.502067184448242188e+01
3.260783767700195312e+01 3.952659225463867188e+01 3.507761383056640625e+01 4.620247650146484375e+01
3.359984207153320312e+01 3.993844795227050781e+01 3.432198333740234375e+01 4.702737045288085938e+01
3.530692291259765625e+01 4.157300567626953125e+01 3.362713623046875000e+01 4.732577514648437500e+01
3.639420890808105469e+01 4.201690864562988281e+01 3.432022476196289062e+01 4.729481124877929688e+01
3.824804306030273438e+01 4.085240554809570312e+01 3.286820220947265625e+01 4.763022613525390625e+01
3.990845108032226562e+01 4.080067634582519531e+01 3.500756072998046875e+01 4.780451583862304688e+01
4.286207199096679688e+01 4.057226371765136719e+01 3.553903961181640625e+01 4.761284255981445312e+01
4.420489311218261719e+01 3.956855583190917969e+01 3.524287796020507812e+01 4.465340042114257812e+01
4.501261520385742188e+01 4.011060714721679688e+01 3.603620147705078125e+01 4.499628448486328125e+01
4.665054512023925781e+01 3.710019683837890625e+01 3.631397628784179688e+01 4.661364746093750000e+01
5.080074691772460938e+01 3.672085762023925781e+01 3.876815032958984375e+01 4.652346420288085938e+01
5.295754241943359375e+01 3.604725646972656250e+01 3.643025207519531250e+01 4.502014160156250000e+01
5.575075721740722656e+01 3.624977874755859375e+01 3.291195297241210938e+01 4.505705261230468750e+01
5.571969223022460938e+01 3.631282424926757812e+01 3.273343658447265625e+01 4.769780731201171875e+01
5.805442428588867188e+01 3.516666793823242188e+01 3.038037872314453125e+01 4.661995697021484375e+01
5.809719944000244141e+01 3.745871162414550781e+01 3.052876091003417969e+01 4.307178878784179688e+01
5.842012500762939453e+01 3.849684143066406250e+01 2.932498741149902344e+01 4.500630187988281250e+01
5.493209838867187500e+01 3.830523681640625000e+01 3.188868713378906250e+01 4.387727355957031250e+01
5.390810012817382812e+01 3.848257255554199219e+01 3.441086578369140625e+01 4.918930435180664062e+01
5.295623588562011719e+01 3.842937469482421875e+01 3.429350662231445312e+01 4.866671752929687500e+01
5.277522659301757812e+01 3.929213142395019531e+01 3.451230621337890625e+01 4.697379684448242188e+01
5.307680702209472656e+01 4.051164054870605469e+01 3.390374374389648438e+01 4.651004409790039062e+01
5.199505424499511719e+01 4.216208648681640625e+01 3.526926040649414062e+01 4.571687316894531250e+01
5.259319877624511719e+01 4.223746299743652344e+01 3.507553482055664062e+01 4.743965530395507812e+01
5.242113304138183594e+01 4.364756774902343750e+01 3.582748794555664062e+01 4.943269348144531250e+01
5.357590293884277344e+01 4.459490776062011719e+01 3.468272781372070312e+01 4.651742935180664062e+01
5.382864379882812500e+01 4.681535339355468750e+01 3.692031860351562500e+01 4.708908081054687500e+01
5.496358108520507812e+01 4.731055831909179688e+01 3.269597625732421875e+01 4.308216094970703125e+01
5.376959419250488281e+01 4.996265220642089844e+01 3.508454513549804688e+01 4.266148757934570312e+01
5.528291702270507812e+01 4.854732894897460938e+01 3.243248748779296875e+01 4.507660675048828125e+01
5.449749946594238281e+01 4.891005325317382812e+01 3.359414291381835938e+01 4.579430389404296875e+01
5.382809066772460938e+01 4.975134277343750000e+01 3.503267669677734375e+01 4.639593505859375000e+01
5.429953956604003906e+01 5.137845802307128906e+01 3.368162155151367188e+01 4.327572250366210938e+01
5.235859298706054688e+01 4.969789886474609375e+01 3.424857330322265625e+01 4.647451782226562500e+01
5.158405303955078125e+01 5.248580551147460938e+01 3.710786437988281250e+01 4.523441314697265625e+01
4.970431900024414062e+01 5.268411636352539062e+01 3.772345733642578125e+01 4.605458831787109375e+01
5.008735847473144531e+01 5.350624084472656250e+01 3.783744430541992188e+01 4.568347167968750000e+01
4.955148315429687500e+01 5.409045600891113281e+01 3.787541198730468750e+01 4.562830734252929688e+01
5.102884101867675781e+01 5.562325286865234375e+01 3.664422225952148438e+01 4.741027832031250000e+01
5.177061653137207031e+01 5.681191253662109375e+01 3.770641708374023438e+01 4.583311462402343750e+01
5.171790313720703125e+01 5.841918945312500000e+01 3.992001342773437500e+01 4.655424499511718750e+01
5.229452705383300781e+01 5.980073165893554688e+01 4.114609909057617188e+01 4.416464996337890625e+01
5.248211097717285156e+01 6.065607261657714844e+01 4.083068466186523438e+01 4.628175735473632812e+01
5.405256080627441406e+01 6.121866989135742188e+01 3.954456710815429688e+01 4.563211822509765625e+01
5.348705863952636719e+01 6.110116958618164062e+01 4.005578994750976562e+01 4.770043182373046875e+01
5.115955543518066406e+01 6.267974472045898438e+01 4.062041854858398438e+01 4.592029571533203125e+01
4.982880783081054688e+01 6.330651283264160156e+01 4.169339752197265625e+01 4.600011825561523438e+01
4.917941474914550781e+01 6.373328208923339844e+01 4.134727096557617188e+01 4.562033462524414062e+01
5.049413490295410156e+01 6.394058609008789062e+01 4.153222274780273438e+01 4.472170257568359375e+01
4.818788719177246094e+01 6.355793952941894531e+01 4.470395278930664062e+01 4.573194503784179688e+01
4.956014060974121094e+01 6.338415908813476562e+01 4.392003250122070312e+01 4.461974334716796875e+01
5.028619956970214844e+01 6.257741546630859375e+01 4.145637893676757812e+01 4.397473144531250000e+01
4.926598548889160156e+01 6.236484909057617188e+01 4.149641036987304688e+01 4.589710235595703125e+01
4.698548316955566406e+01 6.269101715087890625e+01 4.211712265014648438e+01 4.448612976074218750e+01
4.712102127075195312e+01 6.220518112182617188e+01 4.130156707763671875e+01 4.496596527099609375e+01
4.905323219299316406e+01 6.203718376159667969e+01 3.923406600952148438e+01 4.497670364379882812e+01
4.850134277343750000e+01 6.151824378967285156e+01 3.947128295898437500e+01 4.533047103881835938e+01
4.945601272583007812e+01 6.147619438171386719e+01 3.908095550537109375e+01 4.392313003540039062e+01
4.881827926635742188e+01 6.054783058166503906e+01 3.936341094970703125e+01 4.426353073120117188e+01
4.902807426452636719e+01 5.994797515869140625e+01 3.869513320922851562e+01 4.435494995117187500e+01
4.796319961547851562e+01 5.921058273315429688e+01 3.970001983642578125e+01 4.454604339599609375e+01
4.834320449829101562e+01 5.885690689086914062e+01 3.896964263916015625e+01 4.524890899658203125e+01
4.867526817321777344e+01 5.833930587768554688e+01 3.811424636840820312e+01 4.553420257568359375e+01
4.877016830444335938e+01 5.716317558288574219e+01 3.760854339599609375e+01 4.577537918090820312e+01
4.779972076416015625e+01 5.840017318725585938e+01 3.782560729980468750e+01 4.535186004638671875e+01
4.785490989685058594e+01 5.796631622314453125e+01 3.721785354614257812e+01 4.500201416015625000e+01
4.816530990600585938e+01 5.947929191589355469e+01 3.716591644287109375e+01 4.429312515258789062e+01
4.813669395446777344e+01 5.907444953918457031e+01 3.731775283813476562e+01 4.484795761108398438e+01
4.709640502929687500e+01 5.996501541137695312e+01 3.749221801757812500e+01 4.429462432861328125e+01
4.685394668579101562e+01 5.980561256408691406e+01 4.016106414794921875e+01 4.390993881225585938e+01
4.606330299377441406e+01 5.934501075744628906e+01 3.925614547729492188e+01 4.556724166870117188e+01
4.670247840881347656e+01 5.998962402343750000e+01 3.955854415893554688e+01 4.396188354492187500e+01
4.725205612182617188e+01 6.096897697448730469e+01 3.878522491455078125e+01 4.545706558227539062e+01
4.839863204956054688e+01 6.034064865112304688e+01 3.725524139404296875e+01 4.449449920654296875e+01
4.831247329711914062e+01 6.147769737243652344e+01 3.748093414306640625e+01 4.562100601196289062e+01
4.974473571777343750e+01 6.130830001831054688e+01 3.639599609375000000e+01 4.582143402099609375e+01
4.689034271240234375e+01 6.108964920043945312e+01 3.806109619140625000e+01 4.845058441162109375e+01
4.819620513916015625e+01 6.088421058654785156e+01 3.766636657714843750e+01 4.472365951538085938e+01
4.704757881164550781e+01 6.085131072998046875e+01 3.806452560424804688e+01 4.634004211425781250e+01
5.129660415649414062e+01 6.157991409301757812e+01 3.476039886474609375e+01 4.365454864501953125e+01
5.094294357299804688e+01 6.099172592163085938e+01 3.461946868896484375e+01 4.869283294677734375e+01
4.824501800537109375e+01 5.971639442443847656e+01 3.736773681640625000e+01 4.801195907592773438e+01
5.141335868835449219e+01 6.093531227111816406e+01 3.583690261840820312e+01 4.396804428100585938e+01
5.229249382019042969e+01 6.279755210876464844e+01 3.546582412719726562e+01 4.426001358032226562e+01
5.197078895568847656e+01 6.180739021301269531e+01 3.674389266967773438e+01 4.464069747924804688e+01
5.426506042480468750e+01 6.023690986633300781e+01 3.659222412109375000e+01 4.539167404174804688e+01
5.649944877624511719e+01 6.177614784240722656e+01 3.478050613403320312e+01 4.278644943237304688e+01
5.872900772094726562e+01 6.138181495666503906e+01 3.478314971923828125e+01 4.370342636108398438e+01
5.983736801147460938e+01 6.234464645385742188e+01 3.584697723388671875e+01 4.475075531005859375e+01
6.064809417724609375e+01 6.338589477539062500e+01 3.566009521484375000e+01 4.221058654785156250e+01
6.166601181030273438e+01 6.363138961791992188e+01 3.519980621337890625e+01 4.341677093505859375e+01
6.169407463073730469e+01 6.382251548767089844e+01 3.602826309204101562e+01 4.184944534301757812e+01
6.400116920471191406e+01 6.399072265625000000e+01 3.440681076049804688e+01 4.215896606445312500e+01
6.420694160461425781e+01 6.425218200683593750e+01 3.529487228393554688e+01 4.370008850097656250e+01
6.512933349609375000e+01 6.456086158752441406e+01 3.535433959960937500e+01 4.442721176147460938e+01
6.716999435424804688e+01 6.534764671325683594e+01 3.418222808837890625e+01 4.226149368286132812e+01
6.506669998168945312e+01 6.481589889526367188e+01 3.565749359130859375e+01 4.207152557373046875e+01
6.820477485656738281e+01 6.444846343994140625e+01 3.378736495971679688e+01 4.406376647949218750e+01
6.653205680847167969e+01 6.390605163574218750e+01 3.538101577758789062e+01 4.413488769531250000e+01
6.879428100585937500e+01 6.411018371582031250e+01 3.394046020507812500e+01 4.350671386718750000e+01
6.763188934326171875e+01 6.397994804382324219e+01 3.507150268554687500e+01 4.131796646118164062e+01
6.786568450927734375e+01 6.295231819152832031e+01 3.517283630371093750e+01 4.374891281127929688e+01
7.055003166198730469e+01 6.302140426635742188e+01 3.381128311157226562e+01 4.251889801025390625e+01
6.839869308471679688e+01 6.288495635986328125e+01 3.548288726806640625e+01 4.244230651855468750e+01
6.939192008972167969e+01 6.228724479675292969e+01 3.643840408325195312e+01 4.208443069458007812e+01
6.522946739196777344e+01 6.192295074462890625e+01 3.961145401000976562e+01 4.219287109375000000e+01
7.002296447753906250e+01 6.110906219482421875e+01 3.597242736816406250e+01 4.375965881347656250e+01
6.439237976074218750e+01 6.209440422058105469e+01 3.994319152832031250e+01 4.190811538696289062e+01
7.228388977050781250e+01 6.022262001037597656e+01 3.311376953125000000e+01 4.354493331909179688e+01
7.186129951477050781e+01 6.082989311218261719e+01 3.423254013061523438e+01 4.380131912231445312e+01
7.134906387329101562e+01 6.092580986022949219e+01 3.722119903564453125e+01 4.296986770629882812e+01
6.455546951293945312e+01 6.135408782958984375e+01 4.423590850830078125e+01 4.481091308593750000e+01
7.475866508483886719e+01 6.047350692749023438e+01 3.557234573364257812e+01 4.355547332763671875e+01
7.626718330383300781e+01 6.128487968444824219e+01 3.567754745483398438e+01 4.535347366333007812e+01
7.772844123840332031e+01 6.235413169860839844e+01 3.744138717651367188e+01 4.436359024047851562e+01
7.985140037536621094e+01 6.168596458435058594e+01 3.771486282348632812e+01 4.459920120239257812e+01
8.227361297607421875e+01 6.244592475891113281e+01 3.685235595703125000e+01 4.621557235717773438e+01
8.511638259887695312e+01 6.175703430175781250e+01 3.611902618408203125e+01 4.503199768066406250e+01
8.576020240783691406e+01 6.282351684570312500e+01 3.663720321655273438e+01 4.616023254394531250e+01
8.685137367248535156e+01 6.301807594299316406e+01 3.716021347045898438e+01 4.452820968627929688e+01
8.851427841186523438e+01 6.276251220703125000e+01 3.759990692138671875e+01 4.429582214355468750e+01
9.148688697814941406e+01 6.237731361389160156e+01 3.705341720581054688e+01 4.526855087280273438e+01
9.330595397949218750e+01 6.249880027770996094e+01 3.537322998046875000e+01 4.370463943481445312e+01
9.384465408325195312e+01 6.207644844055175781e+01 3.583130645751953125e+01 4.566704940795898438e+01
9.495411491394042969e+01 6.277879524230957031e+01 3.507217788696289062e+01 4.367646408081054688e+01
9.608112716674804688e+01 6.234252929687500000e+01 3.524408721923828125e+01 4.531419372558593750e+01
9.624835205078125000e+01 6.173623657226562500e+01 3.638052368164062500e+01 4.681401062011718750e+01
9.816815948486328125e+01 6.173726654052734375e+01 3.624868774414062500e+01 4.521826171875000000e+01
9.850665473937988281e+01 6.187977981567382812e+01 3.579236984252929688e+01 4.659459686279296875e+01
9.857274055480957031e+01 6.218917274475097656e+01 3.600571823120117188e+01 4.500425338745117188e+01
9.820428085327148438e+01 6.160874938964843750e+01 3.548572540283203125e+01 4.471861267089843750e+01
9.915790557861328125e+01 6.156829071044921875e+01 3.537617492675781250e+01 4.663203430175781250e+01
9.915126037597656250e+01 6.210322189331054688e+01 3.616516113281250000e+01 4.657077789306640625e+01
9.868672370910644531e+01 6.153990173339843750e+01 3.667712020874023438e+01 4.573257446289062500e+01
1.000754547119140625e+02 6.293955230712890625e+01 3.554464721679687500e+01 4.618547058105468750e+01
1.010768203735351562e+02 6.197296524047851562e+01 3.527493286132812500e+01 4.528697967529296875e+01
1.009164123535156250e+02 6.198640823364257812e+01 3.521354675292968750e+01 4.653722381591796875e+01
1.020694408416748047e+02 6.251681137084960938e+01 3.457576370239257812e+01 4.668961334228515625e+01
1.030794105529785156e+02 6.106188201904296875e+01 3.462778472900390625e+01 4.607922363281250000e+01
1.041720600128173828e+02 5.989282608032226562e+01 3.480872726440429688e+01 4.818704986572265625e+01
1.037870197296142578e+02 6.023907852172851562e+01 3.641373825073242188e+01 4.674625396728515625e+01
1.065213241577148438e+02 5.937165832519531250e+01 3.481695556640625000e+01 4.791899108886718750e+01
1.067636184692382812e+02 5.911222648620605469e+01 3.563497924804687500e+01 4.716670608520507812e+01
1.075911769866943359e+02 5.803244972229003906e+01 3.467566299438476562e+01 4.675362777709960938e+01
1.080842285156250000e+02 5.960429382324218750e+01 3.535235595703125000e+01 4.533177185058593750e+01
1.092373065948486328e+02 5.787199401855468750e+01 3.585721969604492188e+01 4.391413879394531250e+01
1.084930114746093750e+02 5.885886764526367188e+01 3.749528503417968750e+01 4.347838592529296875e+01
1.096792297363281250e+02 5.711051559448242188e+01 3.694326782226562500e+01 4.348241424560546875e+01
1.091454353332519531e+02 5.789628410339355469e+01 3.789582061767578125e+01 4.404715347290039062e+01
1.093113059997558594e+02 5.614467048645019531e+01 3.762456512451171875e+01 4.372634506225585938e+01
1.088723640441894531e+02 5.605067062377929688e+01 3.744229888916015625e+01 4.483269500732421875e+01
1.087445888519287109e+02 5.690732955932617188e+01 3.745541763305664062e+01 4.579164886474609375e+01
1.101828689575195312e+02 5.586348152160644531e+01 3.633671569824218750e+01 4.353123092651367188e+01
1.088904972076416016e+02 5.624483108520507812e+01 3.867634201049804688e+01 4.454245758056640625e+01
1.093199558258056641e+02 5.702037811279296875e+01 3.783628463745117188e+01 4.348394775390625000e+01
1.088557033538818359e+02 5.779607772827148438e+01 3.789294815063476562e+01 4.526132965087890625e+01
1.082987155914306641e+02 5.726044273376464844e+01 3.855717086791992188e+01 4.365669631958007812e+01
1.086111583709716797e+02 5.704752159118652344e+01 3.842618179321289062e+01 4.382161331176757812e+01
1.095330982208251953e+02 5.765899467468261719e+01 3.835848617553710938e+01 4.312242507934570312e+01
1.118055591583251953e+02 5.666254425048828125e+01 3.665020370483398438e+01 4.347532653808593750e+01
1.137041168212890625e+02 5.781657981872558594e+01 3.495486450195312500e+01 4.259250259399414062e+01
1.153181743621826172e+02 5.698485374450683594e+01 3.433916091918945312e+01 4.351443862915039062e+01
1.173879089355468750e+02 5.676683998107910156e+01 3.418437194824218750e+01 4.496421432495117188e+01
1.182909755706787109e+02 5.598142814636230469e+01 3.516531753540039062e+01 4.732231521606445312e+01
1.197895183563232422e+02 5.604439163208007812e+01 3.592409133911132812e+01 4.648239898681640625e+01
1.213183212280273438e+02 5.729821395874023438e+01 3.606112670898437500e+01 4.756581878662109375e+01
1.229159927368164062e+02 5.511499023437500000e+01 3.642485046386718750e+01 4.719494628906250000e+01
1.240224533081054688e+02 5.401808738708496094e+01 3.688847351074218750e+01 4.800293350219726562e+01
1.260084114074707031e+02 5.447090148925781250e+01 3.620996856689453125e+01 4.669793701171875000e+01
1.263017311096191406e+02 5.429974365234375000e+01 3.580753326416015625e+01 4.699627685546875000e+01
1.268979949951171875e+02 5.400514793395996094e+01 3.676873779296875000e+01 4.741266250610351562e+01
1.283456172943115234e+02 5.388433647155761719e+01 3.648498916625976562e+01 4.585235977172851562e+01
1.268056621551513672e+02 5.442519950866699219e+01 3.872909927368164062e+01 5.170970535278320312e+01
1.287211284637451172e+02 5.280418395996093750e+01 3.744298171997070312e+01 4.801660156250000000e+01
1.284541969299316406e+02 5.430300712585449219e+01 3.778676605224609375e+01 4.864430618286132812e+01
1.280205535888671875e+02 5.320967292785644531e+01 3.626562500000000000e+01 4.520544052124023438e+01
1.285638675689697266e+02 5.301930427551269531e+01 3.794009017944335938e+01 5.430874252319335938e+01
1.281016139984130859e+02 5.358078956604003906e+01 3.568584060668945312e+01 4.697376632690429688e+01
1.287429256439208984e+02 5.400312995910644531e+01 3.733649063110351562e+01 5.071618270874023438e+01
1.273006973266601562e+02 5.290861511230468750e+01 3.684086608886718750e+01 4.835667419433593750e+01
1.287098274230957031e+02 5.323370933532714844e+01 3.565056610107421875e+01 4.665190505981445312e+01
1.280783138275146484e+02 5.336641883850097656e+01 3.835425186157226562e+01 5.263648605346679688e+01
1.274008922576904297e+02 5.310076904296875000e+01 3.837474441528320312e+01 5.238233947753906250e+01
1.296004543304443359e+02 5.282869338989257812e+01 3.886697769165039062e+01 5.288095855712890625e+01
1.298303012847900391e+02 5.194328689575195312e+01 3.996612167358398438e+01 5.046360015869140625e+01
1.295393848419189453e+02 5.327672576904296875e+01 3.942042160034179688e+01 4.616908264160156250e+01
1.299832210540771484e+02 5.245331764221191406e+01 3.889775466918945312e+01 4.689098739624023438e+01
1.320360412597656250e+02 5.334667015075683594e+01 3.910459899902343750e+01 4.692164993286132812e+01
1.325419502258300781e+02 5.063168716430664062e+01 3.843718719482421875e+01 4.758203887939453125e+01
1.340187530517578125e+02 5.197192573547363281e+01 3.783947753906250000e+01 4.846958541870117188e+01
1.352442741394042969e+02 5.091104125976562500e+01 3.906073760986328125e+01 4.828305053710937500e+01
1.349275207519531250e+02 5.117087554931640625e+01 4.129527282714843750e+01 5.030532836914062500e+01
1.367483711242675781e+02 5.328625679016113281e+01 3.846619415283203125e+01 4.598444747924804688e+01
1.354933967590332031e+02 5.201962089538574219e+01 4.116931915283203125e+01 4.951221084594726562e+01
1.374189815521240234e+02 5.418305778503417969e+01 3.813962173461914062e+01 4.846474075317382812e+01
1.374760780334472656e+02 5.410332107543945312e+01 3.831781768798828125e+01 4.787868499755859375e+01
1.383252296447753906e+02 5.440389442443847656e+01 3.613254547119140625e+01 4.712115097045898438e+01
1.379915561676025391e+02 5.450909423828125000e+01 3.767324447631835938e+01 4.745640563964843750e+01
1.373803405761718750e+02 5.313798522949218750e+01 3.734465026855468750e+01 4.788098144531250000e+01
1.349006309509277344e+02 5.424823570251464844e+01 4.159423065185546875e+01 4.717239761352539062e+01
1.381144962310791016e+02 5.454414176940917969e+01 3.719810104370117188e+01 4.524650955200195312e+01
1.383355979919433594e+02 5.384977340698242188e+01 3.751296234130859375e+01 4.657933807373046875e+01
1.402231216430664062e+02 5.402890396118164062e+01 3.561305236816406250e+01 4.588539886474609375e+01
1.414180335998535156e+02 5.449209213256835938e+01 3.511606597900390625e+01 4.477130889892578125e+01
1.429532012939453125e+02 5.476844787597656250e+01 3.431294250488281250e+01 4.429508972167968750e+01
1.434191417694091797e+02 5.360885047912597656e+01 3.524525833129882812e+01 4.611370468139648438e+01
1.444724159240722656e+02 5.461901855468750000e+01 3.578205108642578125e+01 4.510510253906250000e+01
1.450104694366455078e+02 5.560913658142089844e+01 3.626224899291992188e+01 4.530499649047851562e+01
1.449499988555908203e+02 5.535907936096191406e+01 3.661484909057617188e+01 4.677883529663085938e+01
1.467716999053955078e+02 5.591874313354492188e+01 3.611510848999023438e+01 4.685588836669921875e+01
1.475018482208251953e+02 5.640776443481445312e+01 3.616912460327148438e+01 4.735890960693359375e+01
1.464657230377197266e+02 5.798617172241210938e+01 3.684243392944335938e+01 4.664791107177734375e+01
1.477880001068115234e+02 5.843731117248535156e+01 3.548996353149414062e+01 4.606304550170898438e+01
1.471077194213867188e+02 5.795756340026855469e+01 3.621798706054687500e+01 4.737137222290039062e+01
1.478268985748291016e+02 5.846563339233398438e+01 3.546081161499023438e+01 4.566439056396484375e+01
1.474365692138671875e+02 5.887633323669433594e+01 3.595635986328125000e+01 4.702319717407226562e+01
1.465137252807617188e+02 5.614272117614746094e+01 3.653521728515625000e+01 4.968346023559570312e+01
1.459161510467529297e+02 5.793698883056640625e+01 3.680636978149414062e+01 4.601089477539062500e+01
1.442854118347167969e+02 5.803996849060058594e+01 3.770664215087890625e+01 4.500201797485351562e+01
1.403109588623046875e+02 5.417816352844238281e+01 3.647113037109375000e+01 4.477177047729492188e+01
1.414108638763427734e+02 5.379008102416992188e+01 3.567709732055664062e+01 4.577390289306640625e+01
1.420611858367919922e+02 5.419897079467773438e+01 3.569055557250976562e+01 4.563217926025390625e+01
1.420745391845703125e+02 5.470023536682128906e+01 3.570942687988281250e+01 4.591350936889648438e+01
1.424565601348876953e+02 5.341609001159667969e+01 3.588376998901367188e+01 4.761601638793945312e+01
1.428047275543212891e+02 5.303112030029296875e+01 3.606095504760742188e+01 4.871678161621093750e+01
1.426345634460449219e+02 5.088613319396972656e+01 3.600809478759765625e+01 5.105900192260742188e+01
1.426525020599365234e+02 5.117152023315429688e+01 3.640375137329101562e+01 5.070317840576171875e+01
1.432956733703613281e+02 5.141490554809570312e+01 3.586574554443359375e+01 4.939232635498046875e+01
1.433822250366210938e+02 5.068874931335449219e+01 3.609526062011718750e+01 5.033224868774414062e+01
1.437871704101562500e+02 5.299626350402832031e+01 3.654345703125000000e+01 4.759588241577148438e+01
1.440957794189453125e+02 5.435847663879394531e+01 3.569055175781250000e+01 4.506309127807617188e+01
1.446381797790527344e+02 5.349836349487304688e+01 3.610878753662109375e+01 4.530417633056640625e+01
1.443581733703613281e+02 5.370796966552734375e+01 3.638446807861328125e+01 4.361882019042968750e+01
1.446108531951904297e+02 5.198680114746093750e+01 3.659285354614257812e+01 4.394522094726562500e+01
1.450009555816650391e+02 5.063262748718261719e+01 3.735824203491210938e+01 4.676851272583007812e+01
1.454597129821777344e+02 5.034507942199707031e+01 3.752667999267578125e+01 4.636649703979492188e+01
1.459658508300781250e+02 5.051554679870605469e+01 3.773336791992187500e+01 4.751732254028320312e+01
1.461660194396972656e+02 5.072173500061035156e+01 3.852223968505859375e+01 4.683184432983398438e+01
1.477950973510742188e+02 5.130005645751953125e+01 3.863522338867187500e+01 4.668278503417968750e+01
1.516854934692382812e+02 5.317436599731445312e+01 3.760475158691406250e+01 4.672675323486328125e+01
1.531428356170654297e+02 5.297274208068847656e+01 3.684987258911132812e+01 4.733796310424804688e+01
1.530564270019531250e+02 5.481117248535156250e+01 3.618467712402343750e+01 4.547326660156250000e+01
1.536893863677978516e+02 5.549084472656250000e+01 3.647472763061523438e+01 4.548231506347656250e+01
1.548524570465087891e+02 5.583353805541992188e+01 3.632950973510742188e+01 4.586391448974609375e+01
1.537099037170410156e+02 5.685633850097656250e+01 3.668508148193359375e+01 4.465440368652343750e+01
1.545525226593017578e+02 5.702113151550292969e+01 3.597016525268554688e+01 4.512282180786132812e+01
1.535279750823974609e+02 5.746576690673828125e+01 3.623721694946289062e+01 4.496740722656250000e+01
1.544644031524658203e+02 5.856529426574707031e+01 3.585457992553710938e+01 4.538022994995117188e+01
1.548805789947509766e+02 5.976774215698242188e+01 3.625114059448242188e+01 4.501329803466796875e+01
1.550171756744384766e+02 6.102711868286132812e+01 3.558230209350585938e+01 4.396985626220703125e+01
1.557244987487792969e+02 6.214025115966796875e+01 3.583750152587890625e+01 4.427398681640625000e+01
1.537678470611572266e+02 6.378974533081054688e+01 3.625336837768554688e+01 4.426119232177734375e+01
1.556330928802490234e+02 6.490575027465820312e+01 3.575400161743164062e+01 4.509746551513671875e+01
1.544769840240478516e+02 6.545569992065429688e+01 3.581118392944335938e+01 4.509026336669921875e+01
1.543140163421630859e+02 6.587378311157226562e+01 3.436078262329101562e+01 4.541902923583984375e+01
1.541793994903564453e+02 6.622823333740234375e+01 3.423844528198242188e+01 4.612023925781250000e+01
1.522202625274658203e+02 6.525591278076171875e+01 3.492907333374023438e+01 4.538249206542968750e+01
1.500932903289794922e+02 6.488521575927734375e+01 3.657782363891601562e+01 4.422734069824218750e+01
1.493749961853027344e+02 6.537262916564941406e+01 3.756842803955078125e+01 4.345365524291992188e+01
1.505102729797363281e+02 6.454747772216796875e+01 3.671125030517578125e+01 4.283093261718750000e+01
1.538893947601318359e+02 6.478171157836914062e+01 3.468494033813476562e+01 4.358023834228515625e+01
1.560866813659667969e+02 6.330906486511230469e+01 3.558734893798828125e+01 4.614697647094726562e+01
1.560438308715820312e+02 6.394271278381347656e+01 3.564138793945312500e+01 4.490748214721679688e+01
1.559128513336181641e+02 6.260828781127929688e+01 3.483932113647460938e+01 4.657089996337890625e+01
1.550111427307128906e+02 6.130107498168945312e+01 3.628324127197265625e+01 4.789383697509765625e+01
1.459886226654052734e+02 5.150239562988281250e+01 3.807822036743164062e+01 4.701673889160156250e+01
1.466083183288574219e+02 5.148901367187500000e+01 3.809897613525390625e+01 4.608378601074218750e+01
1.464343414306640625e+02 5.116943931579589844e+01 3.831698608398437500e+01 4.633865737915039062e+01
1.470846233367919922e+02 5.118407058715820312e+01 3.889670181274414062e+01 4.741329193115234375e+01
1.469807701110839844e+02 5.197041130065917969e+01 3.899922943115234375e+01 4.806911087036132812e+01
1.479843044281005859e+02 5.190680122375488281e+01 3.924516677856445312e+01 4.856455612182617188e+01
1.467411670684814453e+02 5.287843513488769531e+01 3.903504562377929688e+01 4.845759201049804688e+01
1.460970954895019531e+02 5.358381652832031250e+01 3.821637725830078125e+01 5.000320434570312500e+01
1.440266342163085938e+02 5.542666625976562500e+01 3.815312194824218750e+01 4.876029968261718750e+01
1.413844795227050781e+02 5.194420433044433594e+01 3.600411224365234375e+01 5.342624282836914062e+01
1.370917835235595703e+02 5.174872398376464844e+01 3.764773178100585938e+01 5.149966812133789062e+01
1.330941009521484375e+02 5.532627868652343750e+01 4.197709655761718750e+01 5.044960021972656250e+01
1.283284873962402344e+02 5.318540763854980469e+01 3.986014556884765625e+01 4.712657546997070312e+01
1.278883438110351562e+02 5.391959762573242188e+01 4.181239318847656250e+01 4.908966827392578125e+01
1.252993755340576172e+02 5.483349418640136719e+01 3.459573745727539062e+01 4.599643325805664062e+01
1.260773830413818359e+02 5.374997711181640625e+01 3.605556106567382812e+01 4.816098022460937500e+01
1.280200061798095703e+02 5.444830894470214844e+01 3.759069442749023438e+01 4.906973648071289062e+01
1.283820018768310547e+02 5.140081596374511719e+01 3.821884536743164062e+01 4.829196548461914062e+01
1.308355331420898438e+02 5.092614173889160156e+01 3.764097595214843750e+01 4.816605758666992188e+01
1.302778587341308594e+02 4.965611839294433594e+01 3.668819427490234375e+01 4.489755630493164062e+01
1.287375850677490234e+02 4.974205970764160156e+01 3.734807205200195312e+01 4.611451339721679688e+01
1.281903667449951172e+02 4.954063034057617188e+01 3.640105056762695312e+01 4.421031951904296875e+01
1.275811748504638672e+02 4.993371200561523438e+01 3.596397781372070312e+01 4.450852203369140625e+01
1.278279361724853516e+02 5.015477561950683594e+01 3.478565597534179688e+01 4.423175430297851562e+01
1.275942955017089844e+02 5.003025436401367188e+01 3.590201568603515625e+01 4.643097686767578125e+01
1.278556556701660156e+02 5.030247116088867188e+01 3.548326873779296875e+01 4.540998077392578125e+01
1.288131427764892578e+02 5.026476478576660156e+01 3.557789230346679688e+01 4.517014694213867188e+01
1.287775459289550781e+02 5.117545890808105469e+01 3.629817962646484375e+01 4.528535842895507812e+01
1.296627273559570312e+02 5.171701049804687500e+01 3.602355957031250000e+01 4.577154541015625000e+01
1.302074680328369141e+02 5.048267745971679688e+01 3.692335128784179688e+01 4.713867950439453125e+01
1.317226562500000000e+02 4.967666053771972656e+01 3.671424865722656250e+01 4.742628097534179688e+01
1.320772933959960938e+02 4.929228401184082031e+01 3.632548522949218750e+01 4.745765304565429688e+01
1.328496208190917969e+02 4.874095535278320312e+01 3.596620941162109375e+01 4.714646148681640625e+01
1.342620296478271484e+02 4.841514778137207031e+01 3.612929153442382812e+01 4.786631393432617188e+01
1.343605270385742188e+02 4.814140892028808594e+01 3.571853637695312500e+01 4.676559829711914062e+01
1.357877864837646484e+02 4.796803092956542969e+01 3.573299026489257812e+01 4.757405471801757812e+01
1.368304748535156250e+02 4.870147705078125000e+01 3.561412048339843750e+01 4.625448608398437500e+01
1.373398303985595703e+02 4.842052459716796875e+01 3.780468368530273438e+01 4.706854248046875000e+01
1.384230842590332031e+02 5.024614143371582031e+01 4.777074432373046875e+01 4.612115097045898438e+01
1.398123588562011719e+02 4.901133346557617188e+01 4.843668365478515625e+01 4.880083465576171875e+01
1.403765525817871094e+02 4.723215866088867188e+01 4.747159576416015625e+01 5.188498687744140625e+01
1.424137268066406250e+02 4.817506408691406250e+01 4.808355712890625000e+01 5.170286560058593750e+01
1.432697048187255859e+02 4.747111511230468750e+01 4.629021072387695312e+01 5.026185607910156250e+01
1.410294647216796875e+02 4.790700531005859375e+01 4.743287658691406250e+01 4.920549011230468750e+01
1.412825450897216797e+02 4.703973579406738281e+01 4.562680435180664062e+01 5.031705856323242188e+01
1.402497215270996094e+02 4.782994079589843750e+01 4.701822662353515625e+01 4.994721984863281250e+01
1.392478485107421875e+02 4.766469955444335938e+01 4.796859741210937500e+01 4.973696136474609375e+01
1.399955730438232422e+02 4.809143638610838423e+01 4.808255386352539062e+01 4.863086318969726562e+01
1.405384654998779297e+02 4.952360534667967329e+01 4.646422195434570312e+01 4.916604614257812500e+01
1.410221900939941406e+02 4.918542671203611860e+01 4.624626922607421875e+01 4.759893417358398438e+01
1.419542427062988281e+02 4.934849166870115766e+01 4.504286956787109375e+01 4.674947357177734375e+01
1.425126514434814453e+02 4.914543914794920454e+01 4.416939926147460938e+01 4.654525756835937500e+01
1.412551727294921875e+02 4.972315597534178266e+01 4.586602783203125000e+01 4.705185699462890625e+01
1.442207794189453125e+02 4.958650207519531250e+01 4.347558593750000000e+01 4.964199829101562500e+01
1.467172374725341797e+02 4.985752868652345171e+01 3.984495925903320312e+01 4.917683410644531250e+01
1.464494915008544922e+02 4.843650436401368609e+01 3.853427505493164062e+01 4.871974945068359375e+01
1.461415233612060547e+02 4.775808715820313921e+01 4.168756484985351562e+01 4.737051391601562500e+01
1.450553741455078125e+02 4.919363021850587359e+01 4.216036987304687500e+01 4.684734344482421875e+01
1.441931076049804688e+02 4.693136215209962359e+01 4.400445556640625000e+01 4.674942779541015625e+01
1.437899475097656250e+02 4.797140693664552202e+01 4.365731811523437500e+01 4.676050949096679688e+01
1.435124149322509766e+02 4.600281715393067827e+01 4.453451156616210938e+01 4.980508041381835938e+01
1.432860069274902344e+02 4.660447692871095171e+01 4.438759613037109375e+01 4.840476989746093750e+01
1.437635784149169922e+02 4.535603713989260655e+01 4.416983413696289062e+01 4.896581268310546875e+01
1.432630157470703125e+02 4.686189460754397373e+01 4.522772216796875000e+01 4.775095748901367188e+01
1.424989852905273438e+02 4.534446525573734732e+01 4.458589172363281250e+01 4.898228836059570312e+01
1.438043060302734375e+02 4.690989494323734732e+01 4.491482543945312500e+01 4.809164810180664062e+01
1.443067760467529297e+02 4.640879821777349434e+01 4.406077957153320312e+01 5.019927978515625000e+01
1.454830856323242188e+02 4.647595214843755684e+01 4.286764526367187500e+01 5.000645446777343750e+01
1.448721237182617188e+02 4.772824859619147730e+01 4.521624755859375000e+01 4.982388305664062500e+01
1.469731979370117188e+02 4.614230918884284449e+01 4.397030639648437500e+01 4.876930618286132812e+01
1.490426082611083984e+02 4.578886413574227277e+01 4.102365493774414062e+01 4.707810974121093750e+01
1.501660823822021484e+02 4.605117416381844464e+01 4.077423477172851562e+01 4.534970855712890625e+01
1.509641952514648438e+02 4.674411392211922589e+01 3.930374145507812500e+01 4.409764862060546875e+01
1.503007202148437500e+02 4.635808181762703839e+01 4.017385864257812500e+01 4.499037933349609375e+01
1.488617477416992188e+02 4.674014663696297589e+01 4.122955322265625000e+01 4.681656646728515625e+01
1.488080825805664062e+02 4.772786331176766339e+01 4.199157714843750000e+01 4.444771575927734375e+01
1.483286151885986328e+02 4.729340934753426495e+01 4.252050399780273438e+01 4.573723220825195312e+01
1.481098766326904297e+02 4.730055236816414777e+01 4.240240859985351562e+01 4.577320861816406250e+01
1.481346187591552734e+02 4.724732780456551495e+01 4.185113906860351562e+01 4.552009963989257812e+01
1.482485904693603516e+02 4.725344467163094464e+01 4.151292037963867188e+01 4.484250640869140625e+01
1.480818767547607422e+02 4.709032821655281964e+01 4.186030960083007812e+01 4.661017608642578125e+01
1.484422378540039062e+02 4.813369560241707745e+01 4.129498291015625000e+01 4.499127578735351562e+01
1.480700168609619141e+02 4.741191864013680402e+01 4.181808090209960938e+01 4.733799743652343750e+01
1.483809795379638672e+02 4.829605674743660870e+01 4.187898635864257812e+01 4.615556716918945312e+01
1.495122566223144531e+02 4.878481864929207745e+01 4.095388031005859375e+01 4.510673904418945312e+01
1.490699577331542969e+02 4.859118652343758527e+01 4.113842010498046875e+01 4.466085815429687500e+01
1.488760433197021484e+02 4.814354896545418683e+01 4.108479690551757812e+01 4.516675949096679688e+01
1.491543979644775391e+02 4.793753623962410870e+01 4.101017379760742188e+01 4.592435073852539062e+01
1.483689765930175781e+02 4.838945579528817120e+01 4.252347564697265625e+01 4.629884719848632812e+01
1.500914325714111328e+02 4.769121551513680402e+01 3.997393417358398438e+01 4.655714416503906250e+01
1.481078891754150391e+02 4.875583457946785870e+01 4.331269454956054688e+01 4.640100479125976562e+01
1.496757183074951172e+02 4.784517669677742902e+01 4.018008804321289062e+01 4.687477111816406250e+01
1.478087425231933594e+02 4.861138534545906964e+01 4.303752899169921875e+01 4.742511749267578125e+01
1.480377159118652344e+02 4.709005928039559308e+01 4.138768768310546875e+01 4.793712997436523438e+01
1.483085231781005859e+02 4.727924346923836652e+01 4.142981338500976562e+01 4.791340637207031250e+01
1.467456398010253906e+02 4.722818756103524152e+01 4.273627471923828125e+01 4.806246948242187500e+01
1.459643249511718750e+02 4.791037940979012433e+01 4.337565612792968750e+01 4.819109725952148438e+01
1.450339488983154297e+02 4.834391784667977277e+01 4.392508316040039062e+01 4.758851623535156250e+01
1.449783821105957031e+02 4.816114234924324933e+01 4.379763031005859375e+01 4.742477035522460938e+01
1.439181823730468750e+02 4.872352218627938214e+01 4.457185363769531250e+01 4.790241241455078125e+01
1.420027599334716797e+02 4.951292037963875714e+01 4.519510269165039062e+01 4.564229583740234375e+01
1.407331218719482422e+02 4.949123382568367902e+01 4.543542861938476562e+01 4.698207092285156250e+01
1.404692440032958984e+02 5.074443626403817120e+01 4.354828262329101562e+01 4.595865249633789062e+01
1.392222557067871094e+02 5.259845542907723370e+01 4.723567962646484375e+01 4.735640335083007812e+01
1.369620018005371094e+02 5.092075729370125714e+01 4.204058074951171875e+01 4.662529754638671875e+01
1.358566226959228516e+02 5.145464706420906964e+01 3.588914108276367188e+01 4.797869110107421875e+01
1.348704738616943359e+02 5.132747459411629620e+01 3.777957534790039062e+01 5.239317703247070312e+01
1.339257583618164062e+02 5.064989089965828839e+01 3.731393432617187500e+01 5.101741790771484375e+01
1.323035144805908203e+02 5.221134757995613995e+01 3.783375167846679688e+01 4.735876846313476562e+01
1.305109348297119141e+02 5.353653526306160870e+01 3.846372604370117188e+01 4.718233108520507812e+01
1.288506202697753906e+02 5.505116844177254620e+01 3.887244415283203125e+01 4.442236709594726562e+01
1.272358283996582031e+02 5.584915161132821027e+01 3.890439605712890625e+01 4.548561096191406250e+01
1.287135639190673828e+02 5.693994331359871808e+01 3.599036788940429688e+01 4.346737289428710938e+01
1.290852928161621094e+02 5.757757186889656964e+01 3.509763336181640625e+01 4.553270721435546875e+01
1.273704967498779297e+02 5.757456779479988995e+01 3.565066909790039062e+01 4.385339736938476562e+01
1.277867984771728516e+02 5.759171867370613995e+01 3.520797348022460938e+01 4.567792129516601562e+01
1.271149063110351562e+02 5.795139122009285870e+01 3.552436828613281250e+01 4.753419876098632812e+01
1.274370918273925781e+02 5.846959304809578839e+01 3.512624359130859375e+01 4.691669464111328125e+01
1.253211746215820312e+02 5.870524406433113995e+01 3.573106384277343750e+01 4.823256301879882812e+01
1.253339099884033203e+02 5.731750679016121808e+01 3.535897445678710938e+01 4.795457077026367188e+01
1.240843467712402344e+02 5.656077766418465558e+01 3.565044403076171875e+01 4.848173141479492188e+01
1.234312477111816406e+02 5.668449974060067120e+01 3.647286224365234375e+01 4.763547134399414062e+01
1.221346645355224609e+02 5.692864990234383527e+01 3.660525894165039062e+01 4.523844909667968750e+01
1.210655689239501953e+02 5.746656608581551495e+01 3.703582382202148438e+01 4.323501968383789062e+01
1.197782573699951172e+02 5.739714431762703839e+01 3.699103164672851562e+01 4.251558685302734375e+01
1.186420497894287109e+02 5.809415626525887433e+01 3.576561355590820312e+01 4.177718734741210938e+01
1.177165145874023438e+02 5.777583885192879620e+01 3.530355834960937500e+01 4.409180068969726562e+01
1.160429649353027344e+02 5.647671890258797589e+01 3.675603485107421875e+01 4.442697906494140625e+01
1.147975482940673828e+02 5.697628784179696027e+01 3.618745040893554688e+01 4.384466552734375000e+01
1.123383541107177734e+02 5.721750450134285870e+01 3.641284561157226562e+01 4.394411087036132812e+01
1.123392734527587891e+02 5.641568756103524152e+01 3.590319442749023438e+01 4.287030029296875000e+01
1.086742191314697266e+02 5.696283340454110089e+01 3.840247726440429688e+01 4.374890899658203125e+01
1.080282325744628906e+02 5.626480102539071027e+01 3.953604888916015625e+01 4.349844360351562500e+01
1.085241947174072266e+02 5.668266105651863995e+01 3.884710311889648438e+01 4.348765945434570312e+01
1.080982055664062500e+02 5.634567832946785870e+01 3.849754333496093750e+01 4.347407913208007812e+01
1.077899551391601562e+02 5.661195564270028058e+01 3.806445312500000000e+01 4.454003524780273438e+01
1.070888366699218750e+02 5.685856628417977277e+01 3.781857299804687500e+01 4.391242980957031250e+01
1.066897811889648438e+02 5.622415542602547589e+01 3.774932861328125000e+01 4.434832000732421875e+01
1.056042633056640625e+02 5.707227325439461652e+01 3.809681701660156250e+01 4.441783142089843750e+01
1.066330966949462891e+02 5.659628486633309308e+01 3.806072616577148438e+01 4.305364608764648438e+01
1.050033912658691406e+02 5.694995117187508527e+01 3.806523895263671875e+01 4.296101379394531250e+01
1.057679824829101562e+02 5.672048377990731183e+01 3.798666381835937500e+01 4.242463302612304688e+01
1.061441612243652344e+02 5.729476737976082745e+01 3.734908294677734375e+01 4.292830276489257812e+01
1.049241733551025391e+02 5.669639968872078839e+01 3.707870101928710938e+01 4.411290740966796875e+01
1.040893230438232422e+02 5.588972663879403058e+01 3.576022720336914062e+01 4.615224838256835938e+01
1.070240478515625000e+02 5.677279853820809308e+01 3.221792602539062500e+01 4.484830856323242188e+01
1.043320407867431641e+02 5.734331130981453839e+01 3.234971237182617188e+01 4.594783782958984375e+01
1.051084089279174805e+02 5.797905158996590558e+01 3.139098548889160156e+01 4.450536727905273438e+01
1.052352752685546875e+02 5.800347709655770245e+01 3.089138793945312500e+01 4.819423294067382812e+01
1.047311801910400391e+02 5.809446907043465558e+01 3.036674118041992188e+01 4.634536361694335938e+01
1.055070848464965820e+02 5.835020446777352277e+01 3.056931114196777344e+01 4.789991760253906250e+01
1.054488410949707031e+02 5.924599838256844464e+01 2.868399810791015625e+01 4.701990509033203125e+01
1.040392627716064453e+02 5.617253494262703839e+01 3.055288314819335938e+01 4.736090850830078125e+01
1.049966821670532227e+02 5.665988731384285870e+01 2.979951286315917969e+01 5.200041580200195312e+01
1.055058059692382812e+02 5.634673118591317120e+01 2.821360778808593750e+01 4.787790298461914062e+01
1.040265531539916992e+02 5.744207382202156964e+01 3.016233253479003906e+01 5.196700286865234375e+01
1.058694210052490234e+02 5.622184753417977277e+01 2.879117202758789062e+01 4.586853027343750000e+01
1.051245870590209961e+02 5.726566886901863995e+01 2.950139045715332031e+01 4.796649551391601562e+01
1.047111854553222656e+02 5.894425773620613995e+01 3.019002532958984375e+01 4.704053115844726562e+01
1.065261602401733398e+02 5.900422096252449933e+01 2.919531440734863281e+01 4.425153732299804688e+01
1.068493614196777344e+02 5.958294105529793683e+01 2.870410919189453125e+01 4.838004684448242188e+01
1.062127132415771484e+02 5.812015342712410870e+01 2.867518997192382812e+01 4.556843948364257812e+01
1.063575401306152344e+02 5.921372604370125714e+01 2.874790191650390625e+01 4.670220184326171875e+01
1.051045379638671875e+02 5.983927345275887433e+01 3.011151123046875000e+01 4.948507308959960938e+01
1.072705144882202148e+02 5.862641525268563214e+01 2.813330268859863281e+01 4.657143402099609375e+01
1.081944818496704102e+02 5.981549072265633527e+01 2.765192985534667969e+01 4.629344177246093750e+01
1.068094749450683594e+02 6.011689186096199933e+01 2.825415802001953125e+01 4.633982467651367188e+01
1.062580718994140625e+02 5.393432426452645245e+01 2.895660400390625000e+01 4.879837417602539062e+01
9.439176368713378906e+01 5.574741935729988995e+01 3.767075729370117188e+01 4.498913955688476562e+01
7.714594650268554688e+01 3.955298614501961652e+01 3.905121612548828125e+01 4.502104187011718750e+01
7.480731105804443359e+01 4.896150779724129620e+01 3.015437507629394531e+01 3.215901565551757812e+01
7.827315902709960938e+01 4.510924339294442120e+01 3.013420867919921875e+01 3.385705947875976562e+01
6.523796653747558594e+01 4.622256851196297589e+01 3.702831649780273438e+01 3.462870025634765625e+01
5.855612182617187500e+01 4.481235885620125714e+01 4.753255462646484375e+01 4.449318695068359375e+01
2.945634841918945312e+01 5.966714096069344464e+01 4.138236999511718750e+01 4.849663543701171875e+01
2.629125976562500000e+01 5.734639358520516339e+01 4.433953094482421875e+01 4.779734039306640625e+01
2.662740707397460938e+01 5.629038238525399152e+01 4.373123168945312500e+01 4.189241027832031250e+01
2.979595184326171875e+01 6.116749191284188214e+01 3.759886932373046875e+01 4.965662384033203125e+01
2.553927421569824219e+01 6.035141754150399152e+01 3.539060592651367188e+01 4.692680358886718750e+01
2.385598182678222656e+01 5.861691284179696027e+01 4.384643936157226562e+01 5.068545532226562500e+01
2.117836952209472656e+01 5.812138557434090558e+01 5.055516433715820312e+01 4.627190780639648438e+01
2.570674514770507812e+01 5.631681632995613995e+01 4.624604797363281250e+01 4.813942337036132812e+01
2.521243476867675781e+01 5.448941612243660870e+01 4.543379592895507812e+01 4.396281814575195312e+01
2.754617691040039062e+01 6.167289161682137433e+01 3.986775207519531250e+01 5.122292709350585938e+01
2.592156028747558594e+01 5.928416824340828839e+01 4.231093978881835938e+01 5.372936248779296875e+01
2.024947738647460938e+01 5.696574401855477277e+01 5.307833862304687500e+01 5.266535949707031250e+01
2.506439971923828125e+01 5.193145942687996808e+01 4.951213836669921875e+01 5.095090866088867188e+01
2.443711853027343750e+01 5.519029808044442120e+01 4.941028594970703125e+01 4.574327468872070312e+01
2.740226364135742188e+01 5.425692176818856183e+01 4.580612182617187500e+01 4.748025131225585938e+01
2.329460334777832031e+01 5.450245475769051495e+01 4.581048965454101562e+01 4.940765762329101562e+01
2.646825027465820312e+01 5.497471427917488995e+01 4.523271179199218750e+01 4.666145706176757812e+01
2.687198448181152344e+01 5.501226615905770245e+01 4.642573165893554688e+01 4.786987686157226562e+01
2.454810905456542969e+01 5.883069992065438214e+01 4.567826461791992188e+01 5.262743377685546875e+01
2.411533737182615766e+01 5.641927909851081324e+01 4.944990539550781250e+01 5.144668960571289062e+01
1.969196510314939985e+01 5.418806648254401637e+01 5.400529861450195312e+01 5.057476425170898438e+01
2.315953445434570312e+01 5.482902717590340558e+01 4.865113830566406250e+01 5.080335617065429688e+01
2.381065368652343750e+01 5.433425331115731183e+01 4.705358123779296875e+01 4.817969894409179688e+01
2.304945945739746094e+01 5.737199592590340558e+01 5.211362838745117188e+01 4.200399398803710938e+01
2.946043586730957031e+01 5.513022232055672589e+01 4.319964981079101562e+01 4.444228363037109375e+01
2.909337043762207031e+01 5.597639465332039777e+01 4.093053054809570312e+01 4.842672729492187500e+01
2.757265853881835938e+01 5.672463989257821027e+01 4.139949035644531250e+01 5.380593872070312500e+01
2.380434989929199219e+01 5.641522979736336652e+01 4.630651473999023438e+01 4.646713256835937500e+01
2.578614616394044390e+01 5.581111145019541198e+01 4.531548690795898438e+01 4.251159667968750000e+01
2.720237922668458452e+01 5.494019699096689635e+01 4.228252029418945312e+01 5.395909881591796875e+01
2.138862419128419390e+01 5.545575714111338073e+01 5.066781234741210938e+01 4.641864013671875000e+01
2.364088439941407671e+01 5.490847015380869323e+01 5.005573272705078125e+01 4.664164733886718750e+01
2.596376609802247515e+01 5.354474639892588073e+01 4.737195968627929688e+01 4.558665466308593750e+01
2.664146232604983311e+01 5.542787170410167619e+01 4.246911239624023438e+01 5.212072753906250000e+01
2.430446624755862217e+01 5.560877609252941056e+01 4.648641204833984375e+01 4.491339874267578125e+01
3.045706367492678623e+01 5.723032760620128556e+01 4.066780471801757812e+01 4.398596954345703125e+01
2.972460746765139561e+01 5.669759941101085587e+01 3.679853439331054688e+01 5.453366470336914062e+01
2.384912490844729405e+01 5.658314704895030900e+01 4.918983459472656250e+01 4.920202255249023438e+01
2.125110054016114702e+01 5.465333938598642760e+01 5.053488540649414062e+01 4.641635894775390625e+01
2.356060600280763140e+01 5.311340141296396666e+01 5.508413314819335938e+01 4.668941116333007812e+01
2.626722717285157671e+01 5.334057235717783385e+01 4.702620697021484375e+01 4.596298980712890625e+01
2.666784095764162998e+01 5.584937477111827775e+01 4.433252334594726562e+01 5.016471481323242188e+01
2.565947914123537998e+01 5.604946136474620744e+01 4.734257888793945312e+01 4.390400695800781250e+01
2.738906288146975498e+01 5.470108985900890275e+01 4.425571060180664062e+01 4.702596664428710938e+01
2.747681617736819248e+01 5.462796592712413712e+01 4.529385757446289062e+01 4.550210952758789062e+01
2.500035095214846592e+01 5.373605918884288712e+01 4.546602630615234375e+01 4.891627883911132812e+01
2.522521400451662998e+01 5.536587142944347306e+01 5.070517349243164062e+01 4.459511566162109375e+01
2.829755020141604405e+01 5.345796012878429337e+01 4.889814758300781250e+01 4.505900955200195312e+01
1.044455471038818644e+02 5.801565742492687150e+01 3.640845870971679688e+01 4.895495223999023438e+01
1.076919384002685831e+02 5.907130432128917619e+01 3.494466781616210938e+01 4.704574584960937500e+01
1.082137050628662394e+02 5.785238075256359025e+01 3.383578109741210938e+01 4.810845565795898438e+01
1.083353404998779581e+02 5.728880119323741837e+01 3.385764694213867188e+01 4.936264419555664062e+01
1.081301574707031534e+02 5.673374938964855119e+01 3.405075836181640625e+01 5.015220642089843750e+01
1.076777610778808878e+02 5.572684097290050431e+01 3.441621398925781250e+01 4.928714752197265625e+01
1.081717414855957315e+02 5.581412124633800431e+01 3.383882141113281250e+01 4.999391937255859375e+01
1.068966789245605753e+02 5.569844627380382462e+01 3.414909362792968750e+01 4.859338760375976562e+01
1.076890602111816690e+02 5.717897987365734025e+01 3.298919677734375000e+01 4.836964035034179688e+01
1.067552394866943644e+02 5.627937316894542619e+01 3.475901412963867188e+01 5.121231079101562500e+01
1.062848930358887003e+02 5.829398918151866837e+01 3.191110229492187500e+01 4.671652603149414062e+01
1.056154804229736612e+02 5.627254867553722306e+01 3.196136856079101562e+01 4.903253936767578125e+01
1.049690380096435831e+02 5.689550971984874650e+01 3.236729049682617188e+01 5.043000411987304688e+01
1.047725849151611612e+02 5.764878463745128556e+01 3.163380813598632812e+01 5.059648895263671875e+01
1.044400558471679972e+02 5.896047210693370744e+01 3.135391998291015625e+01 4.909715270996093750e+01
1.025976238250732706e+02 5.733339881896984025e+01 3.112339401245117188e+01 5.120721054077148438e+01
1.034706878662109659e+02 5.871455383300792619e+01 3.086026763916015625e+01 5.015457153320312500e+01
1.027012643814087198e+02 5.779309654235851212e+01 3.139201927185058594e+01 5.086696243286132812e+01
1.022833547592163370e+02 6.004163360595714494e+01 3.087883949279785156e+01 5.119670104980468750e+01
9.933470344543459873e+01 6.007512283325206681e+01 3.286839675903320312e+01 5.319741058349609375e+01
9.782074546813967686e+01 6.207912635803234025e+01 3.293040084838867188e+01 5.191666793823242188e+01
9.724453544616702061e+01 6.161931991577159806e+01 3.360470199584960938e+01 5.258719635009765625e+01
9.475535964965823155e+01 6.425149536132823869e+01 3.437626647949218750e+01 5.127761840820312500e+01
9.232629776000979405e+01 6.484264945983898087e+01 3.609594726562500000e+01 4.861410903930664062e+01
9.117848205566409092e+01 6.584390449523937150e+01 3.617121124267578125e+01 4.811774826049804688e+01
8.901269340515139561e+01 6.634526443481456681e+01 3.584121322631835938e+01 4.851451873779296875e+01
8.883286666870120030e+01 6.566071128845226212e+01 3.509022521972656250e+01 4.820909500122070312e+01
8.613601493835452061e+01 6.613189697265636369e+01 3.547120285034179688e+01 4.769126892089843750e+01
8.473237609863284092e+01 6.593091201782237931e+01 3.623514556884765625e+01 4.967461395263671875e+01
8.203821945190432530e+01 6.467027664184581681e+01 3.724951171875000000e+01 4.740755462646484375e+01
8.151732063293459873e+01 6.535450172424327775e+01 3.715391921997070312e+01 4.771152877807617188e+01
7.947229957580569248e+01 6.480488777160655900e+01 3.570897293090820312e+01 4.540665817260742188e+01
7.959914588928225498e+01 6.420537757873546525e+01 3.713940811157226562e+01 4.546746444702148438e+01
7.794830131530764561e+01 6.581513977050792619e+01 3.711454391479492188e+01 4.631843566894531250e+01
7.697811698913577061e+01 6.513985633850109025e+01 3.662841415405273438e+01 4.483318710327148438e+01
7.582216644287112217e+01 6.549552154541026994e+01 3.689965057373046875e+01 4.375181579589843750e+01
7.420551490783694248e+01 6.513826751708995744e+01 3.640123367309570312e+01 4.403665161132812500e+01
7.333407592773440342e+01 6.495289230346691056e+01 3.620107269287109375e+01 4.409032440185546875e+01
7.246932792663577061e+01 6.607136726379405900e+01 3.652991867065429688e+01 4.443386459350585938e+01
7.126258277893069248e+01 6.648924636840831681e+01 3.606607437133789062e+01 4.336888885498046875e+01
7.064648628234866123e+01 6.629715347290050431e+01 3.693391799926757812e+01 4.366634368896484375e+01
6.865495300292971592e+01 6.646404075622569962e+01 3.600959014892578125e+01 4.482272720336914062e+01
6.789774894714358311e+01 6.634681320190441056e+01 3.610113143920898438e+01 4.594083404541015625e+01
6.632139587402346592e+01 6.613650512695323869e+01 3.708826446533203125e+01 4.608468627929687500e+01
6.427388191223147373e+01 6.705855941772472306e+01 3.648393630981445312e+01 4.573921966552734375e+01
6.240402984619143467e+01 6.767824172973644181e+01 3.662931060791015625e+01 4.474442291259765625e+01
6.063880348205569248e+01 6.819333457946788712e+01 3.570907974243164062e+01 4.414868545532226562e+01
5.942225074768069248e+01 6.782018661499034806e+01 3.597470474243164062e+01 4.419841766357421875e+01
5.887405776977541905e+01 6.777709388732921525e+01 3.612887573242187500e+01 4.369207382202148438e+01
5.813865470886233311e+01 6.799797630310069962e+01 3.549795150756835938e+01 4.382838821411132812e+01
5.761146163940432530e+01 6.803332328796398087e+01 3.548005676269531250e+01 4.407577896118164062e+01
5.792586135864260655e+01 6.632643699646007462e+01 3.475279235839843750e+01 4.362611770629882812e+01
5.853635787963870030e+01 6.636598396301280900e+01 3.460214233398437500e+01 4.299842453002929688e+01
5.866570854187014561e+01 6.504181289672862931e+01 3.569695663452148438e+01 4.402358245849609375e+01
5.862331771850588780e+01 6.239656639099132462e+01 3.707603454589843750e+01 4.576625442504882812e+01
5.909459877014162998e+01 6.187901115417491837e+01 3.631367874145507812e+01 4.460301589965820312e+01
5.905652046203616123e+01 5.979743766784679337e+01 3.551959609985351562e+01 4.511623001098632812e+01
5.941799545288088780e+01 5.873086547851573869e+01 3.589981079101562500e+01 4.626699829101562500e+01
5.873704528808596592e+01 5.535431289672862931e+01 3.682202911376953125e+01 4.776506805419921875e+01
5.874427223205569248e+01 5.282751655578624650e+01 3.575746536254882812e+01 4.833031845092773438e+01
5.956083869934084873e+01 5.248455429077159806e+01 3.429613113403320312e+01 4.678820037841796875e+01
5.962699890136721592e+01 5.137425422668468400e+01 3.448949432373046875e+01 4.702386093139648438e+01
5.871520805358889561e+01 5.001356506347667619e+01 3.530967330932617188e+01 4.660038757324218750e+01
5.850071716308596592e+01 4.987537956237804337e+01 3.493727874755859375e+01 4.598242568969726562e+01
5.884395980834963780e+01 4.969818687438976212e+01 3.508724975585937500e+01 4.486034011840820312e+01
5.727035522460940342e+01 4.646458053588878556e+01 3.556958770751953125e+01 4.620711517333984375e+01
5.780986976623537998e+01 4.631062507629405900e+01 3.479364395141601562e+01 4.627415084838867188e+01
5.702735328674319248e+01 4.477724456787120744e+01 3.562974929809570312e+01 4.669766235351562500e+01
5.791729736328127842e+01 4.264918899536144181e+01 3.469748687744140625e+01 4.623784637451171875e+01
5.654214859008791905e+01 4.220102500915538712e+01 3.559846496582031250e+01 4.645201492309570312e+01
5.822096061706545811e+01 3.915851593017589494e+01 3.407177352905273438e+01 4.641438293457031250e+01
5.816239166259768467e+01 3.860550308227550431e+01 3.458573150634765625e+01 4.620206451416015625e+01
5.834710311889651280e+01 3.583809661865245744e+01 3.497663879394531250e+01 4.667814636230468750e+01
5.798520469665530186e+01 3.658339118957530900e+01 3.576548385620117188e+01 4.504143905639648438e+01
5.860308456420901280e+01 3.381689834594737931e+01 3.598390197753906250e+01 4.590175628662109375e+01
5.928142547607424717e+01 3.288013648986827775e+01 3.536663055419921875e+01 4.512301254272460938e+01
5.774944877624514561e+01 3.226625633239757462e+01 3.794157028198242188e+01 4.451317214965820312e+01
6.032509994506838780e+01 3.007842445373546525e+01 3.690470886230468750e+01 4.500211715698242188e+01
5.809515571594241123e+01 2.943767356872569962e+01 3.959668350219726562e+01 4.427949905395507812e+01
6.091736412048342686e+01 2.689992332458507462e+01 3.812389755249023438e+01 4.669835281372070312e+01
6.135698318481448155e+01 2.615313911437999650e+01 3.975654602050781250e+01 4.749558639526367188e+01
6.089309501647952061e+01 2.514560127258312150e+01 4.000645065307617188e+01 4.760792160034179688e+01
6.388458061218264561e+01 2.488136672973644181e+01 3.815935897827148438e+01 4.892496490478515625e+01
6.131503295898440342e+01 2.336718368530284806e+01 3.886763763427734375e+01 4.919243621826171875e+01
6.336240959167483311e+01 2.372780227661144181e+01 3.971102523803710938e+01 5.212206268310546875e+01
6.284726524353030186e+01 2.148857498168956681e+01 3.971477890014648438e+01 5.003650665283203125e+01
6.240824317932131748e+01 2.247859573364269181e+01 4.038078689575195312e+01 4.846979522705078125e+01
6.192398071289065342e+01 2.261140441894542619e+01 4.003540802001953125e+01 4.758311462402343750e+01
6.210936546325686436e+01 2.012548065185558244e+01 3.956461715698242188e+01 4.806359863281250000e+01
5.949939918518069248e+01 1.546215820312511369e+01 3.670259475708007812e+01 4.793434143066406250e+01
5.959599494934084873e+01 1.482479286193859025e+01 3.632561111450195312e+01 5.211501693725585938e+01
5.912199401855471592e+01 1.370251464843761369e+01 3.733469390869140625e+01 4.865803527832031250e+01
5.953636741638186436e+01 1.305960845947276994e+01 3.711433029174804688e+01 4.742105102539062500e+01
6.023470878601077061e+01 1.292524337768566056e+01 3.636562728881835938e+01 4.681813812255859375e+01
6.043264770507815342e+01 1.289417076110851212e+01 3.659279632568359375e+01 4.836774063110351562e+01
6.096286582946780186e+01 1.034899139404308244e+01 3.680598068237304688e+01 4.749458312988281250e+01
6.100914001464846592e+01 1.060230827331554337e+01 3.767148590087890625e+01 4.974658584594726562e+01
6.067643928527834873e+01 8.704671859741324624e+00 3.751083755493164062e+01 4.805710220336914062e+01
6.180582427978518467e+01 8.909446716308707437e+00 3.721968841552734375e+01 4.651194763183593750e+01
6.200929260253909092e+01 7.185546875000113687e+00 3.701035308837890625e+01 4.868461608886718750e+01
6.229851531982424717e+01 5.556951522827262124e+00 3.739798736572265625e+01 4.984372329711914062e+01
6.279376792907717686e+01 6.797796249389762124e+00 3.819520187377929688e+01 4.850958633422851562e+01
6.402736854553225498e+01 6.149509429931754312e+00 3.693823623657226562e+01 4.760910797119140625e+01
6.395303726196291905e+01 6.083608627319449624e+00 3.663424682617187500e+01 4.787623977661132812e+01
6.380440139770510655e+01 6.126932144165152749e+00 3.665808105468750000e+01 4.790354537963867188e+01
6.365699577331545811e+01 6.081235885620230874e+00 3.656989669799804688e+01 4.779291152954101562e+01
6.324106407165530186e+01 6.112758636474723062e+00 3.658240890502929688e+01 4.808390045166015625e+01
6.274042510986330967e+01 6.436902999878043374e+00 3.639586639404296875e+01 4.782338333129882812e+01
6.298548889160159092e+01 6.334794998169058999e+00 3.697064971923828125e+01 4.750751876831054688e+01
6.330213165283205967e+01 5.638179779052848062e+00 3.619106292724609375e+01 4.926590728759765625e+01
6.220790863037112217e+01 5.264968872070426187e+00 3.670854949951171875e+01 4.725491333007812500e+01
6.183726692199709873e+01 6.336545944213980874e+00 3.650641250610351562e+01 4.889363479614257812e+01
6.166045570373537998e+01 5.293878555297965249e+00 3.644282913208007812e+01 4.661773300170898438e+01
6.209010124206545811e+01 4.633304595947379312e+00 3.600657272338867188e+01 4.807131195068359375e+01
6.110388374328616123e+01 3.951618194580191812e+00 3.625357437133789062e+01 4.914110565185546875e+01
6.124455833435061436e+01 4.255947113037223062e+00 3.664970016479492188e+01 4.682505035400390625e+01
6.132839965820315342e+01 3.589590072631949624e+00 3.597026824951171875e+01 4.845051956176757812e+01
6.129775810241702061e+01 2.659650802612418374e+00 3.665803146362304688e+01 5.105087661743164062e+01
6.117345809936526280e+01 2.806407928466910562e+00 3.679841613769531250e+01 4.812696075439453125e+01
6.168731880187991123e+01 1.918943405151480874e+00 3.764802932739257812e+01 5.144917678833007812e+01
6.256610107421877842e+01 2.022638320922965249e+00 3.677803802490234375e+01 4.865729904174804688e+01
6.342750930786135655e+01 2.448259353637808999e+00 3.658351135253906250e+01 4.953298568725585938e+01
6.413068771362307530e+01 1.396318435669058999e+00 3.646224975585937500e+01 4.812562179565429688e+01
6.461650848388674717e+01 3.953678131103629312e+00 3.634590911865234375e+01 4.961164093017578125e+01
6.405871009826662998e+01 3.981006622314566812e+00 3.651306533813476562e+01 4.700034332275390625e+01
6.434472465515139561e+01 5.158519744873160562e+00 3.712438583374023438e+01 4.834758758544921875e+01
6.404722595214846592e+01 5.628505706787223062e+00 3.642424774169921875e+01 4.859679412841796875e+01
6.427642822265627842e+01 5.178846359253043374e+00 3.625325775146484375e+01 4.891421890258789062e+01
6.429571151733401280e+01 5.636054992675894937e+00 3.624047851562500000e+01 4.825259399414062500e+01
6.467612266540530186e+01 6.204006195068473062e+00 3.644109725952148438e+01 4.782073211669921875e+01
6.467803382873537998e+01 5.946163177490348062e+00 3.598820877075195312e+01 4.724198150634765625e+01
6.391388130187991123e+01 6.329679489135855874e+00 3.578697586059570312e+01 4.770413589477539062e+01
6.370753479003909092e+01 7.561874389648551187e+00 3.580045318603515625e+01 4.700903320312500000e+01
6.387007331848147373e+01 5.311305999755973062e+00 3.545483779907226562e+01 4.677318572998046875e+01
6.370777702331545811e+01 7.451154708862418374e+00 3.572419357299804688e+01 4.764101028442382812e+01
6.331558227539065342e+01 7.244192123413199624e+00 3.556726837158203125e+01 4.588020706176757812e+01
6.383894157409670811e+01 6.925739288330191812e+00 3.574938583374023438e+01 4.811661529541015625e+01
6.408819961547854405e+01 7.556667327880973062e+00 3.557493591308593750e+01 4.717877960205078125e+01
6.472654724121096592e+01 8.204305648803824624e+00 3.581069183349609375e+01 4.709498977661132812e+01
6.556488990783694248e+01 9.192268371582144937e+00 3.569171524047851562e+01 4.706221008300781250e+01
6.608274650573733311e+01 9.499504089355582437e+00 3.614150619506835938e+01 4.790428161621093750e+01
6.668975067138674717e+01 1.049055671691905900e+01 3.567485809326171875e+01 4.746532821655273438e+01
6.665370941162112217e+01 1.126844596862804337e+01 3.692536163330078125e+01 4.856366348266601562e+01
6.786801147460940342e+01 1.265995407104503556e+01 3.675672149658203125e+01 4.909606170654296875e+01
6.908650970458987217e+01 1.332492065429698869e+01 3.615541839599609375e+01 5.080894470214843750e+01
6.875590324401858311e+01 1.311926460266124650e+01 3.750838851928710938e+01 5.274712753295898438e+01
7.004010200500491123e+01 1.493179702758800431e+01 3.641148757934570312e+01 5.333705902099609375e+01
7.052180862426760655e+01 1.534725570678722306e+01 3.665083312988281250e+01 5.390052032470703125e+01
7.068420028686526280e+01 1.654735565185558244e+01 3.635516357421875000e+01 5.815081787109375000e+01
7.063866996765139561e+01 1.758171463012706681e+01 3.731406784057617188e+01 4.956290435791015625e+01
7.036100769042971592e+01 1.902235794067394181e+01 3.704125213623046875e+01 5.571436309814453125e+01
7.171010780334475498e+01 1.996239662170421525e+01 3.625282669067382812e+01 4.974808883666992188e+01
6.957942771911623936e+01 2.122480583190929337e+01 3.728300094604492188e+01 5.254513931274414062e+01
7.078465843200686436e+01 2.198258972167980119e+01 3.632728195190429688e+01 5.424082946777343750e+01
7.110497665405276280e+01 2.300390625000011369e+01 3.584204101562500000e+01 5.336929321289062500e+01
7.061048126220705967e+01 2.399017524719249650e+01 3.585785675048828125e+01 4.927904891967773438e+01
6.933318901062014561e+01 2.398018455505382462e+01 3.669137191772460938e+01 5.203680801391601562e+01
7.059436988830569248e+01 2.596769714355480119e+01 3.570741653442382812e+01 4.957119750976562500e+01
6.836449050903323155e+01 2.715754508972179337e+01 3.680746459960937500e+01 4.780636978149414062e+01
6.857627487182620030e+01 2.728592681884776994e+01 3.676707458496093750e+01 4.716841125488281250e+01
6.963712882995608311e+01 2.779815483093273087e+01 3.625271224975585938e+01 4.844400405883789062e+01
6.757365608215334873e+01 2.849961280822765275e+01 3.669406509399414062e+01 4.762231063842773438e+01
6.962374496459963780e+01 2.961290550231944962e+01 3.610093688964843750e+01 4.728345108032226562e+01
6.725514984130862217e+01 3.040170669555675431e+01 3.701100921630859375e+01 4.653563690185546875e+01
6.944032287597659092e+01 3.109190368652355119e+01 3.667015838623046875e+01 4.782719421386718750e+01
6.913725662231448155e+01 3.189939880371105119e+01 3.616270446777343750e+01 4.628553771972656250e+01
7.145110321044924717e+01 3.311192131042491837e+01 3.460967254638671875e+01 4.661229324340820312e+01
7.002516555786135655e+01 3.323640251159679337e+01 3.610958862304687500e+01 4.698094558715820312e+01
6.955198478698733311e+01 3.537695121765148087e+01 3.627659225463867188e+01 4.647252273559570312e+01
7.069570732116702061e+01 3.661377716064464494e+01 3.649984359741210938e+01 4.521972656250000000e+01
7.007707405090334873e+01 3.672714233398448869e+01 3.830484390258789062e+01 4.609022521972656250e+01
7.113390922546389561e+01 3.769212341308605119e+01 3.864078903198242188e+01 4.613412475585937500e+01
6.991720962524416905e+01 3.877392578125011369e+01 4.141180419921875000e+01 4.589828491210937500e+01
7.679409408569338780e+01 3.927997970581066056e+01 3.561053466796875000e+01 4.521038055419921875e+01
7.607178497314455967e+01 3.962136840820323869e+01 3.884040069580078125e+01 4.636279296875000000e+01
7.847742080688479405e+01 3.946060562133800431e+01 3.760031127929687500e+01 4.518804168701171875e+01
8.006968688964846592e+01 3.970589447021495744e+01 3.881734466552734375e+01 4.598548889160156250e+01
8.254465293884280186e+01 4.023297119140636369e+01 3.793699264526367188e+01 4.803422546386718750e+01
8.488567352294924717e+01 4.014296913146984025e+01 3.689423370361328125e+01 4.612372970581054688e+01
8.645019149780276280e+01 4.127507781982433244e+01 3.681022644042968750e+01 4.577169799804687500e+01
8.607930183410647373e+01 4.047625732421886369e+01 3.829704666137695312e+01 4.675738525390625000e+01
8.598270797729495030e+01 4.006847381591808244e+01 3.905844116210937500e+01 4.846374511718750000e+01
8.833514976501467686e+01 4.118787956237804337e+01 3.810418319702148438e+01 4.686870193481445312e+01
9.120594024658205967e+01 4.143660545349132462e+01 3.622327423095703125e+01 4.642122268676757812e+01
9.153141403198245030e+01 4.233725166320812150e+01 3.579115295410156250e+01 4.715336227416992188e+01
9.252552413940432530e+01 4.286550331115734025e+01 3.519187927246093750e+01 4.682461166381835938e+01
9.298931121826174717e+01 4.146060371398937150e+01 3.522692108154296875e+01 4.792678451538085938e+01
9.390261840820315342e+01 4.289782142639171525e+01 3.504892730712890625e+01 4.730418014526367188e+01
9.387401962280276280e+01 4.296535301208507462e+01 3.587147521972656250e+01 4.625041580200195312e+01
9.527622985839846592e+01 4.257985115051280900e+01 3.469945526123046875e+01 4.662632369995117188e+01
9.568819808959963780e+01 4.412897109985362931e+01 3.483955383300781250e+01 4.699478912353515625e+01
9.761864471435549717e+01 4.282343864440929337e+01 3.383666229248046875e+01 4.873501968383789062e+01
9.443858146667483311e+01 4.379897117614757462e+01 3.775671005249023438e+01 4.934517288208007812e+01
9.799916267395022373e+01 4.433233451843273087e+01 3.360313796997070312e+01 4.633742141723632812e+01
9.728681755065920811e+01 4.248067665100109025e+01 3.526627731323242188e+01 5.032616806030273438e+01
9.956858825683596592e+01 4.289780044555675431e+01 3.449745941162109375e+01 5.058838653564453125e+01
9.782374763488772373e+01 4.481291961669933244e+01 3.540945816040039062e+01 4.684634399414062500e+01
9.914341545104983311e+01 4.268499946594249650e+01 3.407374191284179688e+01 5.095884323120117188e+01
9.826227951049807530e+01 4.434745979309093400e+01 3.475982666015625000e+01 4.666332626342773438e+01
9.897740936279299717e+01 4.319592285156261369e+01 3.385820770263671875e+01 5.066990661621093750e+01
9.940467834472659092e+01 4.481494140625011369e+01 3.423935699462890625e+01 4.867022705078125000e+01
9.980565071105959873e+01 4.658163642883312150e+01 3.424321365356445312e+01 4.567516708374023438e+01
1.010868949890137003e+02 4.671222877502452775e+01 3.417376708984375000e+01 4.657908248901367188e+01
9.845035552978518467e+01 4.590810775756847306e+01 3.661818695068359375e+01 4.585884857177734375e+01
1.010107593536377237e+02 4.609852981567394181e+01 3.381268692016601562e+01 4.496877288818359375e+01
9.945415878295901280e+01 4.547834968566905900e+01 3.521313476562500000e+01 4.570190048217773438e+01
1.014211788177490519e+02 4.561337471008312150e+01 3.372840499877929688e+01 4.703144454956054688e+01
1.010542144775390909e+02 4.521722984313976212e+01 3.461016082763671875e+01 4.773347854614257812e+01
1.009782409667969034e+02 4.536557579040538712e+01 3.450061798095703125e+01 4.574341201782226562e+01
1.021686420440674112e+02 4.507864570617687150e+01 3.400024795532226562e+01 4.582867050170898438e+01
1.027063941955566690e+02 4.399843788146984025e+01 3.367485046386718750e+01 4.868677902221679688e+01
1.010553684234619425e+02 4.552256774902355119e+01 3.526042556762695312e+01 4.430238342285156250e+01
1.032804431915283487e+02 4.411359977722179337e+01 3.294690322875976562e+01 4.837887954711914062e+01
1.007673606872558878e+02 4.651732635498058244e+01 3.506892395019531250e+01 4.451502990722656250e+01
1.011437911987304972e+02 4.480607223510753556e+01 3.456790924072265625e+01 4.845496368408203125e+01
1.027790393829345987e+02 4.471495437622081681e+01 3.318931961059570312e+01 4.674362945556640625e+01
1.015555000305176065e+02 4.395726203918468400e+01 3.521290588378906250e+01 4.757679367065429688e+01
1.007629623413086222e+02 4.519384193420421525e+01 3.538669586181640625e+01 4.527914047241210938e+01
1.019440784454345987e+02 4.556397438049327775e+01 3.382326126098632812e+01 4.572806930541992188e+01
9.980286979675295811e+01 4.308714675903331681e+01 3.444123458862304688e+01 4.837569427490234375e+01
1.002219123840332315e+02 4.445389366149913712e+01 3.335845947265625000e+01 4.885873794555664062e+01
1.005267486572265909e+02 4.017652893066417619e+01 3.239266204833984375e+01 4.713766479492187500e+01
9.998874092102053623e+01 3.687508392333995744e+01 3.224448013305664062e+01 4.961645507812500000e+01
9.858124542236330967e+01 3.360443687438976212e+01 3.250821685791015625e+01 4.709030532836914062e+01
9.826473426818850498e+01 2.653070259094249650e+01 3.260429763793945312e+01 5.007023239135742188e+01
