1.390000000000000000e+02 9.400000000000000000e+01 5.900000000000000000e+01 4.200000000000000000e+01
1.387584590911865234e+02 9.236053848266601562e+01 5.981378555297851562e+01 4.140003204345703125e+01
1.379441623687744141e+02 9.108714485168457031e+01 5.979792404174804688e+01 4.227685165405273438e+01
1.387444458007812500e+02 9.040184211730957031e+01 5.867205810546875000e+01 4.182490158081054688e+01
1.384101409912109375e+02 8.968083763122558594e+01 5.886700439453125000e+01 4.189650344848632812e+01
1.395785770416259766e+02 8.990476608276367188e+01 5.915194320678710938e+01 4.185700225830078125e+01
1.393835792541503906e+02 8.922823143005371094e+01 5.940882110595703125e+01 4.169487380981445312e+01
1.394460067749023438e+02 8.920371818542480469e+01 5.908644104003906250e+01 4.142000198364257812e+01
1.393792972564697266e+02 8.855721092224122515e+01 5.872300338745117188e+01 4.142287063598631391e+01
1.393143444061279297e+02 8.917763137817384234e+01 5.834799575805664062e+01 4.152342987060545454e+01
1.393736400604248047e+02 8.926338005065916548e+01 5.907049942016601562e+01 4.130600357055665484e+01
1.395532741546630859e+02 8.808708000183106890e+01 5.929674148559570312e+01 4.084793472290037641e+01
1.395883140563964844e+02 8.728258895874022016e+01 5.938109588623046875e+01 4.060744476318359375e+01
1.400773048400878906e+02 8.614679145812985439e+01 5.900510406494140625e+01 4.044932174682617188e+01
1.398844528198242188e+02 8.607658958435054330e+01 5.815956115722656250e+01 4.115013504028320312e+01
1.401112747192382812e+02 8.486684226989740409e+01 5.887626647949218750e+01 3.973556900024414062e+01
1.392069129943847656e+02 8.485243225097650566e+01 5.964519500732421875e+01 3.940370178222656250e+01
1.407982559204101562e+02 8.415525245666498222e+01 5.901524353027343750e+01 3.951127243041992188e+01
1.416109447479248047e+02 8.434794616699213066e+01 5.874573135375976562e+01 4.068417358398437500e+01
1.415794162750244141e+02 8.429332923889153051e+01 5.953908920288085938e+01 4.008491134643554688e+01
1.431445522308349609e+02 8.425129508972159442e+01 5.975983047485351562e+01 4.113739395141601562e+01
1.420811309814453125e+02 8.334600830078116473e+01 6.002633666992187500e+01 4.213502502441406250e+01
1.425864048004150391e+02 8.366889953613272723e+01 5.952352523803710938e+01 4.165953063964843750e+01
1.418854446411132812e+02 8.462975502014151630e+01 5.876663208007812500e+01 4.226284408569335938e+01
1.401844902038574219e+02 8.500617408752432880e+01 5.899077606201171875e+01 4.184302902221679688e+01
1.384719753265380859e+02 8.671433448791495380e+01 5.925040054321289062e+01 4.176180648803710938e+01
1.361458187103271484e+02 8.678297996520987567e+01 5.997374343872070312e+01 4.095999526977539062e+01
1.353818397521972656e+02 8.588825416564932880e+01 5.913547515869140625e+01 4.103049850463867188e+01
1.351142749786376953e+02 8.598941802978508520e+01 5.871567916870117188e+01 4.158094787597656250e+01
1.338830318450927734e+02 8.518468284606927909e+01 5.965130996704101562e+01 4.094491958618164062e+01
1.318203105926513672e+02 8.540205574035640268e+01 5.990588760375976562e+01 4.117177963256835938e+01
1.312345371246337891e+02 8.592130661010737924e+01 5.964313888549804688e+01 4.144141387939453125e+01
1.289042568206787109e+02 8.542750167846675424e+01 6.010609817504882812e+01 4.049643707275390625e+01
1.280267143249511719e+02 8.467798233032223720e+01 5.978107452392578125e+01 4.060718536376953125e+01
1.265927829742431641e+02 8.459852790832518110e+01 5.964854049682617188e+01 4.120490646362304688e+01
1.252487258911132812e+02 8.356183815002439985e+01 5.993856811523437500e+01 4.104073715209960938e+01
1.237108993530273438e+02 8.280850791931150923e+01 6.017491149902343750e+01 4.143217849731445312e+01
1.222957286834716797e+02 8.283903121948240766e+01 5.963487625122070312e+01 4.155219268798828125e+01
1.214138908386230469e+02 8.330336570739744673e+01 5.940802764892578125e+01 4.141846084594726562e+01
1.195126209259033203e+02 8.334777450561522016e+01 5.954825973510742188e+01 4.149185943603515625e+01
1.186664905548095703e+02 8.353663063049314985e+01 5.935807418823242188e+01 4.212975692749023438e+01
1.178485355377197266e+02 8.464529228210447798e+01 5.879142379760742188e+01 4.219046401977539062e+01
1.166930179595947266e+02 8.501774406433104048e+01 5.905779647827148438e+01 4.121496963500976562e+01
1.152921504974365234e+02 8.560474205017089844e+01 5.892728042602539062e+01 4.145267105102539062e+01
1.134537086486816406e+02 8.653099060058595171e+01 5.902404022216796875e+01 4.141452026367187500e+01
1.121702117919921875e+02 8.649500656127932530e+01 5.964404296875000000e+01 4.063120269775390625e+01
1.112912254333496094e+02 8.634054565429688921e+01 5.994536590576171875e+01 4.122648620605468750e+01
1.094672412872314453e+02 8.619486999511720171e+01 5.984594345092773438e+01 4.081211853027343750e+01
1.089043064117431641e+02 8.465605545043948155e+01 6.002291488647460938e+01 4.092775726318359375e+01
1.080436077117919922e+02 8.409974288940432530e+01 5.949521255493164062e+01 4.130573272705078125e+01
1.072167263031005859e+02 8.386747360229495030e+01 5.930807876586914062e+01 4.200502777099609375e+01
1.058398628234863281e+02 8.297193336486819248e+01 5.936344146728515625e+01 4.137162399291992188e+01
1.052908573150634766e+02 8.283969879150393467e+01 5.925303268432617188e+01 4.242413330078125000e+01
1.048249092102050781e+02 8.226389122009280186e+01 5.933802032470703125e+01 4.163432693481445312e+01
1.034125537872314453e+02 8.242203521728518467e+01 5.928075790405273438e+01 4.247888183593750000e+01
1.025724239349365234e+02 8.341328430175784092e+01 5.867734146118164062e+01 4.275782775878906250e+01
1.027610397338867188e+02 8.420116806030276280e+01 5.883645629882812500e+01 4.203327178955078125e+01
1.017631988525390625e+02 8.401721763610842686e+01 5.917846679687500000e+01 4.136809158325195312e+01
1.025619754791259766e+02 8.456604194641117545e+01 5.904737472534179688e+01 4.191874313354492188e+01
1.025789146423339844e+02 8.449878120422367545e+01 5.882164764404296875e+01 4.154801559448242188e+01
1.029040985107421875e+02 8.566983413696294747e+01 5.881286621093750000e+01 4.203969573974609375e+01
1.033191566467285156e+02 8.616267013549810372e+01 5.892102813720703125e+01 4.148256683349609375e+01
1.043404197692871094e+02 8.608620834350593043e+01 5.915258026123046875e+01 4.143434906005859375e+01
1.061778717041015625e+02 8.658175849914557887e+01 5.875621032714843750e+01 4.185313034057615766e+01
1.070791130065917969e+02 8.649499511718755684e+01 5.846569061279296875e+01 4.131544494628906250e+01
1.077489013671875000e+02 8.654700660705570670e+01 5.881472778320312500e+01 4.183800888061524859e+01
1.089251766204833984e+02 8.697844886779790841e+01 5.871324539184570312e+01 4.176768112182617188e+01
1.102277431488037109e+02 8.769587707519536934e+01 5.894318008422851562e+01 4.178776550292968750e+01
1.117821578979492188e+02 8.781456565856939278e+01 5.888311767578125000e+01 4.156842422485351562e+01
1.129241275787353516e+02 8.742412567138678980e+01 5.907163619995117188e+01 4.114471435546873579e+01
1.144850215911865234e+02 8.780368804931647730e+01 5.924370193481445312e+01 4.156382751464842329e+01
1.152285270690917969e+02 8.795546340942388497e+01 5.884880828857421875e+01 4.144322967529296875e+01
1.170277004241943359e+02 8.758440589904792262e+01 5.876572036743164062e+01 4.136770248413084516e+01
1.191157932281494141e+02 8.817183113098151637e+01 5.905103683471679688e+01 4.159997177124022016e+01
1.204502677917480469e+02 8.871930694580083809e+01 5.905396270751953125e+01 4.166700744628906250e+01
1.216622524261474609e+02 8.874189567565923653e+01 5.908122634887695312e+01 4.224066543579101562e+01
1.218553657531738281e+02 8.888350677490240059e+01 5.955229949951171875e+01 4.274923706054687500e+01
1.223338718414306641e+02 8.948923301696783028e+01 5.931974411010742188e+01 4.320303726196289062e+01
1.236557941436767578e+02 8.907564735412603341e+01 5.963210678100585938e+01 4.383948898315429688e+01
1.234886474609375000e+02 9.010378456115728341e+01 5.992866516113281250e+01 4.439220809936523438e+01
1.237767105102539062e+02 8.891812515258794747e+01 6.034913635253906250e+01 4.506162261962890625e+01
1.247620906829833984e+02 8.874551582336431466e+01 6.055798721313476562e+01 4.581573104858398438e+01
1.236137313842773438e+02 8.805704689025886012e+01 6.064808654785156250e+01 4.803043746948240766e+01
1.231862640380859375e+02 8.714739990234380684e+01 6.254725646972656250e+01 4.985916137695312500e+01
1.238304405212402344e+02 8.585564422607427559e+01 6.298917388916015625e+01 5.161772155761718750e+01
1.233231830596923828e+02 8.531558036804204903e+01 6.312894821166992188e+01 5.237111282348632812e+01
1.238430881500244141e+02 8.489308738708501778e+01 6.301446151733398438e+01 5.168669509887695312e+01
1.235355453491210938e+02 8.577042007446294747e+01 6.336352539062500000e+01 5.147977447509765625e+01
1.236681594848632812e+02 8.413934516906743966e+01 6.359530639648437500e+01 5.246400070190429688e+01
1.243514881134033203e+02 8.303973579406743966e+01 6.391683578491210938e+01 5.320234298706054688e+01
1.243306350708007812e+02 8.125053596496589137e+01 6.430905151367187500e+01 5.423678207397459516e+01
1.235651550292968750e+02 8.225752830505375357e+01 6.463653564453125000e+01 5.614574050903321734e+01
1.238342628479003906e+02 8.200159835815435372e+01 6.493907928466796875e+01 5.766648101806640625e+01
1.238193321228027344e+02 8.154207038879401637e+01 6.522112274169921875e+01 5.914280319213865766e+01
1.248767509460449219e+02 8.089006423950199576e+01 6.459357452392578125e+01 5.899726104736329546e+01
1.246684265136718750e+02 8.189592361450200997e+01 6.510591125488281250e+01 5.977875518798828125e+01
1.260277595520019531e+02 8.217688369750982247e+01 6.409696197509765625e+01 6.085245513916015625e+01
1.254120788574218750e+02 8.100858306884771309e+01 6.446589660644531250e+01 6.246568298339843750e+01
1.253334236145019531e+02 8.072031784057622872e+01 6.419306182861328125e+01 6.306371307373046875e+01
1.257235507965087891e+02 8.076949691772466622e+01 6.342275619506835938e+01 6.268357086181640625e+01
1.259999198913574219e+02 8.163125991821293326e+01 6.309586334228515625e+01 6.449230194091798296e+01
1.260689678192138672e+02 8.306983184814458809e+01 6.236824417114257812e+01 6.660020446777343750e+01
1.273957557678222656e+02 8.248677444458013497e+01 6.200528717041015625e+01 6.970650482177734375e+01
1.280210628509521484e+02 8.298203659057622872e+01 6.109579849243164062e+01 6.854361724853515625e+01
1.289855880737304688e+02 8.544640350341802559e+01 6.054495239257812500e+01 6.806044006347656250e+01
1.289010314941406250e+02 8.719546508789068184e+01 6.034736633300781250e+01 6.706774902343750000e+01
1.293022232055664062e+02 8.860960388183599434e+01 6.002558898925781250e+01 6.614605712890625000e+01
1.301461219787597656e+02 8.787967681884769888e+01 6.015961456298828125e+01 6.693325805664063921e+01
1.308276844024658203e+02 8.911734771728521309e+01 5.947359848022460938e+01 6.687899780273437500e+01
1.312273826599121094e+02 8.689405441284183951e+01 5.943895721435546875e+01 6.757515716552735796e+01
1.309260406494140625e+02 8.764366531372075997e+01 5.932008361816406250e+01 6.699709320068359375e+01
1.310239200592041016e+02 8.675365447998051138e+01 5.944936752319335938e+01 6.633497619628907671e+01
1.308425884246826172e+02 8.875675964355474434e+01 5.882909011840820312e+01 6.485725402832031250e+01
1.313817710876464844e+02 8.805397796630865059e+01 5.897437286376953125e+01 6.489596557617187500e+01
1.313595371246337891e+02 8.722222900390630684e+01 5.874020004272460938e+01 6.373149108886718750e+01
1.316755084991455078e+02 8.745779037475593043e+01 5.819381332397460938e+01 6.229976654052732954e+01
1.316585254669189453e+02 8.893284225463872872e+01 5.808271408081054688e+01 6.249272918701171875e+01
1.319780998229980469e+02 8.787561035156255684e+01 5.797309112548828125e+01 6.236979675292968750e+01
1.323594913482666016e+02 8.841157913208013497e+01 5.749947738647460938e+01 6.156934356689453125e+01
1.322129936218261719e+02 8.976937294006353341e+01 5.747306060791015625e+01 6.104381942749023438e+01
1.330719299316406250e+02 8.872347831726078482e+01 5.651718139648437500e+01 6.086203384399415484e+01
1.332107582092285156e+02 8.906562995910650216e+01 5.581568145751953125e+01 6.038567733764648438e+01
1.336777954101562500e+02 9.023690414428716622e+01 5.509638977050781250e+01 6.111896514892578125e+01
1.339836254119873047e+02 8.874185943603521309e+01 5.510599136352539062e+01 6.306935119628906250e+01
1.339757385253906250e+02 8.855267524719243966e+01 5.532775878906250000e+01 6.326586532592773438e+01
1.354372997283935547e+02 8.826433181762699576e+01 5.455574417114257812e+01 6.176712799072267046e+01
1.362295513153076172e+02 8.865187644958501778e+01 5.450384902954101562e+01 6.120433425903320312e+01
1.367070999145507812e+02 8.773772621154790841e+01 5.465715026855468750e+01 6.254249191284179688e+01
1.363365364074707031e+02 8.725713348388678980e+01 5.491053009033203125e+01 6.269128417968748579e+01
1.378959331512451172e+02 8.724361610412603341e+01 5.387596511840820312e+01 6.168671798706054688e+01
1.382033710479736328e+02 8.132619094848638497e+01 5.296372604370117188e+01 6.600322723388671875e+01
1.384434261322021484e+02 8.005009078979496451e+01 5.334041213989257812e+01 6.760506439208985796e+01
1.386125774383544922e+02 8.034740066528325997e+01 5.235908889770507812e+01 6.598119354248046875e+01
1.394091053009033203e+02 7.969501876831060372e+01 5.192487716674804688e+01 6.536330413818359375e+01
1.406189289093017578e+02 7.951665115356452418e+01 5.160126876831054688e+01 6.412842559814451704e+01
1.406502418518066406e+02 7.819544029235845528e+01 5.175186920166015625e+01 6.373988723754882812e+01
1.403209342956542969e+02 7.796439361572271309e+01 5.249437713623046875e+01 6.266233825683593750e+01
1.405941486358642578e+02 7.673096275329595528e+01 5.259922409057617188e+01 6.253076553344726562e+01
1.411081008911132812e+02 7.406250762939458809e+01 5.247259521484375000e+01 6.288966369628906250e+01
1.419388160705566406e+02 7.319447135925298653e+01 5.256098175048828125e+01 6.167938613891601562e+01
1.428515224456787109e+02 7.297122573852544747e+01 5.217973709106445312e+01 6.160266876220703125e+01
1.438700447082519531e+02 7.327255439758307887e+01 4.888040924072265625e+01 6.021734237670897016e+01
1.443337554931640625e+02 7.475855255126958809e+01 4.521066284179687500e+01 5.795643615722656250e+01
1.445486679077148438e+02 7.459560012817388497e+01 4.308763122558593750e+01 5.798152923583984375e+01
1.438144721984863281e+02 7.201916694641118966e+01 4.238121795654296875e+01 5.955645370483398438e+01
1.430665836334228516e+02 7.317643547058111153e+01 4.174050521850585938e+01 5.769873428344726562e+01
1.441742916107177734e+02 7.186913108825687857e+01 4.223295974731445312e+01 5.881387710571290484e+01
1.445032539367675781e+02 7.146984481811529122e+01 4.217461395263671875e+01 5.998876190185546875e+01
1.444371623992919922e+02 6.970267295837408028e+01 4.209498977661132812e+01 6.257645034790039062e+01
1.460640163421630859e+02 6.907007217407230826e+01 4.319931411743164062e+01 6.289453887939454546e+01
1.463359451293945312e+02 6.884504508972173653e+01 4.454632568359375000e+01 6.356749343872070312e+01
1.462085475921630859e+02 7.064859199523931466e+01 4.532748794555664062e+01 6.220447921752929688e+01
1.467004642486572266e+02 7.046465492248540841e+01 4.492194747924804688e+01 6.254638290405273438e+01
1.467411003112792969e+02 7.128766441345220528e+01 4.404026031494140625e+01 6.128111648559570312e+01
1.476429252624511719e+02 7.080671501159673653e+01 4.341973114013671875e+01 6.128667068481445312e+01
1.480346660614013672e+02 6.977536773681646309e+01 4.383534622192382812e+01 6.216261291503906250e+01
1.489293327331542969e+02 6.966237068176275216e+01 4.403490447998046875e+01 6.245048141479492188e+01
1.491288871765136719e+02 6.849382781982428980e+01 4.414809417724609375e+01 6.267590332031248579e+01
1.489743824005126953e+02 6.836326599121100855e+01 4.457345199584960938e+01 6.281556701660154829e+01
1.498494415283203125e+02 6.721487998962408028e+01 4.470744323730468750e+01 6.314465713500976562e+01
1.501250972747802734e+02 6.853616142272954903e+01 4.555937576293945312e+01 6.239090347290039062e+01
1.509720039367675781e+02 6.750023269653324576e+01 4.577368927001953125e+01 6.402095794677735796e+01
1.521124286651611328e+02 6.842391395568853341e+01 4.618690109252929688e+01 6.392191696166992188e+01
1.524840679168701172e+02 6.860216140747075997e+01 4.614805984497070312e+01 6.445873260498046875e+01
1.524671230316162109e+02 6.824667739868169747e+01 4.620865249633789062e+01 6.463057708740234375e+01
1.523296737670898438e+02 6.804948425292974434e+01 4.658683776855468750e+01 6.445831298828125000e+01
1.519453372955322266e+02 6.946458053588872872e+01 4.657017135620117188e+01 6.337274932861328125e+01
1.523994846343994141e+02 6.950861358642583809e+01 4.707154464721679688e+01 6.332505798339843750e+01
1.529538097381591797e+02 6.879312324523931466e+01 4.652504348754882812e+01 6.358987045288085938e+01
1.529010829925537109e+02 6.860713958740240059e+01 4.618873977661132812e+01 6.381816101074218750e+01
1.526992511749267578e+02 6.842857551574712716e+01 4.638341903686523438e+01 6.369001388549804688e+01
1.523383827209472656e+02 6.946455192565923653e+01 4.615203094482421875e+01 6.315713882446289062e+01
1.522276306152343750e+02 6.886047935485845528e+01 4.614816284179687500e+01 6.329784011840820312e+01
1.504878387451171875e+02 6.936132431030279122e+01 4.604377746582031250e+01 6.215764617919921875e+01
1.492522811889648438e+02 6.995512580871586295e+01 4.624432373046875000e+01 6.169153976440431109e+01
1.493949127197265625e+02 6.909355163574223013e+01 4.639279174804687500e+01 6.220173645019532671e+01
1.484067764282226562e+02 6.968448448181158028e+01 4.626972961425781250e+01 6.213057327270507812e+01
1.468475570678710938e+02 7.087115287780767403e+01 4.593098449707031250e+01 6.164532852172851562e+01
1.455438518524169922e+02 7.026297569274908028e+01 4.573062515258789062e+01 6.181035232543945312e+01
1.430479469299316406e+02 6.929026985168462716e+01 4.591773223876953125e+01 6.254525375366210938e+01
1.411054801940917969e+02 7.054378890991216622e+01 4.578713226318359375e+01 6.184520721435546875e+01
1.404149169921875000e+02 6.935715103149419747e+01 4.570988464355468750e+01 6.326686859130859375e+01
1.379862556457519531e+02 7.046704673767095528e+01 4.624375152587890625e+01 6.234704971313476562e+01
1.356915931701660156e+02 7.088796424865728341e+01 4.588622283935546875e+01 6.226179122924804688e+01
1.341231803894042969e+02 7.044577980041508170e+01 4.542572784423828125e+01 6.263915634155274859e+01
1.326914787292480469e+02 7.027141952514652701e+01 4.497994232177734375e+01 6.265169525146485796e+01
1.307384166717529297e+02 7.127920150756841622e+01 4.461575698852539062e+01 6.199475860595703125e+01
1.291010150909423828e+02 7.045281028747565699e+01 4.462279891967773438e+01 6.252087783813475141e+01
1.283612213134765625e+02 7.033607292175298653e+01 4.432971191406250000e+01 6.241159439086914062e+01
1.261976127624511719e+02 7.149571800231940699e+01 4.448258209228515625e+01 6.162958145141600141e+01
1.250533676147460938e+02 7.124428367614753199e+01 4.428216552734375000e+01 6.197343826293943891e+01
1.230917205810546875e+02 7.144087791442878199e+01 4.452691650390625000e+01 6.175378799438475141e+01
1.216410160064697266e+02 7.156040000915534449e+01 4.422573471069335938e+01 6.163669204711912641e+01
1.202427577972412109e+02 7.102881813049322091e+01 4.414673233032226562e+01 6.145791244506835938e+01
1.184249057769775391e+02 7.178653144836431466e+01 4.407928085327148438e+01 6.098958969116210938e+01
1.176877326965332031e+02 7.140593338012700997e+01 4.378340911865234375e+01 6.114608001708984375e+01
1.158257369995117188e+02 7.168494415283208809e+01 4.390950012207031250e+01 6.110745239257812500e+01
1.139551162719726562e+02 7.125954246521001778e+01 4.431944274902343750e+01 6.138222122192382812e+01
1.124898719787597656e+02 7.162186813354497872e+01 4.399230194091796875e+01 6.135123443603515625e+01
1.117900905609130859e+02 7.140919113159185372e+01 4.397897720336914062e+01 6.130652618408203125e+01
1.101774005889892578e+02 7.142207908630376778e+01 4.374834823608398438e+01 6.128546524047851562e+01
1.095010833740234375e+02 7.134745979309087716e+01 4.358424377441406250e+01 6.152323532104492188e+01
1.088875827789306641e+02 7.134246063232427559e+01 4.369831466674804688e+01 6.168441772460937500e+01
1.079123783111572266e+02 7.155906677246099434e+01 4.356309127807617188e+01 6.161293029785156250e+01
1.073804645538330078e+02 7.171335983276372872e+01 4.381418991088867188e+01 6.169434356689453125e+01
1.078916549682617188e+02 7.129938888549810372e+01 4.359678649902343750e+01 6.060739898681640625e+01
1.071125869750976562e+02 7.102668190002445670e+01 4.363148498535156250e+01 6.132093429565431109e+01
1.075898532867431641e+02 7.183475685119634591e+01 4.429920578002929688e+01 6.079058456420898438e+01
1.063103981018066406e+02 7.153817558288579903e+01 4.519644927978515625e+01 6.095329666137695312e+01
1.063033638000488281e+02 7.106979751586921168e+01 4.598938751220703125e+01 6.073929595947264204e+01
1.061828594207763672e+02 7.099294090271001778e+01 4.766023635864257812e+01 6.091525650024414062e+01
1.052696361541748047e+02 7.023530387878423653e+01 4.963296890258789062e+01 6.130411148071289062e+01
1.047983894348144531e+02 6.947291564941413355e+01 5.032366180419921875e+01 6.251261901855467329e+01
1.058099536895751953e+02 6.851361656188970528e+01 5.112551498413085938e+01 6.323570632934570312e+01
1.057448978424072266e+02 6.797513580322271309e+01 5.334305953979492188e+01 6.425263977050781250e+01
1.055798950195312500e+02 6.714794158935552559e+01 5.456758117675781250e+01 6.469274902343750000e+01
1.056112747192382812e+02 6.774060440063482247e+01 5.579666137695312500e+01 6.515743255615234375e+01
1.059320964813232422e+02 6.769988632202154122e+01 5.645305252075195312e+01 6.534658050537109375e+01
1.068315505981445312e+02 6.729589843750007105e+01 5.679501342773437500e+01 6.510891723632811079e+01
1.078657512664794922e+02 6.746169662475591622e+01 5.695598220825195312e+01 6.522498321533203125e+01
1.083231544494628906e+02 6.844083023071294747e+01 5.725974273681640625e+01 6.530078887939453125e+01
1.092712936401367188e+02 6.863300704956061793e+01 5.726954650878906250e+01 6.466875457763670454e+01
1.090024089813232422e+02 7.020175933837896309e+01 5.818413162231445312e+01 6.352641296386718750e+01
1.089325542449951172e+02 7.080116081237798653e+01 5.946284866333007812e+01 6.230974197387695312e+01
1.078213939666748047e+02 7.173706626892095528e+01 6.162208938598632812e+01 6.147365188598632812e+01
1.097460117340087891e+02 7.191349029541021309e+01 5.976920700073242188e+01 6.113525390625000000e+01
1.106869850158691406e+02 7.340678215026861153e+01 5.840637969970703125e+01 5.956489944458007812e+01
1.126028099060058594e+02 7.421322822570806466e+01 5.689708709716796875e+01 5.968575668334960938e+01
1.134485435485839844e+02 7.460776519775397730e+01 5.727356719970703125e+01 5.953752136230467329e+01
1.125459880828857422e+02 7.586759376525886012e+01 5.897365188598632812e+01 5.874058151245115766e+01
1.120234661102294922e+02 7.626442527771001778e+01 6.039104080200195312e+01 5.821280288696289062e+01
1.117271671295166016e+02 7.665771675109868966e+01 6.154731369018554688e+01 5.804941940307617188e+01
1.108809394836425781e+02 7.614906501770025216e+01 6.209706878662109375e+01 5.830912399291992188e+01
1.120091304779052734e+02 7.553764152526861153e+01 6.222323989868164062e+01 5.773384475708007812e+01
1.125293598175048828e+02 7.557421684265142403e+01 6.226194381713867188e+01 5.759253311157226562e+01
1.128278541564941406e+02 7.469775581359868966e+01 6.158370208740234375e+01 5.804595565795898438e+01
1.134358043670654297e+02 7.397388839721685372e+01 6.100627517700195312e+01 5.785706329345703125e+01
1.149547061920166016e+02 7.454685974121099434e+01 5.986527633666992188e+01 5.648472595214843750e+01
1.148639850616455078e+02 7.469167900085454903e+01 6.088932418823242188e+01 5.578760147094726562e+01
1.141116867065429688e+02 7.420256996154792262e+01 6.187330627441406250e+01 5.614609909057615766e+01
1.137079544067382812e+02 7.487836074829107247e+01 6.227857971191406250e+01 5.571355438232421875e+01
1.142232322692871094e+02 7.453974723815923653e+01 6.165991973876953125e+01 5.571655654907226562e+01
1.140506076812744141e+02 7.490141105651861153e+01 6.189661788940429688e+01 5.505295181274414062e+01
1.139200038909912109e+02 7.559619712829596949e+01 6.241202163696289062e+01 5.443242263793943891e+01
1.142964344024658203e+02 7.476340103149421168e+01 6.228001022338867188e+01 5.488767242431639204e+01
1.145735816955566406e+02 7.563193702697761012e+01 6.207740020751953125e+01 5.363146591186522016e+01
1.140378627777099609e+02 7.517771911621099434e+01 6.229959487915039062e+01 5.364236450195312500e+01
1.138371639251708984e+02 7.542164230346685372e+01 6.243365859985351562e+01 5.317891693115234375e+01
1.140549640655517578e+02 7.437439155578618966e+01 6.186170578002929688e+01 5.323234176635742188e+01
1.142864208221435547e+02 7.494447708129888497e+01 6.205691909790039062e+01 5.237383270263671875e+01
1.142020034790039062e+02 7.460806655883794747e+01 6.195535278320312500e+01 5.228961944580078125e+01
1.142410163879394531e+02 7.502372741699224434e+01 6.251906585693359375e+01 5.176750183105468750e+01
1.145746936798095703e+02 7.614742660522466622e+01 6.197135543823242188e+01 5.103751373291015625e+01
1.157000789642333984e+02 7.669368553161626778e+01 6.127006912231445312e+01 5.079726028442382812e+01
1.167997016906738281e+02 7.643940925598150216e+01 6.042574310302734375e+01 5.121616744995117188e+01
1.167696933746337891e+02 7.588608932495122872e+01 6.030225753784179688e+01 5.323647308349609375e+01
1.173577003479003906e+02 7.612574386596686793e+01 6.028430938720703125e+01 5.435689544677732954e+01
1.174935779571533203e+02 7.472321319580083809e+01 6.009908676147460938e+01 5.615071105957031250e+01
1.170521831512451172e+02 7.597060585021978341e+01 6.042650222778320312e+01 5.567943954467773438e+01
1.166119728088378906e+02 7.598908042907720528e+01 6.103548431396484375e+01 5.596463394165039062e+01
1.161562175750732422e+02 7.594532966613776637e+01 6.186647415161132812e+01 5.689912033081053266e+01
1.152893295288085938e+02 7.683420181274419747e+01 6.257875061035156250e+01 5.784633636474609375e+01
1.151731014251708984e+02 7.630034637451177559e+01 6.308018875122070312e+01 5.848777770996093750e+01
1.148974933624267578e+02 7.572096252441413355e+01 6.308344650268554688e+01 5.844223022460936079e+01
1.144910030364990234e+02 7.641511726379401637e+01 6.314522171020507812e+01 5.728797531127928266e+01
1.141429023742675781e+02 7.507092285156255684e+01 6.307527923583984375e+01 5.796678161621093750e+01
1.135836753845214844e+02 7.607929992675786934e+01 6.382530975341796875e+01 5.582843017578125000e+01
1.134417800903320312e+02 7.692971801757816763e+01 6.463993835449218750e+01 5.493841552734376421e+01
1.138044700622558594e+02 7.632886505126957388e+01 6.457526397705078125e+01 5.508479309082032671e+01
1.133698081970214844e+02 7.690931510925297232e+01 6.450954437255859375e+01 5.551796340942384234e+01
1.134660263061523438e+02 7.561609649658208809e+01 6.480435180664062500e+01 5.633860778808593750e+01
1.136746597290039062e+02 7.580364036560064278e+01 6.524603271484375000e+01 5.534569168090820312e+01
1.139429206848144531e+02 7.597724533081060372e+01 6.536869049072265625e+01 5.568972015380859375e+01
1.143901100158691406e+02 7.519710922241216622e+01 6.538996124267578125e+01 5.636284637451171875e+01
1.150935249328613281e+02 7.502126502990729762e+01 6.523500823974609375e+01 5.568584823608397016e+01
1.159530334472656250e+02 7.475885581970220528e+01 6.528283691406250000e+01 5.537843704223632812e+01
1.171270103454589844e+02 7.417275238037115059e+01 6.510315704345703125e+01 5.301396179199218750e+01
1.189367980957031250e+02 7.293403434753423653e+01 6.491355895996093750e+01 5.246075820922851562e+01
