1.470000000000000000e+02 6.500000000000000000e+01 5.500000000000000000e+01 7.200000000000000000e+01
1.509803237915039062e+02 6.546863174438476562e+01 6.015635681152343750e+01 7.012383270263671875e+01
1.559035911560058594e+02 6.453039550781250000e+01 6.086136627197265625e+01 7.143032836914062500e+01
1.599806327819824219e+02 6.550096511840820312e+01 6.434201812744140625e+01 7.007192230224609375e+01
1.684332714080810547e+02 6.543868637084960938e+01 6.215021133422851562e+01 6.966706085205078125e+01
1.792388362884521484e+02 6.741551208496093750e+01 6.091478347778320312e+01 7.241458129882812500e+01
1.850805683135986328e+02 6.984004592895507812e+01 6.299688339233398438e+01 7.112828826904296875e+01
1.912394104003906250e+02 7.374238586425781250e+01 5.912719726562500000e+01 7.322680664062500000e+01
1.949798927307128906e+02 7.630942916870117188e+01 5.941490936279296875e+01 6.935669708251953125e+01
1.942502288818359375e+02 7.831219482421875000e+01 5.942301940917968750e+01 7.213223266601562500e+01
1.939735813140869141e+02 7.770970535278320312e+01 5.992486190795898438e+01 7.294710540771484375e+01
1.908984966278076172e+02 7.416077041625976562e+01 6.144347000122070312e+01 7.364736175537109375e+01
1.841968193054199219e+02 7.478659439086914062e+01 6.500966644287109375e+01 7.274788665771484375e+01
1.805473308563232422e+02 7.429887008666992188e+01 6.267326736450195312e+01 7.033338165283203125e+01
1.763327045440673828e+02 7.373137664794921875e+01 6.247199630737304688e+01 6.772935485839843750e+01
1.712592411041259766e+02 7.203848266601562500e+01 6.231426620483398438e+01 6.733441162109375000e+01
1.685764236450195312e+02 6.850133514404296875e+01 6.045674133300781250e+01 6.956900024414062500e+01
1.644505634307861328e+02 6.598216629028320312e+01 6.140536117553710938e+01 6.953046417236328125e+01
1.607838268280029297e+02 6.195442199707031250e+01 6.306610488891601562e+01 7.072166442871093750e+01
1.601942806243896484e+02 6.009092712402343750e+01 6.114229202270507812e+01 6.938325500488281250e+01
1.605765228271484375e+02 5.593521881103515625e+01 6.028997802734375000e+01 7.045021057128906250e+01
1.591591625213623047e+02 5.218540191650390625e+01 6.127701187133789062e+01 7.129388427734375000e+01
1.585234966278076172e+02 5.045249557495117188e+01 6.043359756469726562e+01 7.261449432373046875e+01
1.571317920684814453e+02 4.628205871582031250e+01 5.996734237670898438e+01 7.472038269042968750e+01
1.562003192901611328e+02 4.182645034790039062e+01 6.038579940795898438e+01 7.550321197509765625e+01
1.546954441070556641e+02 3.806464004516601562e+01 6.007493209838867188e+01 7.498133087158203125e+01
1.532528762817382812e+02 3.507781219482421875e+01 5.955284118652343750e+01 7.157858276367187500e+01
1.524087791442871094e+02 3.249504089355468750e+01 5.898789215087890625e+01 6.880044555664062500e+01
1.516575469970703125e+02 3.103433227539062500e+01 5.834838867187500000e+01 6.730194091796875000e+01
1.508347549438476562e+02 2.811887741088867188e+01 5.763752746582031250e+01 6.585074615478515625e+01
1.498225803375244141e+02 2.476208877563476562e+01 5.820562362670898438e+01 6.713469696044921875e+01
1.496202945709228516e+02 2.439597320556640625e+01 5.799367904663085938e+01 6.505381774902343750e+01
1.479667987823486328e+02 2.238187789916993609e+01 5.882220077514648438e+01 6.551171112060546875e+01
1.480201377868652344e+02 2.278841018676757812e+01 5.799759674072265625e+01 6.500704193115234375e+01
1.477644481658935547e+02 2.402511215209962359e+01 5.790748977661132812e+01 6.571294403076171875e+01
1.477265853881835938e+02 2.461548233032227984e+01 5.814422607421875000e+01 6.552140045166015625e+01
1.482053527832031250e+02 2.511281204223634234e+01 5.804541015625000000e+01 6.473671722412109375e+01
1.486678123474121094e+02 2.652626800537112217e+01 5.764417266845703125e+01 6.641183471679687500e+01
1.498526744842529297e+02 2.768936920166018467e+01 5.787266921997070312e+01 6.576037597656250000e+01
1.505189514160156250e+02 2.893643188476565342e+01 5.728839111328125000e+01 6.770518493652343750e+01
1.512033042907714844e+02 3.031303024291995030e+01 5.814795684814453125e+01 6.815735626220703125e+01
1.520960483551025391e+02 3.283907318115237217e+01 5.820899581909179688e+01 6.922645568847656250e+01
1.557932224273681641e+02 3.507562255859377842e+01 5.836738204956054688e+01 6.770303344726562500e+01
1.601217651367187500e+02 3.482213211059573155e+01 5.840228271484375000e+01 6.779199981689453125e+01
1.644919033050537109e+02 3.493538665771487217e+01 6.095695877075195312e+01 7.110559082031250000e+01
1.691706848144531250e+02 3.473840332031252842e+01 6.293569946289062500e+01 7.263542175292968750e+01
1.774905242919921875e+02 3.233325958251955967e+01 6.540451049804687500e+01 7.487231445312500000e+01
1.862188587188720703e+02 3.196427917480471592e+01 6.377129745483398438e+01 7.253559875488281250e+01
1.945762405395507812e+02 2.956160736083987217e+01 6.411805725097656250e+01 7.648620605468750000e+01
2.008779296875000000e+02 3.049279785156252842e+01 6.389654541015625000e+01 7.752717590332031250e+01
2.051338119506835938e+02 2.820574951171877842e+01 6.289338684082031250e+01 7.770295715332031250e+01
2.089667339324951172e+02 2.886087036132815342e+01 6.196905899047851562e+01 7.554981994628906250e+01
2.117106800079345703e+02 2.902825546264651280e+01 6.118181991577148438e+01 7.623714447021484375e+01
2.112460136413574219e+02 3.068218994140627842e+01 6.291965484619140625e+01 7.877354431152343750e+01
2.096518249511718750e+02 3.202880859375002842e+01 6.323641967773437500e+01 7.762480163574218750e+01
2.083854446411132812e+02 3.339213180541995030e+01 6.273066711425781250e+01 7.700399017333984375e+01
2.081260719299316406e+02 3.395150756835940342e+01 6.118660736083984375e+01 7.659538269042968750e+01
2.071381549835205078e+02 3.399249267578127842e+01 6.065038681030273438e+01 7.691065979003906250e+01
2.084008178710937500e+02 3.568982315063479405e+01 6.036370849609375000e+01 7.390509796142578125e+01
2.082812652587890625e+02 3.333391952514651280e+01 6.106854248046875000e+01 7.863643646240234375e+01
2.095993862152099609e+02 3.548493194580080967e+01 6.102653884887695312e+01 7.406961059570312500e+01
2.104450397491455078e+02 3.471396636962893467e+01 6.164837265014648438e+01 7.878100585937500000e+01
2.118146495819091797e+02 3.228939437866213780e+01 6.011688613891601562e+01 7.683882904052734375e+01
2.096748313903808594e+02 3.242905426025393467e+01 6.221744537353515625e+01 7.907104492187500000e+01
2.055051689147949219e+02 3.317193984985354405e+01 6.482913970947265625e+01 7.880448150634765625e+01
1.986852912902832031e+02 3.250841903686526280e+01 6.561809539794921875e+01 7.957668304443359375e+01
1.887404003143310547e+02 3.315229415893557530e+01 6.228232192993164062e+01 7.757268524169921875e+01
1.801379928588867188e+02 3.468737792968752842e+01 6.422663879394531250e+01 7.850736999511718750e+01
1.717991676330566406e+02 3.547370147705080967e+01 6.411690521240234375e+01 7.569152832031250000e+01
1.636306266784667969e+02 3.278910064697268467e+01 6.607144927978515625e+01 7.844146728515625000e+01
1.533607730865478516e+02 3.358097839355471592e+01 6.248044967651367188e+01 7.646635437011718750e+01
1.467194576263427734e+02 3.552879714965823155e+01 6.395750808715820312e+01 7.308286285400390625e+01
1.389620914459228516e+02 3.625378799438479405e+01 6.253882980346679688e+01 7.159659576416015625e+01
1.320974731445312500e+02 3.756668472290041905e+01 6.403523254394531250e+01 7.386292266845703125e+01
1.276676025390625000e+02 3.922622680664065342e+01 6.199562072753906250e+01 7.542997741699218750e+01
1.240371150970458984e+02 4.196200942993166905e+01 6.156341934204101562e+01 7.299869537353515625e+01
1.219315567016601562e+02 4.465287399291995030e+01 6.194412231445312500e+01 7.289159393310546875e+01
1.209886817932128906e+02 4.684046554565432530e+01 6.203339385986328125e+01 7.167098236083984375e+01
1.196352329254150391e+02 4.946846008300784092e+01 6.104030990600585938e+01 7.147468566894531250e+01
1.186948566436767578e+02 5.064464569091799717e+01 6.151270675659179688e+01 7.184616088867187500e+01
1.202904472351074219e+02 5.225729370117190342e+01 6.161193084716796875e+01 7.159651184082031250e+01
1.230934696197509766e+02 5.308195495605471592e+01 6.323876571655273438e+01 7.182069396972656250e+01
1.268353042602539062e+02 5.286259841918948155e+01 6.278326416015625000e+01 7.233481597900390625e+01
1.324003887176513672e+02 5.367082214355471592e+01 6.258208084106445312e+01 7.207865905761718750e+01
1.398264007568359375e+02 5.359273147583010655e+01 6.151823425292968750e+01 7.401248931884765625e+01
1.453818588256835938e+02 5.047306823730471592e+01 6.100741577148437500e+01 7.587113952636718750e+01
1.520648708343505859e+02 5.030691909790041905e+01 6.171808242797851562e+01 7.477835845947265625e+01
1.549854240417480469e+02 4.689139938354495030e+01 6.123287200927734375e+01 7.415102386474609375e+01
1.586786136627197266e+02 4.461138916015627842e+01 6.154412460327148438e+01 7.564808654785156250e+01
1.631050395965576172e+02 4.168815994262698155e+01 6.045521926879882812e+01 7.353437042236328125e+01
1.658528957366943359e+02 3.972611999511721592e+01 5.927441787719726562e+01 7.148899841308593750e+01
1.683861618041992188e+02 3.642001724243166905e+01 5.793521118164062500e+01 7.156189727783203125e+01
1.704143486022949219e+02 3.488288879394534092e+01 5.690514373779296875e+01 7.033697509765625000e+01
1.708005237579345703e+02 3.296219635009768467e+01 5.699551010131835938e+01 7.082559204101562500e+01
1.714854736328125000e+02 3.060274887084963780e+01 5.650061035156250000e+01 7.064444732666015625e+01
1.720843944549560547e+02 3.070889663696290484e+01 5.611740493774414062e+01 6.920804595947265625e+01
1.714872055053710938e+02 2.932621383666993609e+01 5.667890930175781250e+01 6.976157379150390625e+01
1.701007633209228516e+02 2.745468139648438921e+01 5.702415084838867188e+01 7.091612243652343750e+01
1.695040645599365234e+02 2.592845916748048296e+01 5.682437515258789062e+01 7.057707214355468750e+01
1.690491046905517578e+02 2.415647888183595171e+01 5.679000473022460938e+01 6.996751403808593750e+01
1.688285617828369141e+02 2.247973632812500000e+01 5.674720382690429688e+01 6.953700256347656250e+01
1.687717952728271484e+02 2.318746566772460938e+01 5.631856155395507812e+01 6.803528594970703125e+01
1.679957962036132812e+02 2.231240463256835938e+01 5.631936645507812500e+01 6.906719207763671875e+01
1.680644569396972656e+02 2.099740600585937500e+01 5.623838043212890625e+01 6.977192687988281250e+01
1.673743000030517578e+02 2.178067779541015625e+01 5.629368209838867188e+01 6.844735717773437500e+01
1.666740913391113281e+02 2.049522781372068891e+01 5.664817047119140625e+01 6.954381561279296875e+01
1.652714252471923828e+02 2.192159271240232954e+01 5.707090377807617188e+01 6.947073364257812500e+01
1.635308456420898438e+02 2.145448303222654829e+01 5.767984008789062500e+01 6.910388183593750000e+01
1.615656375885009766e+02 2.232431411743161220e+01 5.697497177124023438e+01 6.752585601806640625e+01
1.589691505432128906e+02 2.311867523193355112e+01 5.650249481201171875e+01 6.858840942382812500e+01
1.570660343170166016e+02 2.553548812866206674e+01 5.605506515502929688e+01 6.846297454833984375e+01
1.544888381958007812e+02 2.679552078247066049e+01 5.666062927246093750e+01 6.873983001708984375e+01
1.519997539520263672e+02 2.926836013793941049e+01 5.633372879028320312e+01 6.789899444580078125e+01
1.507755470275878906e+02 3.157262420654292612e+01 5.656153106689453125e+01 6.825439453125000000e+01
1.491413078308105469e+02 3.461408615112299003e+01 5.722536468505859375e+01 7.001329803466796875e+01
1.484083633422851562e+02 3.746100234985345878e+01 5.696665954589843750e+01 6.764917755126953125e+01
1.480860691070556641e+02 3.986553955078117895e+01 5.662998580932617188e+01 6.935681152343750000e+01
1.464719581604003906e+02 4.269346237182610082e+01 5.740494537353515625e+01 7.099314117431640625e+01
1.449289627075195312e+02 4.539312744140617895e+01 5.688562011718750000e+01 7.229440307617187500e+01
1.432296772003173828e+02 4.853344726562492895e+01 5.781681442260742188e+01 7.232604980468750000e+01
1.412914123535156250e+02 5.140950775146477270e+01 5.814167785644531250e+01 7.212620544433593750e+01
1.394451141357421875e+02 5.383849334716789770e+01 5.895570373535156250e+01 7.180497741699218750e+01
1.388919715881347656e+02 5.618898010253899145e+01 5.810306549072265625e+01 7.110470581054687500e+01
1.367708625793457031e+02 5.764554977416985082e+01 5.840933990478515625e+01 7.112702178955079546e+01
1.350381088256835938e+02 6.028971862792963066e+01 5.762351989746093750e+01 7.031686401367187500e+01
1.339873867034912109e+02 6.066598510742181816e+01 5.708343887329101562e+01 6.996870422363281250e+01
1.315127067565917969e+02 6.185159683227531957e+01 5.771996307373046875e+01 6.937645721435548296e+01
1.304489841461181641e+02 6.000564575195306816e+01 5.657262802124023438e+01 7.077665710449218750e+01
1.277525749206542969e+02 6.282872390747064628e+01 5.691896820068359375e+01 6.745960235595703125e+01
1.270576858520507812e+02 5.991995239257806816e+01 5.772384643554687500e+01 7.016319274902343750e+01
1.244289073944091797e+02 6.058123016357416191e+01 5.781070327758789062e+01 6.922656250000000000e+01
1.196196613311767578e+02 6.065545272827142753e+01 5.954789352416992188e+01 6.852025604248046875e+01
1.156117668151855469e+02 5.989441680908197441e+01 6.060762786865234375e+01 6.867811584472656250e+01
1.116261005401611328e+02 5.968804931640619316e+01 6.277643966674804688e+01 6.832473754882812500e+01
1.101784744262695312e+02 5.862269973754877128e+01 6.161349487304687500e+01 6.798601531982421875e+01
1.102195568084716797e+02 5.679162216186517753e+01 5.971937942504882812e+01 6.868592071533203125e+01
1.091005725860595703e+02 5.436039733886713066e+01 5.945785140991210938e+01 6.945532226562500000e+01
1.086161022186279297e+02 5.423325729370111503e+01 5.929507827758789062e+01 6.775714874267578125e+01
1.093143196105957031e+02 5.286096954345697441e+01 5.883739471435546875e+01 6.820199584960937500e+01
1.073274726867675781e+02 5.097097396850580253e+01 5.863339996337890625e+01 6.814922332763671875e+01
1.052904930114746094e+02 4.918212127685539770e+01 5.897435760498046875e+01 6.830310058593750000e+01
1.007812423706054688e+02 4.782969284057610082e+01 6.088531494140625000e+01 6.764037322998046875e+01
9.633617401123046875e+01 4.529769515991203832e+01 6.256809997558593750e+01 6.863036346435546875e+01
9.343098831176757812e+01 4.404347610473625707e+01 6.174962615966796875e+01 6.692008209228515625e+01
8.897061157226562500e+01 4.274435424804680395e+01 6.209963989257812500e+01 6.620306396484375000e+01
8.553584861755371094e+01 4.168181991577141332e+01 6.088252639770507812e+01 6.760236358642578125e+01
8.357048797607421875e+01 3.916256713867180395e+01 6.093710327148437500e+01 6.896574401855468750e+01
7.892905426025390625e+01 3.905092620849602270e+01 6.200933837890625000e+01 6.837466430664062500e+01
7.694930648803710938e+01 3.601267623901360082e+01 6.047646331787109375e+01 6.990737152099609375e+01
7.335773086547851562e+01 3.671601486206047582e+01 6.121634674072265625e+01 6.910207366943359375e+01
7.249853324890136719e+01 3.617062377929680395e+01 6.005000686645507812e+01 6.888056945800781250e+01
6.968334960937500000e+01 3.646025848388664770e+01 6.110307312011718750e+01 6.930493164062500000e+01
6.933931159973144531e+01 3.685153579711906957e+01 5.923826217651367188e+01 6.890375518798828125e+01
6.897382354736328125e+01 3.804798507690422582e+01 5.975762939453125000e+01 6.681279754638671875e+01
6.959819221496580610e+01 3.810002899169913348e+01 5.789907455444335938e+01 6.706623840332031250e+01
6.794812583923338423e+01 3.832389068603507098e+01 5.853972244262695312e+01 6.596891784667968750e+01
6.788008117675778408e+01 3.973910140991200990e+01 5.699092102050781250e+01 6.633443450927734375e+01
7.049905776977537641e+01 4.219360542297354755e+01 5.274681854248046875e+01 6.353200912475585938e+01
7.272971343994139204e+01 4.540735054016104755e+01 5.423205566406250000e+01 5.965668869018554688e+01
7.406167411804197798e+01 3.950605010986319598e+01 4.982352066040039062e+01 5.565817260742187500e+01
7.960336685180664062e+01 3.774812507629387426e+01 4.547374725341796875e+01 5.179746627807617188e+01
8.246222686767578125e+01 3.973736763000481176e+01 4.328857421875000000e+01 4.240282821655273438e+01
7.680919265747070312e+01 2.796298980712883520e+01 4.926184844970703125e+01 5.450956726074218750e+01
6.170430374145507812e+01 1.330790710449211645e+01 6.456795501708984375e+01 6.098617553710937500e+01
7.773993301391601562e+01 2.094460296630852270e+01 6.265416717529296875e+01 6.700321960449218750e+01
4.498547363281250000e+01 0.000000000000000000e+00 9.067347717285156250e+01 8.155549621582024145e+01
3.846641921997070312e+01 7.403171539306612203e+00 1.237548904418945312e+02 1.026467666625976562e+02
4.451835632324218750e+01 0.000000000000000000e+00 1.594657135009765625e+02 9.905817413330075283e+01
3.697350311279294033e+01 0.000000000000000000e+00 1.760218811035156250e+02 1.227314605712890057e+02
8.662963867187471578e+00 0.000000000000000000e+00 2.107769927978515625e+02 1.435067977905273153e+02
2.365238189697262783e+01 0.000000000000000000e+00 2.423999023437500284e+02 1.413905754089355469e+02
2.472738647460937500e+01 0.000000000000000000e+00 2.386896514892578125e+02 1.395228557586669922e+02
2.237014007568359375e+01 0.000000000000000000e+00 2.125636291503906250e+02 1.367862920761108398e+02
2.230654144287109375e+01 0.000000000000000000e+00 2.338075256347656250e+02 1.437043490409851074e+02
2.815501403808593750e+01 0.000000000000000000e+00 2.262031097412109375e+02 1.409041535854339600e+02
2.706199645996093750e+01 0.000000000000000000e+00 2.513511810302734375e+02 1.302328308820724487e+02
3.201718902587890625e+01 0.000000000000000000e+00 2.467863159179687500e+02 1.445681366324424744e+02
1.838191986083984375e+01 0.000000000000000000e+00 2.526407775878906250e+02 1.441552307307720184e+02
6.031135559082031250e+00 0.000000000000000000e+00 2.396069335937500000e+02 1.404145675748586655e+02
1.150231170654296875e+01 0.000000000000000000e+00 2.635097351074218750e+02 1.452366340681910515e+02
1.988637542724609375e+01 0.000000000000000000e+00 2.465599670410156250e+02 1.401183399222791195e+02
1.482056427001958809e+01 0.000000000000000000e+00 2.702459716796875000e+02 1.366750223170966478e+02
1.979248046875005684e+01 0.000000000000000000e+00 2.445225982666015625e+02 1.480705967908725142e+02
1.384885406494146309e+01 0.000000000000000000e+00 2.726363525390625000e+02 1.477433519843034446e+02
1.600762176513677559e+01 0.000000000000000000e+00 2.665111999511718750e+02 1.578125710727181286e+02
1.426532745361333809e+01 0.000000000000000000e+00 2.588422851562500000e+02 1.576647846818668768e+02
5.056205749511718750e+00 0.000000000000000000e+00 2.973242492675781250e+02 1.575036493599763503e+02
4.787467956542968750e+00 0.000000000000000000e+00 2.881279602050781250e+02 1.570953763157303911e+02
7.867195129394531250e+00 0.000000000000000000e+00 2.579746704101562500e+02 1.529710127428261330e+02
1.898018646240234375e+01 0.000000000000000000e+00 2.606374816894531250e+02 1.435819190301044728e+02
3.362255859375000000e+01 0.000000000000000000e+00 2.456080474853515625e+02 1.385139972347787989e+02
9.128127288818359375e+01 0.000000000000000000e+00 1.509560241699218750e+02 1.336461129972722119e+02
9.468477630615234375e+01 1.482643632041344972e+01 1.324365539550781250e+02 1.294496612548828125e+02
1.517091293334960938e+02 3.990714005576501222e+01 7.345999145507812500e+01 1.010184173583984375e+02
1.703415164947509766e+02 4.197962311850915285e+01 5.559582138061523438e+01 7.650809478759765625e+01
1.707146949768066406e+02 4.070411805259118410e+01 5.557184600830078125e+01 6.559081268310546875e+01
1.708943786621093750e+02 4.233675126181969972e+01 5.395451354980468750e+01 6.686599731445312500e+01
1.716715145111083984e+02 3.870168046103844972e+01 5.479562759399414062e+01 6.962042236328125000e+01
1.721047592163085938e+02 3.613269547568688722e+01 5.583958435058593750e+01 6.900663757324218750e+01
1.727581653594970703e+02 3.551971177207359176e+01 5.444807052612304688e+01 6.566912841796875000e+01
1.736115550994873047e+02 3.451409272300132614e+01 5.472230911254882812e+01 6.689823150634765625e+01
1.741330432891845703e+02 3.133704499350915285e+01 5.468761825561523438e+01 6.760451507568359375e+01
1.738450183868408203e+02 2.995107392417321535e+01 5.495791244506835938e+01 6.824452972412109375e+01
1.727746982574462891e+02 2.772745255576502643e+01 5.492391586303710938e+01 6.878529357910156250e+01
1.724655609130859375e+02 2.728787354575527502e+01 5.519624328613281250e+01 6.863339996337890625e+01
1.713627834320068359e+02 2.607047394858730627e+01 5.518104934692382812e+01 7.006044769287109375e+01
1.706502094268798828e+02 2.467697648154627643e+01 5.534676742553710938e+01 6.803852844238281250e+01
1.691379222869873047e+02 2.534946183310879064e+01 5.432555007934570312e+01 6.755500793457031250e+01
1.662240848541259766e+02 2.425089005576505485e+01 5.578855514526367188e+01 6.843830871582031250e+01
1.649116077423095703e+02 2.445345810996427360e+01 5.544193649291992188e+01 6.751197814941406250e+01
1.632758769989013672e+02 2.163290146933928781e+01 5.561008071899414062e+01 6.815696716308593750e+01
1.609630374908447266e+02 2.130442170249358469e+01 5.607766342163085938e+01 6.827072906494140625e+01
1.595716533660888672e+02 1.960378769980803781e+01 5.719644546508789062e+01 6.884614562988281250e+01
1.573133583068847656e+02 1.789344147788420969e+01 5.636922454833984375e+01 6.773049163818359375e+01
1.537943515777587891e+02 1.772837571250335031e+01 5.735181808471679688e+01 6.657377624511718750e+01
1.494897403717041016e+02 1.774255875693694406e+01 5.824010848999023438e+01 6.562657165527343750e+01
1.445579128265380859e+02 1.774613694297210031e+01 5.965065383911132812e+01 6.637672424316406250e+01
1.435659122467041016e+02 1.808858994590178781e+01 5.521604537963867188e+01 6.848712158203125000e+01
1.385661983489990234e+02 1.894202927695648953e+01 5.735937881469726562e+01 6.901647949218750000e+01
1.356398429870605469e+02 1.961744813071625515e+01 5.632379913330078125e+01 6.730696868896484375e+01
1.329927711486816406e+02 1.981901291953461453e+01 5.610454559326171875e+01 6.748910522460937500e+01
1.297104072570800781e+02 2.116806153403656765e+01 5.582120513916015625e+01 6.748970794677734375e+01
1.295216178894042969e+02 2.212215928183931624e+01 5.472095489501953125e+01 6.712040710449218750e+01
1.293987083435058594e+02 2.442716340171237732e+01 5.480800628662109375e+01 6.688957977294921875e+01
1.297893142700195312e+02 2.700260666953465716e+01 5.439978027343750000e+01 6.644967651367187500e+01
1.310097522735595703e+02 2.833569077597996966e+01 5.469683456420898438e+01 6.821165466308593750e+01
1.315161399841308594e+02 3.098902253257178074e+01 5.564048004150390625e+01 6.957694244384765625e+01
1.330744724273681641e+02 3.470978669272801653e+01 5.540516281127929688e+01 7.007498931884765625e+01
1.336569538116455078e+02 3.826374558555028216e+01 5.761684799194335938e+01 7.012719726562500000e+01
1.373727970123291016e+02 4.161880616294286028e+01 5.784095382690429688e+01 7.098497772216796875e+01
1.413179035186767578e+02 4.431655625449559466e+01 5.803957748413085938e+01 7.296170043945312500e+01
1.447153644561767578e+02 4.810556534873387591e+01 5.881148910522460938e+01 7.378199768066406250e+01
1.471687564849853516e+02 5.116563920127293841e+01 5.922919845581054688e+01 7.409370422363281250e+01
1.483380393981933594e+02 5.356004456626317278e+01 5.972309112548828125e+01 7.226592254638671875e+01
1.488561496734619141e+02 5.650623063193700091e+01 5.885636520385742188e+01 7.177265930175781250e+01
1.495315113067626953e+02 5.851485947715184466e+01 5.976263046264648438e+01 7.093853759765625000e+01
1.493645801544189453e+02 6.095430878745457903e+01 5.791561508178710938e+01 6.993106842041015625e+01
1.489252681732177734e+02 6.295721940146825091e+01 5.722655105590820312e+01 7.112950134277343750e+01
1.482683944702148438e+02 6.522558716880223528e+01 5.686662292480468750e+01 6.764177703857421875e+01
1.481299972534179688e+02 6.610595444785495545e+01 5.830715942382812500e+01 6.846376037597657671e+01
1.478372783660888672e+02 6.625605134116550232e+01 5.733787918090820312e+01 6.850160980224610796e+01
1.472746562957763672e+02 6.694544724570653216e+01 5.739496231079101562e+01 6.832054138183593750e+01
1.463014926910400391e+02 6.597022751914403216e+01 5.735421371459960938e+01 6.926609802246093750e+01
1.455545997619628906e+02 6.711868790732761170e+01 5.710355377197265625e+01 6.877700805664063921e+01
1.426017227172851562e+02 6.643639878379246966e+01 5.888542175292968750e+01 6.856201171875000000e+01
1.416834220886230469e+02 6.650039795981786028e+01 5.784798431396484375e+01 6.910233306884765625e+01
1.404384765625000000e+02 6.640394715415378357e+01 5.854052734375000000e+01 6.850240325927735796e+01
1.382144317626953125e+02 6.667245987998387591e+01 5.889013671875000000e+01 6.820503234863281250e+01
1.381253871917724609e+02 6.570410279380223528e+01 5.836345291137695312e+01 6.928452301025390625e+01
1.390006237030029297e+02 6.441184739219090716e+01 5.802582168579101562e+01 7.118576049804687500e+01
1.413785476684570312e+02 6.369241074668309466e+01 5.745915222167968750e+01 7.208007812500000000e+01
1.434882087707519531e+02 6.202467087851903216e+01 5.779528045654296875e+01 7.337626647949218750e+01
1.455562095642089844e+02 6.189826325522801653e+01 5.903324127197265625e+01 7.283028411865234375e+01
1.492977523803710938e+02 5.990957764731786028e+01 5.871208190917968750e+01 7.419147491455078125e+01
1.534997539520263672e+02 5.938898209678075091e+01 5.941501235961914062e+01 7.340844726562500000e+01
1.549283123016357422e+02 5.628311661826512591e+01 6.138837051391601562e+01 7.515301513671875000e+01
1.595027980804443359e+02 5.456245164023778216e+01 6.068318557739257812e+01 7.400886535644531250e+01
1.621002712249755859e+02 5.423752335654637591e+01 6.146083450317382812e+01 7.330206298828125000e+01
1.616337242126464844e+02 5.098569993125340716e+01 6.194800567626953125e+01 7.498893737792968750e+01
1.624066734313964844e+02 4.794788865195653216e+01 6.547296905517578125e+01 7.559355163574218750e+01
1.703874053955078125e+02 4.619587067710301653e+01 6.091802978515625000e+01 7.456438446044921875e+01
1.737111511230468750e+02 4.555683259116551653e+01 5.880377197265625000e+01 7.489638519287109375e+01
1.768542156219482422e+02 4.180244187461278216e+01 5.835098648071289062e+01 7.725132751464843750e+01
1.790488033294677734e+02 3.880647019492528216e+01 5.921684646606445312e+01 7.709101867675781250e+01
1.828151531219482422e+02 3.700370911704442278e+01 6.066623306274414062e+01 7.623828887939453125e+01
1.855210170745849609e+02 3.236230973349950091e+01 5.894517898559570312e+01 7.556381225585937500e+01
1.885077743530273438e+02 2.881096772300145403e+01 6.187309265136718750e+01 7.549153900146484375e+01
1.920989437103271484e+02 2.494390992270848528e+01 5.877653884887695312e+01 7.423410797119140625e+01
1.956974163055419922e+02 2.267315034018895403e+01 5.916473770141601562e+01 7.239070892333984375e+01
1.983758487701416016e+02 2.039345292197606341e+01 5.929377365112304688e+01 7.177911376953125000e+01
2.005434570312500000e+02 1.692391709433934466e+01 5.975869750976562500e+01 7.140673828125000000e+01
2.035448665618896484e+02 1.361245087729832903e+01 5.887053298950195312e+01 7.127608489990234375e+01
2.046904659271240234e+02 1.015716294394871966e+01 5.883617019653320312e+01 7.108204650878906250e+01
2.024986743927001953e+02 5.721707621683094658e+00 6.260995101928710938e+01 7.188934326171875000e+01
2.005560951232910156e+02 9.007731546375907783e-03 6.375365447998046875e+01 7.517155456542968750e+01
1.935162506103515625e+02 0.000000000000000000e+00 6.714572143554687500e+01 7.930881241904637591e+01
1.890218162536621094e+02 0.000000000000000000e+00 6.511454010009765625e+01 7.942851128154467233e+01
1.870323562622070312e+02 0.000000000000000000e+00 6.404826354980468750e+01 8.269599087026452366e+01
1.829944610595703125e+02 0.000000000000000000e+00 6.499966430664062500e+01 7.533016554011273058e+01
1.797561035156250000e+02 0.000000000000000000e+00 6.578021240234375000e+01 7.072952826566182694e+01
1.759224891662597656e+02 0.000000000000000000e+00 6.580327606201171875e+01 6.790989581618052284e+01
1.725636253356933594e+02 0.000000000000000000e+00 6.588077545166015625e+01 6.600506540076604267e+01
1.680453586578369141e+02 0.000000000000000000e+00 6.345711898803710938e+01 6.575403569110568469e+01
1.640614356994628906e+02 0.000000000000000000e+00 6.079134368896484375e+01 7.086380373422471735e+01
1.581526069641113281e+02 1.728495905010305478e-01 6.036949920654296875e+01 7.106952667236328125e+01
1.548427562713623047e+02 1.308900768479546173e+00 6.066617202758789062e+01 6.996545410156250000e+01
1.512971763610839844e+02 1.778921062668999298e+00 6.267841339111328125e+01 6.921001434326171875e+01
1.502919387817382812e+02 3.111795360764702423e+00 5.944194030761718750e+01 7.005754089355468750e+01
1.488213558197021484e+02 2.145570690354546173e+00 5.924353408813476562e+01 6.947711181640625000e+01
1.492052669525146484e+02 4.587617809495171173e+00 5.863827896118164062e+01 6.913406372070312500e+01
1.495388545989990234e+02 3.539556438645561798e+00 6.025900650024414062e+01 6.831319427490234375e+01
1.507061138153076172e+02 5.506330425461968048e+00 6.088267898559570312e+01 6.822309112548828125e+01
1.531574039459228516e+02 5.665193493088921173e+00 6.085854721069335938e+01 6.763940429687500000e+01
1.569788093566894531e+02 6.506307537278374298e+00 6.021894073486328125e+01 6.763646697998046875e+01
1.612818222045898438e+02 6.298028881272514923e+00 6.085269165039062500e+01 6.895826721191406250e+01
1.642360610961914062e+02 3.601461345872124298e+00 6.592208862304687500e+01 7.091188812255859375e+01
1.726944084167480469e+02 5.550687725266655548e+00 5.968819427490234375e+01 6.805292510986328125e+01
1.775373783111572266e+02 7.201780254563530548e+00 6.031801986694335938e+01 6.808130645751953125e+01
1.846440067291259766e+02 8.163221294602593048e+00 6.009902572631835938e+01 6.530838775634765625e+01
1.879529380798339844e+02 1.091740983220024930e+01 6.109459686279296875e+01 6.588652801513671875e+01
1.790869235992431641e+02 4.926877910813530548e+00 6.226928329467773438e+01 6.932967376708984375e+01
1.868982830047607422e+02 1.395606225224419461e+01 5.521480178833007812e+01 6.291519546508789062e+01
1.720048904418945312e+02 1.665329545231743680e+01 5.751039123535156250e+01 6.502120208740234375e+01
1.842984466552734375e+02 2.278784173222467757e+01 5.321633911132812500e+01 5.466566848754882812e+01
1.940562973022460938e+02 2.720746224614069320e+01 4.495649719238281250e+01 5.234553146362304688e+01
1.904383220672607422e+02 2.928723710270807601e+01 4.752425003051757812e+01 4.891626739501953125e+01
1.880543041229248047e+02 3.202730172367975570e+01 4.729993057250976562e+01 4.868661117553710938e+01
1.878149604797363281e+02 2.640858643742487288e+01 5.359212493896484375e+01 5.624108886718750000e+01
1.909683914184570312e+02 1.547630494328424788e+01 5.703466796875000000e+01 6.621189880371093750e+01
1.947963581085205078e+02 1.493384354802059022e+01 5.541604232788085938e+01 6.738199615478515625e+01
1.969532661437988281e+02 1.576857178898740131e+01 5.685774993896484375e+01 6.955706787109375000e+01
2.001483345031738281e+02 1.480283158512997943e+01 5.796254730224609375e+01 7.128028106689453125e+01
2.029497928619384766e+02 1.814146989079404193e+01 5.655250167846679688e+01 6.633103179931640625e+01
2.044022350311279297e+02 1.935705750676085302e+01 5.745131301879882812e+01 6.540696716308593750e+01
2.066657829284667969e+02 1.949217026921203910e+01 5.786681365966796875e+01 6.669135284423828125e+01
2.084362525939941406e+02 1.839757722111632177e+01 5.746520233154296875e+01 6.641317749023437500e+01
2.084956989288330078e+02 1.706604569645811864e+01 5.807842636108398438e+01 7.032265472412109375e+01
2.056995449066162109e+02 1.845122330876280614e+01 5.892210769653320312e+01 6.908568572998046875e+01
2.036869831085205078e+02 1.859696000309874364e+01 5.897878646850585938e+01 6.963665008544921875e+01
1.988601131439208984e+02 1.962528413029600927e+01 6.001900100708007812e+01 6.977745056152343750e+01
1.986825847625732422e+02 2.139939683171202489e+01 5.721281814575195312e+01 6.938382720947265625e+01
1.952336635589599609e+02 2.248740571232724506e+01 5.880592727661132812e+01 6.838487243652343750e+01
1.892838325500488281e+02 2.268580811711240131e+01 6.031229400634765625e+01 6.862138366699218750e+01
1.840529518127441406e+02 2.354507249089169818e+01 5.929372406005859375e+01 6.478061676025390625e+01
1.708487586975097656e+02 3.162919610234189349e+01 5.476535797119140625e+01 5.837100601196289062e+01
1.646993770599365234e+02 3.367341988774229833e+01 5.853084182739257812e+01 5.161126327514648438e+01
1.609690437316894531e+02 3.309636300297667333e+01 5.668410491943359375e+01 5.241099166870117188e+01
1.537976226806640625e+02 2.353030579777647802e+01 6.073678588867187500e+01 6.292660522460937500e+01
1.470146179199218750e+02 2.235042756291319677e+01 6.345243835449218750e+01 6.732505798339843750e+01
1.378843860626220703e+02 2.085458176823546239e+01 6.187403488159179688e+01 6.645249176025390625e+01
1.321045074462890625e+02 1.877815812321593114e+01 6.280656433105468750e+01 6.537270355224609375e+01
1.262142753601074219e+02 1.758146088810850927e+01 6.191219329833984375e+01 6.731663513183593750e+01
1.216507816314697266e+02 1.690443604679991552e+01 6.218941879272460938e+01 6.823266601562500000e+01
1.208616390228271484e+02 1.595569413395811864e+01 6.271966934204101562e+01 6.963735198974609375e+01
1.202822494506835938e+02 1.581112092228819677e+01 6.577816772460937500e+01 7.001567077636718750e+01
1.240485839843750000e+02 1.465252869816710302e+01 6.680879211425781250e+01 7.025204467773437500e+01
1.284323806762695312e+02 1.396626847477843114e+01 6.576498413085937500e+01 6.776177215576171875e+01
1.363961677551269531e+02 1.275641434880186864e+01 6.737503814697265625e+01 6.810717010498046875e+01
1.459692802429199219e+02 1.155560487004210302e+01 6.497814178466796875e+01 7.027239990234375000e+01
1.557223587036132812e+02 9.673891002854603016e+00 6.550497436523437500e+01 7.358023071289062500e+01
1.638933219909667969e+02 1.141864579411436864e+01 6.486360931396484375e+01 6.884084320068359375e+01
1.759185504913330078e+02 1.101852601262022802e+01 6.349805831909179688e+01 6.329168701171875000e+01
1.907378654479980469e+02 1.124729722233702489e+01 6.121446990966796875e+01 7.294327545166015625e+01
1.990487289428710938e+02 1.437767213078429052e+01 6.579751586914062500e+01 7.452365112304687500e+01
2.065341968536376953e+02 1.829221146794249364e+01 5.990192794799804688e+01 6.664412689208984375e+01
2.091729660034179688e+02 2.179757493229794818e+01 5.911535644531250000e+01 7.311145782470703125e+01
2.108426113128662109e+02 2.627723115178037006e+01 5.911383438110351562e+01 7.147532653808593750e+01
2.115218582153320312e+02 2.931651490422177631e+01 5.705517578125000000e+01 7.544119262695312500e+01
2.116788597106933594e+02 3.513990586491513568e+01 5.557814788818359375e+01 7.242597198486328125e+01
2.132843494415283203e+02 4.245132249089169818e+01 5.705631637573242188e+01 6.979923248291015625e+01
2.124341220855712891e+02 4.454501527043269959e+01 5.768929672241210938e+01 7.530804443359375000e+01
2.108355941772460938e+02 4.788302033635066834e+01 5.934805297851562500e+01 7.679212951660156250e+01
2.084627857208251953e+02 5.016262238713191834e+01 6.030991744995117188e+01 7.285963439941406250e+01
2.069608478546142578e+02 5.140538972111629334e+01 5.959800338745117188e+01 7.125627136230468750e+01
2.060707263946533203e+02 5.150124543400691834e+01 5.939973068237304688e+01 7.327290344238281250e+01
2.038468856811523438e+02 5.275261491032527772e+01 5.943832397460937500e+01 7.269396209716796875e+01
2.022394199371337891e+02 5.281594651432918397e+01 5.908160018920898438e+01 7.263794708251953125e+01
1.992431144714355469e+02 5.392360108586238709e+01 5.918431854248046875e+01 7.223376464843750000e+01
1.944600009918212891e+02 5.479257004948543397e+01 6.083898544311523438e+01 7.156577301025390625e+01
1.899331264495849609e+02 5.342869752140926209e+01 6.133368301391601562e+01 7.180133056640625000e+01
1.871174488067626953e+02 5.207676881047176209e+01 6.016175460815429688e+01 7.188348388671875000e+01
1.861168251037597656e+02 4.764606660099910584e+01 5.756455230712890625e+01 7.238468933105468750e+01
1.853652381896972656e+02 4.463583939762996522e+01 5.700919342041015625e+01 7.186774444580078125e+01
1.848052387237548828e+02 4.002931397648738709e+01 5.674930953979492188e+01 7.090074157714843750e+01
1.843559093475341797e+02 3.604948609562801209e+01 5.587071609497070312e+01 7.035321044921875000e+01
1.836395626068115234e+02 3.186684601994441834e+01 5.583147048950195312e+01 6.983627319335937500e+01
1.837480754852294922e+02 2.820137589665340272e+01 5.516420364379882812e+01 7.012046051025390625e+01
1.846475162506103516e+02 2.511577027531549788e+01 5.528440475463867188e+01 7.075115966796875000e+01
1.860500507354736328e+02 2.268473237248346663e+01 5.425201034545898438e+01 6.915295410156250000e+01
1.871915702819824219e+02 2.150232117863582459e+01 5.350637054443359375e+01 6.675987243652343750e+01
1.864192523956298828e+02 1.969867890568660584e+01 5.577167892456054688e+01 6.734078979492187500e+01
1.873125457763671875e+02 1.926048463078427631e+01 5.566458129882812500e+01 6.656336975097656250e+01
1.869500808715820312e+02 1.507996171208310443e+01 5.605290222167968750e+01 6.845648956298828125e+01
1.868398342132568359e+02 1.516551392765927631e+01 5.686751174926757812e+01 6.774743652343750000e+01
1.865256118774414062e+02 1.135954087468074647e+01 5.665641784667968750e+01 6.871421051025390625e+01
1.857188663482666016e+02 9.916238720139730844e+00 5.692432785034179688e+01 6.965396118164062500e+01
1.853042411804199219e+02 6.581540996751058969e+00 5.688314056396484375e+01 7.048165130615234375e+01
1.821422405242919922e+02 5.065156871995199594e+00 5.907690811157226562e+01 7.140626525878906250e+01
1.795154647827148438e+02 2.216596538743246469e+00 5.958320617675781250e+01 7.259079742431640625e+01
1.780769500732421875e+02 2.501359874924887094e+00 5.939956665039062500e+01 7.091992187500000000e+01
1.763112163543701172e+02 2.895864422044027719e+00 5.782353591918945312e+01 7.059096527099609375e+01
1.736992034912109375e+02 4.029069835862387094e+00 5.752726745605468750e+01 6.885256958007812500e+01
1.714849205017089844e+02 4.724302227219808969e+00 5.719251251220703125e+01 6.815581512451171875e+01
1.658572292327880859e+02 3.847028667649496469e+00 6.130910110473632812e+01 6.918346405029296875e+01
1.644734115600585938e+02 3.652566845139730844e+00 5.817970275878906250e+01 7.062573242187500000e+01
1.601458549499511719e+02 4.103605205735433969e+00 5.996698760986328125e+01 6.983177947998046875e+01
1.562034740447998047e+02 4.071947033128012094e+00 6.018136978149414062e+01 6.790345764160156250e+01
1.531115398406982422e+02 5.716081554612387094e+00 5.930655288696289062e+01 6.766502380371093750e+01
1.494496212005615234e+02 5.995885784348715219e+00 5.900276565551757812e+01 6.649582672119140625e+01
1.460037956237792969e+02 6.732202465256918344e+00 5.894573211669921875e+01 6.681268310546875000e+01
1.407175540924072266e+02 6.800989086350668344e+00 6.083172225952148438e+01 6.874288940429687500e+01
1.346558513641357422e+02 7.427652294358480844e+00 6.099657058715820312e+01 6.905966186523437500e+01
1.333263092041015625e+02 9.426126415452230844e+00 5.864556884765625000e+01 7.043908691406250000e+01
1.305083160400390625e+02 7.801771099290121469e+00 6.021705627441406250e+01 7.152382659912109375e+01
1.295546207427978516e+02 1.051202576847957459e+01 5.890075302124023438e+01 7.045857238769531250e+01
1.252598381042480469e+02 8.741502697190512094e+00 6.243088531494140625e+01 7.238670349121093750e+01
1.225638504028320312e+02 1.127257722111629334e+01 6.191413879394531250e+01 7.095260620117187500e+01
1.184192810058593750e+02 9.211061413010824594e+00 6.225637817382812500e+01 7.148478698730468750e+01
1.156938591003417969e+02 1.255414002629207459e+01 6.045331573486328125e+01 6.924089050292968750e+01
1.116926078796386719e+02 1.105792039128230897e+01 6.380484771728515625e+01 6.968483734130859375e+01
1.087497901916503906e+02 1.431217377873348084e+01 5.988045501708984375e+01 6.712103271484375000e+01
1.058099479675292969e+02 1.492499726506160584e+01 6.310207366943359375e+01 6.660046386718750000e+01
1.048178176879882812e+02 1.587780564518855897e+01 6.060615539550781250e+01 6.731838226318359375e+01
1.030716991424560547e+02 1.809494393559383241e+01 6.103145217895507812e+01 6.358710861206054688e+01
1.008136291503906250e+02 1.908054154606746522e+01 6.056536865234375000e+01 6.465143585205078125e+01
9.833358001708984375e+01 2.094489472599910584e+01 6.001766967773437500e+01 6.541177368164062500e+01
9.570392608642578125e+01 2.242727463932918397e+01 6.047789001464843750e+01 6.323415374755859375e+01
9.216117858886718750e+01 2.392684739323543397e+01 6.143949890136718750e+01 6.587355804443359375e+01
9.156306076049804688e+01 2.472316163273738709e+01 6.223416900634765625e+01 6.431256103515625000e+01
8.724848556518554688e+01 2.570818131657527772e+01 6.294156646728515625e+01 6.294123077392578125e+01
8.594529914855957031e+01 2.485228532048152772e+01 6.374837875366210938e+01 6.706935882568359375e+01
8.599252128601074219e+01 2.511156266423152772e+01 6.310235977172851562e+01 7.052941131591796875e+01
8.683884429931640625e+01 2.589715378971980897e+01 6.303312683105468750e+01 6.921060943603515625e+01
8.483821868896484375e+01 2.650113099308894959e+01 6.519755554199218750e+01 7.048754882812500000e+01
8.593465042114257812e+01 2.512658494206355897e+01 6.413695526123046875e+01 6.952506256103515625e+01
8.261609649658203125e+01 2.681402390690730897e+01 6.503904724121093750e+01 7.121613311767578125e+01
8.115726470947265625e+01 2.754973786564754334e+01 6.604457092285156250e+01 7.247755432128906250e+01
7.884259033203125000e+01 2.919606583805965272e+01 6.741061401367187500e+01 7.308522796630859375e+01
7.843880844116210938e+01 3.096264832707332459e+01 6.538852691650390625e+01 7.329876708984375000e+01
7.720776748657226562e+01 3.199548905583309022e+01 6.368703460693359375e+01 7.145119476318359375e+01
7.624992561340332031e+01 3.336733811589168397e+01 6.174377059936523438e+01 7.169959259033203125e+01
7.427074241638183594e+01 3.502097886296199647e+01 6.153737258911132812e+01 7.286511993408203125e+01
7.217481040954589844e+01 3.683873170109676209e+01 6.276723098754882812e+01 7.180618286132812500e+01
6.980317497253417969e+01 3.835800736637996522e+01 6.256250381469726562e+01 6.974941253662109375e+01
6.638844108581542969e+01 3.914447587223934022e+01 6.326333999633789062e+01 6.929436492919921875e+01
6.375432586669921875e+01 3.967366212101863709e+01 6.543516540527343750e+01 6.979116821289062500e+01
6.313719177246093750e+01 3.942425339909480897e+01 6.306594848632812500e+01 6.941925811767578125e+01
6.165585327148437500e+01 3.900436204167293397e+01 6.463098144531250000e+01 6.980835723876953125e+01
6.126369476318359375e+01 3.929881852360652772e+01 6.446665954589843750e+01 7.221895599365234375e+01
6.132828521728515625e+01 3.943925660344051209e+01 6.434205627441406250e+01 7.119461059570312500e+01
6.145586013793945312e+01 4.033139603825496522e+01 6.439818572998046875e+01 7.187691497802734375e+01
6.287177276611328125e+01 4.294622987004207459e+01 6.267924499511718750e+01 7.118319702148437500e+01
6.357952308654785156e+01 4.354047578068660584e+01 6.367008590698242188e+01 7.157164001464843750e+01
6.337365722656250000e+01 4.583998673649715272e+01 6.149441528320312500e+01 6.965108489990234375e+01
6.062839889526367188e+01 4.755247681828426209e+01 6.205204010009765625e+01 6.771191406250000000e+01
5.549256515502929688e+01 4.758716004582332459e+01 6.231084442138671875e+01 6.886764526367187500e+01
5.219165420532226562e+01 4.567461961003230897e+01 6.369950103759765625e+01 6.807184600830078125e+01
5.024582290649414062e+01 4.272012131901668397e+01 6.230472564697265625e+01 6.799866485595703125e+01
4.853125381469726562e+01 3.827801697941707459e+01 6.257529449462890625e+01 6.989105224609375000e+01
4.889083862304687500e+01 3.303010361882137147e+01 6.231230163574218750e+01 7.041580963134765625e+01
4.770365142822265625e+01 3.034821885319637147e+01 6.282601928710937500e+01 6.968344879150390625e+01
4.730127334594726562e+01 2.719970124455379334e+01 6.352439117431640625e+01 6.993315124511718750e+01
4.574591636657714844e+01 2.351937287541316834e+01 6.371561050415039062e+01 6.999617004394531250e+01
4.447014236450195312e+01 2.019645493718074647e+01 6.522153472900390625e+01 7.127588653564453125e+01
4.396120452880859375e+01 1.821574586125301209e+01 6.449972534179687500e+01 7.041232299804687500e+01
4.430772209167480469e+01 1.650612824650691834e+01 6.325044631958007812e+01 7.042005920410156250e+01
4.404246330261230469e+01 1.448517029972957459e+01 6.287944412231445312e+01 6.989376831054687500e+01
4.047320556640625000e+01 1.250788300724910584e+01 6.386347961425781250e+01 6.854292297363281250e+01
3.979550170898437500e+01 1.087955659123348084e+01 6.340122985839843750e+01 6.871470642089843750e+01
3.926709556579589844e+01 9.837648327073324594e+00 6.363153457641601562e+01 6.875213623046875000e+01
3.800611495971679688e+01 4.940610820969808969e+00 6.472301483154296875e+01 7.028104400634765625e+01
3.848838043212890625e+01 2.049405986985433969e+00 6.523492431640625000e+01 7.149573516845703125e+01
3.865096664428710938e+01 0.000000000000000000e+00 6.492089080810546875e+01 7.156823533268855897e+01
3.894813156127929688e+01 0.000000000000000000e+00 6.499230194091796875e+01 6.992803856478178659e+01
4.077771377563476562e+01 0.000000000000000000e+00 6.713611602783203125e+01 6.864530895524245580e+01
4.217445755004882812e+01 0.000000000000000000e+00 6.622028350830078125e+01 6.483905767586341540e+01
4.319682312011718750e+01 0.000000000000000000e+00 6.431037902832031250e+01 6.250529849125202020e+01
4.576693344116210938e+01 0.000000000000000000e+00 6.593218231201171875e+01 6.070316880739358112e+01
4.438548278808593750e+01 0.000000000000000000e+00 6.581623840332031250e+01 5.624547096985889993e+01
4.764883232116699219e+01 0.000000000000000000e+00 6.366418838500976562e+01 5.384514950165308278e+01
4.874714088439941406e+01 0.000000000000000000e+00 6.270400619506835938e+01 5.213729833786267420e+01
5.113089942932128906e+01 0.000000000000000000e+00 5.997918319702148438e+01 4.854052722068914250e+01
5.223303413391113281e+01 0.000000000000000000e+00 6.320920944213867188e+01 4.882274621532504000e+01
5.395553207397460938e+01 0.000000000000000000e+00 6.037735748291015625e+01 4.702276608251602852e+01
5.380834007263182173e+01 0.000000000000000000e+00 6.051521682739257812e+01 4.663608168017401567e+01
5.340021514892576704e+01 0.000000000000000000e+00 6.036170959472656250e+01 4.708520888513095315e+01
5.429584503173825283e+01 0.000000000000000000e+00 6.175904846191406250e+01 4.733999251934768893e+01
5.629010772705075283e+01 0.000000000000000000e+00 5.991444396972656250e+01 4.888201713369727486e+01
6.014177131652829189e+01 0.000000000000000000e+00 5.967174911499023438e+01 5.017306613825977024e+01
6.509789848327633877e+01 0.000000000000000000e+00 5.887883377075195312e+01 5.152677011441797106e+01
6.601463127136229048e+01 0.000000000000000000e+00 6.025313186645507812e+01 5.488748097395705372e+01
7.033349990844725141e+01 0.000000000000000000e+00 5.790839385986329546e+01 5.629705774772071436e+01
7.374753952026367188e+01 0.000000000000000000e+00 5.921337127685546875e+01 5.708759862178516187e+01
7.732559013366699219e+01 0.000000000000000000e+00 5.821846389770507812e+01 5.951194468137597937e+01
8.070064163208007812e+01 0.000000000000000000e+00 5.794632720947265625e+01 6.129955144225048969e+01
8.202987670898436079e+01 0.000000000000000000e+00 5.712780761718751421e+01 6.510362932830295790e+01
8.228064918518066406e+01 0.000000000000000000e+00 5.721668624877929688e+01 6.761626015975694770e+01
8.370554733276365766e+01 8.872774187456400341e-01 5.639514923095704546e+01 6.880754089355468750e+01
8.362567710876464844e+01 1.441804701460483784e+00 5.610803604125976562e+01 6.968011474609375000e+01
8.440585136413574219e+01 3.187074476851108784e+00 5.656105422973632812e+01 6.926422119140625000e+01
8.512464904785156250e+01 4.691926771772983784e+00 5.611978149414062500e+01 6.961515808105468750e+01
8.542956924438476562e+01 4.854749495161655659e+00 5.606166839599609375e+01 6.968894195556640625e+01
8.669104385375976562e+01 6.919709974897983784e+00 5.579381561279296875e+01 6.844705200195312500e+01
8.712269401550292969e+01 8.282106215132358784e+00 5.626399612426757812e+01 6.815548706054687500e+01
8.838847541809082031e+01 1.084761601127493691e+01 5.560459518432617188e+01 6.802892303466796875e+01
8.910436439514160156e+01 1.329327564872610878e+01 5.659794235229492188e+01 6.901565551757812500e+01
9.334326171875000000e+01 1.521379643119681191e+01 5.637057495117187500e+01 6.659723663330078125e+01
9.484671592712403765e+01 1.640059452689995112e+01 5.548059463500975141e+01 6.567667388916015625e+01
9.645759582519531250e+01 1.806083470023979487e+01 5.590962219238281250e+01 6.583374786376953125e+01
9.902854728698731890e+01 1.942929630912652783e+01 5.645903396606443891e+01 6.584723663330078125e+01
9.968734169006347656e+01 2.067720966972223096e+01 5.759643173217773438e+01 6.665600585937500000e+01
1.020260105133056641e+02 2.131931095756402783e+01 5.774502182006835938e+01 6.640715789794921875e+01
1.039998874664306641e+02 2.307047062553277783e+01 5.569973373413085938e+01 6.549324798583984375e+01
1.048550071716308594e+02 2.483981114066949658e+01 5.543537139892578125e+01 6.694976043701171875e+01
1.059530315399169922e+02 2.722306614555230908e+01 5.440747451782226562e+01 6.751714324951171875e+01
1.068482799530029297e+02 3.000372105277888579e+01 5.530209732055664062e+01 6.794322967529296875e+01
1.089698848724365234e+02 3.131231480277890000e+01 5.549824905395507812e+01 6.944754791259765625e+01
1.099471683502197266e+02 3.285920506156794829e+01 5.615465927124023438e+01 6.931542205810546875e+01
1.111683425903320312e+02 3.490671330131404204e+01 5.622674560546875000e+01 7.137308502197265625e+01
1.135794467926025391e+02 3.706516056693904204e+01 5.689779281616210938e+01 7.234622955322265625e+01
1.146306552886962891e+02 3.947059803642146392e+01 5.638576889038085938e+01 7.035209655761718750e+01
1.167356796264648438e+02 4.108396702445857329e+01 5.673403930664062500e+01 7.057311248779296875e+01
1.178713455200195312e+02 4.375758534110896392e+01 5.648171997070312500e+01 7.073258972167968750e+01
1.181720695495605469e+02 4.578645497001519971e+01 5.732175445556640625e+01 7.025807189941406250e+01
1.198912506103515625e+02 4.738523274101129346e+01 5.781094360351562500e+01 7.019250488281250000e+01
1.233974227905273438e+02 4.848710423148980908e+01 5.708058166503906250e+01 7.076952362060546875e+01
1.257008819580078125e+02 5.031989842094293408e+01 5.749237060546875000e+01 7.046489715576171875e+01
1.266277809143066406e+02 5.199546986259332471e+01 5.659975433349609375e+01 6.897016906738281250e+01
1.289797477722167969e+02 5.409334736503473096e+01 5.778122711181640625e+01 6.974015808105468750e+01
1.303548736572265625e+02 5.535026722587457471e+01 5.626606750488281250e+01 6.868873596191406250e+01
1.331365966796875000e+02 5.761015492118706049e+01 5.616174316406250000e+01 6.841078186035156250e+01
1.360157413482666016e+02 5.747054844535698237e+01 5.578310775756835938e+01 7.058138275146485796e+01
1.385611114501953125e+02 5.998928623832574658e+01 5.641679382324218750e+01 7.054622650146484375e+01
1.424448757171630859e+02 5.984339314140190424e+01 5.652389907836914062e+01 7.113562011718751421e+01
1.455829086303710938e+02 6.254584675468316846e+01 5.637322998046875000e+01 6.949441528320312500e+01
1.488356781005859375e+02 6.359814243949762158e+01 5.658924865722656250e+01 6.905348968505859375e+01
1.513659667968750000e+02 6.444130879081598096e+01 5.609643554687500000e+01 6.894348144531250000e+01
1.548960342407226562e+02 6.583569508231987299e+01 5.554989624023437500e+01 6.960464477539063921e+01
1.572630977630615234e+02 6.603481465019096674e+01 5.692650222778320312e+01 6.957214355468751421e+01
1.590243053436279297e+02 6.656660633720269971e+01 5.867773818969726562e+01 6.893579101562500000e+01
1.623268413543701172e+02 6.663616352714410596e+01 5.795126724243164062e+01 6.911660766601562500e+01
1.638892803192138672e+02 6.831906300224176221e+01 5.693579483032226562e+01 6.782780456542968750e+01
1.650781879425048828e+02 6.936905460990776362e+01 5.706443405151367188e+01 6.795682525634767046e+01
1.652488117218017578e+02 7.040377216972223096e+01 5.717261886596679688e+01 6.874305725097656250e+01
1.667097587585449219e+02 7.119169788993707471e+01 5.798001861572265625e+01 6.860621643066406250e+01
1.673012428283691406e+02 7.166545277274956049e+01 5.750962066650390625e+01 6.947145080566407671e+01
1.667208690643310547e+02 7.245092182792534174e+01 5.832965469360351562e+01 6.928439331054688921e+01
1.674429016113281250e+02 7.168108921684137158e+01 5.799737548828125000e+01 6.918335723876953125e+01
1.681636943817138672e+02 7.312551670707574658e+01 5.742316055297851562e+01 6.962555694580078125e+01
1.679949474334716797e+02 7.401091557182182612e+01 5.800731277465820312e+01 6.885529327392579546e+01
1.678376140594482422e+02 7.339251881278862299e+01 5.809619522094726562e+01 6.895973205566407671e+01
1.670913219451904297e+02 7.392310124076715283e+01 5.881113052368164062e+01 6.871920013427734375e+01
1.673810634613037109e+02 7.374918919242730908e+01 5.807133865356445312e+01 6.830764007568359375e+01
1.678817386627197266e+02 7.487718754447809033e+01 5.734171676635742188e+01 6.837711334228515625e+01
1.659687232971191406e+02 7.627560978568902783e+01 5.796529388427734375e+01 6.838678741455078125e+01
1.647579231262207031e+02 7.804400807060113721e+01 5.655727386474609375e+01 6.751359558105468750e+01
1.648926601409912109e+02 7.925385456718316846e+01 5.524460220336914062e+01 6.546128845214843750e+01
1.648152046203613281e+02 8.064539127982965283e+01 5.363927459716796875e+01 6.478696441650390625e+01
1.654955463409423828e+02 8.032122975028863721e+01 5.327425765991210938e+01 6.407672119140625000e+01
1.662147731781005859e+02 8.000060063041560454e+01 5.310609817504882812e+01 6.435544586181639204e+01
1.659518508911132812e+02 7.820187168754451079e+01 5.383045959472656250e+01 6.622132110595701704e+01
1.663953895568847656e+02 7.714374714530815424e+01 5.478641510009765625e+01 6.609661865234376421e+01
1.668486862182617188e+02 7.604691105522027783e+01 5.457557678222656250e+01 6.608774566650390625e+01
1.663922271728515625e+02 7.481931858695855908e+01 5.549229431152343750e+01 6.666727447509765625e+01
1.675485076904296875e+02 7.375095158256402783e+01 5.520289611816406250e+01 6.626874542236328125e+01
1.682735881805419922e+02 7.295436649955621533e+01 5.591109085083007812e+01 6.602968597412109375e+01
1.681506366729736328e+02 7.185966663993707471e+01 5.547405624389648438e+01 6.706622314453125000e+01
1.683410778045654297e+02 7.186982899345269971e+01 5.631174087524414062e+01 6.670568847656250000e+01
1.684958419799804688e+02 7.125001698173396392e+01 5.593913269042968750e+01 6.724443054199217329e+01
1.685837497711181641e+02 7.067412739433162017e+01 5.592744064331054688e+01 6.688786315917967329e+01
1.684036979675292969e+02 7.061260395683162017e+01 5.622258758544921875e+01 6.640049743652342329e+01
1.682428283691406250e+02 7.122118168510310454e+01 5.602554321289062500e+01 6.642313385009764204e+01
1.682197113037109375e+02 7.145335941947810454e+01 5.567843627929687500e+01 6.578717803955076704e+01
1.680998916625976562e+02 7.175576573051326079e+01 5.550773620605468750e+01 6.575008392333982954e+01
1.687602348327636719e+02 7.166892796195855908e+01 5.551023101806640625e+01 6.554415130615234375e+01
1.689903907775878906e+02 7.241361790336480908e+01 5.520433807373046875e+01 6.544013214111328125e+01
1.700064849853515625e+02 7.137222462333551221e+01 5.502835083007812500e+01 6.659416198730468750e+01
1.694902248382568359e+02 7.162350254691951079e+01 5.536679458618164062e+01 6.640822601318357954e+01
1.690377769470214844e+02 7.108920841850154204e+01 5.568778228759765625e+01 6.813455963134764204e+01
1.697369232177734375e+02 6.853630238212457471e+01 5.629138183593750000e+01 6.934120178222656250e+01
1.697605590820312500e+02 6.819559651054254346e+01 5.716677856445312500e+01 6.992831420898437500e+01
1.705498447418212891e+02 6.579419499076713862e+01 5.775388717651367188e+01 7.081664276123048296e+01
1.717251110076904297e+02 6.704934101737848096e+01 5.807083511352539062e+01 6.903126525878906250e+01
1.715118770599365234e+02 6.319972019828668408e+01 5.885647964477539062e+01 7.254090118408203125e+01
1.723906459808349609e+02 6.463391285575738721e+01 5.858060073852539062e+01 7.040383911132812500e+01
1.722788791656494141e+02 6.079793339408746533e+01 5.885256576538085938e+01 7.292938995361328125e+01
1.729709033966064453e+02 5.723624592460504346e+01 5.758640670776367188e+01 7.243840026855468750e+01
1.737725830078125000e+02 5.630380039848199658e+01 5.707289123535156250e+01 7.071184539794921875e+01
1.738851833343505859e+02 5.417787342704644971e+01 5.792786026000976562e+01 7.175233459472656250e+01
1.750122108459472656e+02 5.318057423271051221e+01 5.878229522705078125e+01 7.094384765625000000e+01
1.764680767059326172e+02 5.298397617973199658e+01 5.832420730590820312e+01 6.945273590087890625e+01
1.777786903381347656e+02 5.259479313529840283e+01 5.780799102783203125e+01 6.948816680908203125e+01
1.782148628234863281e+02 5.319169026054254346e+01 5.781592559814453125e+01 6.767726135253906250e+01
1.798554325103759766e+02 5.126016789115777783e+01 5.802106857299804688e+01 7.064269256591796875e+01
1.815668067932128906e+02 5.181637745536676221e+01 5.790538787841796875e+01 6.936416625976562500e+01
1.820042209625244141e+02 5.144898014701715283e+01 5.723914718627929688e+01 6.992154693603515625e+01
1.830697956085205078e+02 5.012896900810113721e+01 5.633552169799804688e+01 6.986959838867187500e+01
1.823260326385498047e+02 4.871965580619684033e+01 5.603638076782226562e+01 7.149411773681640625e+01
1.829892978668212891e+02 4.955741291679254346e+01 5.839426803588867188e+01 7.100158691406250000e+01
1.829713096618652344e+02 4.914591007865777783e+01 5.699109649658203125e+01 7.095761871337890625e+01
1.835598201751708984e+02 4.950208836234918408e+01 5.751411819458007812e+01 7.212706756591796875e+01
1.829301204681396484e+02 4.955829411186090283e+01 5.678895950317382812e+01 7.015811920166015625e+01
1.813330898284912109e+02 5.034975987113823237e+01 5.779297256469726562e+01 7.093846893310546875e+01
1.789927120208740234e+02 5.065014057792534174e+01 5.833240127563476562e+01 7.009780883789062500e+01
1.782362957000732422e+02 5.100079517997612299e+01 5.720560073852539062e+01 6.941545104980468750e+01
1.768584232330322266e+02 5.144621449149954628e+01 5.647159957885742188e+01 7.199681091308593750e+01
1.730400791168212891e+02 5.306277638114798378e+01 5.803841781616210938e+01 7.230281066894531250e+01
1.693201389312744141e+02 5.275119953788626503e+01 6.065023422241210938e+01 6.922521972656250000e+01
1.659454174041748047e+02 5.426733189262259316e+01 5.988043594360351562e+01 7.025792694091796875e+01
1.614897613525390625e+02 5.458026295341360878e+01 6.305479431152343750e+01 7.201445007324218750e+01
1.606673259735107422e+02 5.332023792899954628e+01 6.119270706176757812e+01 7.099470520019531250e+01
1.591347770690917969e+02 5.321496754325735878e+01 6.187053680419921875e+01 7.401441955566406250e+01
1.572084178924560547e+02 5.201349430717337441e+01 6.182185745239257812e+01 7.084140777587890625e+01
1.566788539886474609e+02 5.228343754447806191e+01 6.133743667602539062e+01 7.451236724853515625e+01
1.584106960296630859e+02 5.261958866752493691e+01 6.000314712524414062e+01 6.866458892822265625e+01
1.566004486083984375e+02 5.249851780570853066e+01 6.213700866699218750e+01 7.560033416748046875e+01
1.587706642150878906e+02 5.134179096855032753e+01 5.892142486572265625e+01 6.921154785156250000e+01
1.569902667999267578e+02 5.149621754325735878e+01 6.176012802124023438e+01 7.215696716308593750e+01
1.597157554626464844e+02 5.014146595634329628e+01 5.931870269775390625e+01 6.939363098144531250e+01
1.582749080657958984e+02 4.989477329887259316e+01 6.243843460083007812e+01 7.429293060302734375e+01
1.603108215332031250e+02 4.792387562431204628e+01 5.928320312500000000e+01 7.012483215332031250e+01
