3.740000000000000000e+02 1.340000000000000000e+02 4.900000000000000000e+01 4.000000000000000000e+01
3.761512565612792969e+02 1.303938541412353516e+02 5.637062835693359375e+01 4.648153305053710938e+01
3.826432209014892578e+02 1.308192443847656250e+02 5.470058822631835938e+01 5.491699218750000000e+01
3.852455368041992188e+02 1.332724208831787109e+02 5.216091918945312500e+01 5.830920791625976562e+01
3.870661163330078125e+02 1.387983493804931641e+02 5.242893981933593750e+01 5.682101058959960938e+01
3.892689628601074219e+02 1.399073314666748047e+02 4.832415008544921875e+01 5.681538772583007812e+01
3.911785011291503906e+02 1.456486740112304688e+02 5.232132720947265625e+01 5.548440551757812500e+01
3.899073143005371094e+02 1.444369621276855469e+02 5.338329315185546875e+01 5.885906219482421875e+01
3.924231452941894531e+02 1.402411079406738281e+02 5.143906402587890625e+01 6.109726715087890625e+01
3.838076934814453125e+02 1.501208190917968750e+02 6.408909606933593750e+01 5.486685180664062500e+01
3.824773654937744141e+02 1.521839084625244141e+02 5.674142074584960938e+01 5.319082260131835938e+01
4.150990715026855469e+02 1.677509269714355469e+02 4.981529998779296875e+01 5.107773590087890625e+01
4.195559005737304688e+02 1.716389312744140625e+02 4.472569274902343750e+01 4.926200866699218750e+01
4.154638366699218750e+02 1.736817111968994141e+02 5.426635742187500000e+01 4.752769088745117188e+01
4.087820129394531250e+02 1.731935729980468750e+02 6.838877868652343750e+01 4.658029174804687500e+01
4.093913002014160156e+02 1.761210632324218750e+02 5.719792938232421875e+01 5.102569580078125000e+01
3.858372879028320312e+02 1.754964675903320312e+02 7.484442138671875000e+01 5.768858337402343750e+01
3.783624229431152344e+02 1.871170997619628906e+02 6.206142425537109375e+01 5.302550506591796875e+01
3.649261016845703125e+02 1.967654438018798828e+02 6.406985473632812500e+01 4.099268722534179688e+01
3.666102313995361328e+02 2.027644462585449219e+02 5.300219345092773438e+01 3.900884246826171875e+01
3.674482841491699219e+02 2.140470466613769531e+02 4.311804962158203125e+01 3.917975616455078125e+01
3.707706909179687500e+02 2.237712097167968750e+02 4.276925659179687500e+01 2.982273864746093750e+01
3.724696846008300781e+02 2.304861011505126953e+02 3.893337249755859375e+01 3.331121444702148438e+01
3.737247123718261719e+02 2.303254261016845703e+02 4.023343658447265625e+01 3.531681442260742188e+01
3.594929332733154297e+02 2.242927951812744141e+02 5.730932998657226562e+01 4.177149581909179688e+01
3.720687599182128906e+02 2.174437580108642578e+02 4.418012237548828125e+01 3.887028121948242188e+01
3.721382160186767578e+02 2.092839775085449219e+02 4.925690841674804688e+01 4.019074249267578125e+01
3.656979789733886719e+02 2.007535495758056641e+02 5.116289520263671875e+01 3.974250411987304688e+01
3.604055957794189453e+02 1.824250431060791016e+02 5.278844833374023438e+01 4.764612960815429688e+01
3.746717510223388672e+02 1.952588558197021484e+02 5.991936111450195312e+01 5.102365493774414062e+01
3.710055198669433594e+02 1.887182598114013672e+02 7.382633209228515625e+01 5.008607864379882812e+01
3.596154098510742188e+02 1.445215625762939453e+02 4.109046936035156250e+01 5.447721481323242188e+01
3.669988422393798828e+02 1.453175220489501953e+02 5.201775741577148438e+01 5.384879684448242188e+01
3.398595790863037109e+02 1.769405193328857422e+02 5.076842117309570312e+01 4.612263870239257812e+01
2.864300441741943359e+02 1.800071468353271484e+02 5.791525650024414062e+01 5.313161087036132812e+01
2.478926391601562500e+02 1.825850009918212891e+02 8.520257568359375000e+01 5.011024093627929688e+01
2.385273208618164062e+02 1.667346363067626953e+02 5.212800598144531250e+01 5.173482894897460938e+01
2.424572792053222656e+02 1.519074649810791016e+02 9.338124847412109375e+01 5.675767135620117188e+01
2.173084850311279297e+02 1.451362686157226562e+02 5.891353225708007812e+01 7.244746398925781250e+01
2.297221298217773438e+02 1.398514366149902344e+02 5.980862426757812500e+01 7.659061431884765625e+01
2.362623558044433594e+02 1.378410720825195312e+02 1.001887130737304688e+02 7.407923889160156250e+01
2.065350074768066406e+02 1.159539413452148438e+02 9.259818267822265625e+01 9.560490417480468750e+01
2.812548866271972656e+02 1.610690689086914062e+02 8.323795318603515625e+01 8.170014953613281250e+01
2.703372840881347656e+02 1.650651626586914062e+02 8.646173858642578125e+01 7.769029235839843750e+01
2.794855957031250000e+02 1.709001731872558594e+02 8.061952209472656250e+01 8.066339874267578125e+01
3.349856567382812500e+02 1.991872787475585938e+02 7.820295715332031250e+01 6.581126403808593750e+01
3.333201789855957031e+02 2.057179107666015625e+02 6.658213043212890625e+01 5.563229370117187500e+01
3.362433414459228516e+02 2.083344860076904297e+02 5.496029281616210938e+01 5.155894851684570312e+01
3.389937992095947266e+02 2.068769378662109375e+02 5.845939254760742188e+01 5.267369079589843750e+01
3.321069488525390625e+02 1.963260231018066406e+02 8.179634094238281250e+01 7.075565338134765625e+01
3.415157966613769531e+02 1.989480285644531250e+02 8.498752593994140625e+01 7.200071716308593750e+01
3.416524429321289062e+02 1.959453506469726562e+02 7.353048706054687500e+01 7.605464935302734375e+01
3.293305244445800781e+02 1.931093559265136719e+02 8.519001007080078125e+01 7.889064407348632812e+01
2.929245986938476562e+02 1.716169185638427734e+02 1.161694946289062500e+02 9.457760620117187500e+01
2.435276184082031250e+02 1.057138957977295206e+02 1.476064300537109375e+02 1.360227203369140625e+02
2.789227523803710938e+02 1.517536220550537394e+02 9.076477050781250000e+01 9.298696899414062500e+01
2.798518295288085938e+02 1.729900150299072550e+02 6.664440917968750000e+01 7.284606170654296875e+01
2.694188804626464844e+02 1.829649620056152628e+02 5.529486846923828125e+01 6.024126052856445312e+01
2.609351615905761719e+02 1.852872867584228800e+02 3.878876495361328125e+01 6.194806671142578125e+01
2.618501815795898438e+02 1.864628410339355469e+02 5.193125915527343750e+01 6.242479324340820312e+01
2.624945144653320312e+02 1.828233356475830078e+02 6.183351135253906250e+01 5.624825286865234375e+01
2.705134620666503906e+02 1.725450115203857422e+02 9.373903656005859375e+01 7.605181884765625000e+01
2.559467315673828125e+02 1.702288417816162109e+02 1.019268798828125000e+02 6.737541198730468750e+01
2.522951622009277344e+02 1.775371208190917969e+02 7.156098175048828125e+01 5.538043594360351562e+01
2.778432655334472656e+02 1.714154205322265625e+02 6.329677581787109375e+01 5.924448776245117188e+01
2.720685253143310547e+02 1.709806766510009766e+02 6.342761611938476562e+01 5.945630645751953125e+01
2.732848701477050781e+02 1.709762020111083984e+02 6.639118194580078125e+01 5.794560241699218750e+01
2.694753570556640625e+02 1.737986488342285156e+02 5.962969970703125000e+01 5.626205825805664062e+01
2.720014381408691406e+02 1.709885711669921875e+02 5.992955780029296875e+01 6.000753402709960938e+01
2.706616802215576172e+02 1.737570571899414062e+02 5.814387893676757812e+01 6.102517318725585938e+01
2.709933834075927734e+02 1.535084018707275391e+02 5.696132278442382812e+01 7.067679595947265625e+01
2.775917930603027344e+02 1.432798099517822266e+02 5.279514312744140625e+01 6.797251129150390625e+01
2.583221302032470703e+02 1.654073314666748047e+02 5.987289047241210938e+01 7.202636718750000000e+01
2.465302543640136719e+02 1.651873950958251953e+02 6.706206512451171875e+01 7.974288177490234375e+01
2.459649963378906250e+02 1.797602481842041016e+02 6.421672058105468750e+01 6.209558868408203125e+01
2.180627708435058594e+02 1.766937637329101562e+02 8.881110382080078125e+01 6.309653854370117188e+01
2.095249748229980469e+02 1.715849437713623047e+02 9.894785308837890625e+01 6.966314697265625000e+01
2.185890693664550781e+02 1.358029537200927734e+02 8.585305023193359375e+01 9.472093200683593750e+01
1.781744270324707031e+02 1.343477649688720703e+02 8.601702117919921875e+01 8.677419281005859375e+01
1.886524696350097656e+02 1.636420764923095703e+02 9.186489105224609375e+01 7.090331268310546875e+01
1.960921745300292969e+02 1.706302127838134766e+02 7.839450836181640625e+01 6.707730865478515625e+01
1.952719650268554688e+02 1.669892673492431641e+02 8.768598937988281250e+01 6.781760406494140625e+01
2.066305122375488281e+02 1.634211330413818359e+02 6.433989715576171875e+01 6.998881530761718750e+01
1.927213363647460938e+02 1.670351047515869141e+02 8.384611511230468750e+01 6.781098175048828125e+01
2.185201568603515625e+02 1.570329265594482422e+02 5.790545654296875000e+01 7.337335205078125000e+01
2.168820323944091797e+02 1.585884342193603516e+02 4.913727188110351562e+01 6.983963775634765625e+01
2.320416374206542969e+02 1.552805995941162109e+02 8.717279815673828125e+01 6.871701049804687500e+01
2.187611236572265625e+02 1.458990268707275391e+02 8.458587646484375000e+01 8.006026458740234375e+01
2.139325790405273438e+02 1.648177261352539062e+02 7.508872985839843750e+01 6.395180892944335938e+01
2.201856117248535156e+02 1.720479297637939453e+02 6.186016082763671875e+01 5.245365142822265625e+01
2.255721740722656250e+02 1.714005603790283203e+02 5.361898803710937500e+01 5.453333282470703125e+01
2.347267723083496094e+02 1.814483604431152344e+02 8.699512481689453125e+01 5.390915298461914062e+01
2.485841178894042969e+02 1.825170516967773438e+02 7.854859161376953125e+01 6.215699386596679688e+01
2.611666450500488281e+02 1.983706703186035156e+02 7.513478851318359375e+01 5.541359329223632812e+01
2.395428085327148438e+02 1.892693271636962891e+02 8.589656066894531250e+01 5.782920074462890625e+01
2.554857177734375000e+02 1.606528911590576172e+02 1.305462036132812500e+02 7.428704833984375000e+01
3.384138679504394531e+02 1.581356983184814169e+02 6.903963470458984375e+01 8.426961517333984375e+01
2.574519767761230469e+02 1.356395969390868856e+02 8.566320037841796875e+01 6.819422149658203125e+01
2.570623130798339844e+02 1.007260951995849325e+02 1.135998764038085938e+02 8.442674255371093750e+01
2.715385818481445312e+02 1.336416797637938885e+02 1.144317626953125000e+02 9.895751190185546875e+01
2.636943969726562500e+02 1.076293392181395916e+02 1.327619171142578125e+02 1.312571868896484375e+02
3.105476150512695312e+02 1.150359096527099041e+02 1.166049804687500000e+02 1.089784698486328125e+02
3.109687309265136719e+02 1.116159725189208416e+02 1.095413436889648438e+02 1.095482940673828125e+02
3.267445793151855469e+02 6.695812416076654472e+01 9.262975311279296875e+01 1.251661453247070312e+02
2.336710433959960938e+02 4.470402336120599784e+01 2.050437316894531250e+02 1.261476440429687500e+02
1.313371810913085938e+02 7.001086235046381034e+01 1.355671997070312500e+02 1.647671813964843750e+02
2.018689613342285156e+02 1.494416484832763103e+02 1.036866836547851562e+02 1.061088562011718750e+02
2.018573226928710938e+02 1.527646389007568075e+02 1.203308715820312500e+02 8.814558410644531250e+01
2.146551589965820312e+02 1.499401340484618572e+02 1.461488952636718750e+02 1.042730178833007812e+02
2.013208389282226562e+02 1.505679492950438885e+02 9.953955078125000000e+01 8.955944061279296875e+01
2.261797904968261719e+02 1.499374370574950603e+02 9.254051971435546875e+01 8.471255493164062500e+01
1.586309928894042969e+02 1.394948368072509197e+02 1.100027542114257812e+02 9.447327423095703125e+01
2.242036476135253906e+02 1.514317188262938885e+02 9.787270355224609375e+01 9.707662200927734375e+01
2.610291252136230469e+02 1.243304767608642010e+02 1.161879959106445312e+02 6.970705413818359375e+01
2.531487464904785156e+02 1.293114414215087322e+02 1.180319137573242188e+02 7.059256744384765625e+01
2.231801033020019531e+02 1.575535564422606853e+02 7.343856048583984375e+01 8.247970581054687500e+01
2.367546920776367188e+02 1.930891208648681072e+02 7.976023864746093750e+01 6.016297149658203125e+01
2.418807983398437500e+02 1.994053764343261150e+02 7.609024047851562500e+01 5.639847183227539062e+01
2.373477287292480469e+02 1.716020488739013103e+02 8.164682769775390625e+01 8.082716369628906250e+01
1.664316329956054688e+02 8.035323524475091972e+01 1.757918243408203125e+02 1.141244888305664062e+02
1.924885787963867188e+02 6.853025627136224784e+01 1.449964752197265625e+02 1.497280273437500000e+02
2.096321945190429688e+02 8.135936546325677909e+01 1.652812652587890625e+02 1.463466033935546875e+02
2.451823348999023438e+02 1.276053638458251385e+02 1.489677886962890625e+02 1.228937911987304688e+02
2.153190536499023438e+02 7.916102409362787284e+01 1.354374542236328125e+02 1.468074035644531250e+02
2.101106567382812500e+02 7.913404655456537284e+01 1.379040527343750000e+02 1.496766052246093750e+02
2.588464202880859375e+02 1.401762027740477947e+02 1.123201599121093750e+02 8.685462188720703125e+01
2.464937171936035156e+02 1.455877971649169638e+02 8.246007537841796875e+01 7.307864379882812500e+01
2.495249481201171875e+02 1.452629222869872763e+02 8.779788208007812500e+01 7.091610717773437500e+01
1.759132766723632812e+02 9.769400596618649502e+01 1.364644317626953125e+02 9.001148986816406250e+01
2.434853897094726562e+02 1.472523746490478231e+02 9.282075500488281250e+01 7.530429840087890625e+01
1.759477233886718750e+02 1.014838733673095419e+02 1.598560485839843750e+02 1.178325424194335938e+02
1.091655578613281250e+02 6.700007438659665127e+01 1.770609741210937500e+02 1.422015991210937500e+02
1.991815185546875000e+02 4.817050743103024502e+01 1.590659790039062500e+02 1.570978546142578125e+02
1.760698013305664062e+02 6.819263648986813564e+01 1.286346282958984375e+02 1.230054397583007812e+02
1.896748313903808594e+02 8.477139854431149502e+01 8.896625518798828125e+01 1.038944244384765625e+02
1.942131576538085938e+02 5.525369071960446377e+01 7.412010192871093750e+01 1.003942871093750000e+02
1.905963554382324219e+02 8.774522972106930752e+01 5.512534332275390625e+01 6.671293640136718750e+01
1.973720779418945312e+02 8.984017944335936079e+01 4.977690124511718750e+01 5.932348251342774859e+01
1.845230445861816406e+02 7.403300666809082031e+01 6.714829254150390625e+01 6.848900604248046875e+01
2.407358856201171875e+02 3.985865592956542969e+01 6.169804382324218750e+01 6.282115173339843750e+01
1.911612491607666016e+02 3.648116493225097656e+01 5.985816574096679688e+01 7.800862884521484375e+01
1.877735137939453125e+02 3.922181510925292969e+01 7.325048828125000000e+01 8.299623107910156250e+01
1.825344161987304688e+02 3.322533607482910156e+01 7.344615173339843750e+01 9.005364227294921875e+01
1.672610588073730469e+02 2.187138938903808594e+01 9.231284332275390625e+01 1.008222351074218750e+02
1.797490577697753906e+02 3.130408668518066406e+01 8.376772308349609375e+01 1.068253402709960938e+02
2.953129596710205078e+02 9.171777534484863281e+01 5.237368392944335938e+01 7.111881256103515625e+01
2.787152709960937500e+02 7.131725502014161577e+01 6.833134460449218750e+01 8.176825714111326704e+01
2.886407089233398438e+02 8.004916191101074219e+01 5.352853393554687500e+01 7.698632812500000000e+01
3.188732719421386719e+02 5.847768402099609375e+01 5.268343353271484375e+01 5.988691329956054688e+01
3.192996864318847656e+02 6.741725730895996094e+01 4.942317962646484375e+01 4.702590942382812500e+01
3.116290264129638672e+02 6.510035324096679688e+01 5.768463516235351562e+01 5.865927505493164062e+01
2.835244216918945312e+02 6.083547592163085938e+01 7.912409973144531250e+01 5.708577346801757812e+01
2.729985427856445312e+02 5.392040443420410156e+01 6.677310180664062500e+01 7.014009857177734375e+01
2.955215110778808594e+02 7.422928619384765625e+01 4.966158294677734375e+01 5.637411117553710938e+01
3.072366771697998047e+02 6.382884407043457031e+01 5.830939102172851562e+01 6.561518096923828125e+01
3.069510726928710938e+02 6.464620208740234375e+01 6.147134399414062500e+01 6.382973861694335938e+01
3.028821887969970703e+02 5.839029502868652344e+01 6.350094223022460938e+01 7.081318664550781250e+01
2.872785301208496094e+02 4.421941184997558594e+01 6.810944366455078125e+01 9.015617370605468750e+01
2.706177711486816406e+02 3.900179481506347656e+01 6.767211151123046875e+01 8.841513824462890625e+01
2.653505401611328125e+02 3.769061851501464844e+01 7.844717407226562500e+01 9.576826477050781250e+01
2.895286407470703125e+02 6.068052101135253906e+01 7.898675537109375000e+01 7.304645538330078125e+01
2.781838264465332031e+02 3.865736961364746094e+01 6.777159881591796875e+01 9.229411315917968750e+01
2.767635765075683594e+02 3.684689521789550781e+01 6.808692169189453125e+01 9.292226409912109375e+01
2.785814418792724609e+02 3.571311759948730469e+01 6.336397171020507812e+01 9.527142333984375000e+01
2.362850265502929688e+02 2.755665779113769531e+01 6.538502502441406250e+01 7.254003143310546875e+01
2.699853477478027344e+02 4.213169288635253906e+01 6.546231842041015625e+01 9.320340728759765625e+01
2.777435722351074219e+02 3.579580497741699219e+01 6.151667022705078125e+01 9.233297729492187500e+01
2.809189453125000000e+02 4.392200279235839844e+01 6.352944946289062500e+01 8.482969665527343750e+01
2.885999031066894531e+02 4.731475257873535156e+01 6.296800994873046875e+01 8.282804107666015625e+01
3.000874710083007812e+02 6.186531639099121094e+01 5.514582824707031250e+01 6.928968811035156250e+01
2.796949005126953125e+02 4.260609245300292969e+01 5.845602416992187500e+01 8.313739013671875000e+01
2.863114356994628906e+02 3.947061347961425781e+01 7.324791717529296875e+01 8.785359954833984375e+01
2.788469429016113281e+02 3.859645652770996094e+01 6.405724334716796875e+01 9.207304382324218750e+01
2.656185150146484375e+02 3.912362098693847656e+01 7.966305541992187500e+01 7.292307281494140625e+01
2.975035476684570312e+02 5.206265830993652344e+01 5.390861511230468750e+01 7.547212219238281250e+01
2.906676921844482422e+02 4.972397804260253906e+01 5.825322341918945312e+01 7.540155792236328125e+01
2.649231910705566406e+02 4.334083747863769531e+01 6.832711029052734375e+01 8.102474212646484375e+01
3.012239074707031250e+02 6.577864265441894531e+01 4.596051025390625000e+01 6.442406463623046875e+01
3.047030963897705078e+02 5.489270210266113281e+01 4.793812179565429688e+01 6.957216644287109375e+01
2.999309864044189453e+02 5.522216224670410156e+01 5.312809371948242188e+01 7.141176605224609375e+01
2.978037376403808594e+02 6.757291984558105469e+01 6.450774383544921875e+01 6.001643371582031250e+01
2.947928504943847656e+02 6.557777595520018110e+01 5.993871307373046875e+01 6.196408843994140625e+01
3.021791076660156250e+02 6.733501815795897016e+01 6.625646972656250000e+01 6.003606033325195312e+01
2.947127799987792969e+02 7.034028816223141689e+01 4.855896759033203125e+01 6.293497467041015625e+01
2.882432518005371094e+02 6.735993957519528408e+01 5.346154022216796875e+01 6.281949996948242188e+01
2.795870018005371094e+02 4.401051139831540127e+01 7.248061370849609375e+01 6.870585632324218750e+01
3.033153781890869141e+02 5.456668090820309658e+01 5.127355575561523438e+01 6.232069015502929688e+01
3.171664714813232422e+02 5.162639236450193891e+01 4.164828872680664062e+01 4.837993240356445312e+01
3.107703514099121094e+02 5.843571472167967329e+01 4.051436614990234375e+01 4.878797531127929688e+01
2.994281024932861328e+02 7.102522087097166548e+01 5.077288436889648438e+01 5.038975524902343750e+01
3.003609199523925781e+02 5.886928367614744673e+01 5.135211944580078125e+01 6.396635437011718750e+01
3.046202182769775391e+02 6.595971679687498579e+01 5.043952560424804688e+01 6.142620468139648438e+01
3.001115665435791016e+02 5.710968589782713423e+01 5.630088424682617188e+01 6.494757080078125000e+01
3.022811203002929688e+02 6.639320564270018110e+01 5.418951416015625000e+01 6.198053741455079546e+01
3.065477008819580078e+02 7.291963005065917969e+01 5.437090682983398438e+01 5.689515686035156250e+01
3.040967712402343750e+02 6.203753852844238281e+01 5.055712890625000000e+01 4.859970855712890625e+01
3.021208915710449219e+02 6.915868377685546875e+01 4.554886627197265625e+01 5.494710922241210938e+01
3.031513118743896484e+02 7.318291091918945312e+01 4.456131362915039062e+01 5.009338760375976562e+01
3.049620990753173828e+02 7.110872650146484375e+01 4.088494491577148438e+01 4.877451705932617188e+01
3.038819293975830078e+02 7.001207542419433594e+01 6.311370468139648438e+01 4.673323059082031250e+01
2.899630355834960938e+02 6.371456336975097656e+01 7.221795654296875000e+01 5.595296478271484375e+01
2.991658115386962891e+02 6.584041023254394531e+01 5.503295516967773438e+01 5.996360015869140625e+01
3.155912456512451172e+02 5.258394050598144531e+01 4.058877944946289062e+01 4.570778656005859375e+01
3.074450492858886719e+02 6.611214637756347656e+01 4.894721221923828125e+01 4.839585113525390625e+01
3.089359302520751953e+02 6.591214752197265625e+01 4.795177841186523438e+01 5.085386276245117188e+01
3.050629577636718750e+02 7.358413696289063921e+01 4.108375549316406250e+01 5.685676193237303266e+01
3.093538112640380859e+02 7.464441680908203125e+01 3.750224685668945312e+01 5.219523239135742188e+01
3.102507667541503906e+02 7.749948501586914062e+01 3.846619415283203125e+01 4.740796279907226562e+01
3.077026634216308594e+02 7.942448043823242188e+01 3.794847869873046875e+01 4.685121536254882812e+01
3.073223476409912109e+02 7.269741821289062500e+01 4.459172439575195312e+01 5.471534347534179688e+01
3.270715637207031250e+02 5.214555358886720171e+01 3.732116699218750000e+01 4.672329330444335938e+01
3.275024566650390625e+02 4.859684753417970171e+01 3.785569763183593750e+01 4.721915817260742188e+01
3.275774307250976562e+02 5.937016868591310015e+01 3.454913330078125000e+01 3.811744689941406250e+01
3.008559780120849609e+02 6.800896453857423296e+01 5.298580551147460938e+01 4.306806564331054688e+01
3.302693061828613281e+02 5.459692764282227984e+01 4.559819030761718750e+01 4.679248428344726562e+01
3.342369804382324219e+02 5.880012130737306109e+01 4.066839599609375000e+01 3.964297866821289062e+01
3.344637393951416016e+02 6.164787101745606890e+01 4.050320816040039062e+01 4.199832153320312500e+01
3.085595970153808594e+02 5.886384773254395952e+01 4.665693664550781250e+01 4.259436798095703125e+01
3.238767585754394531e+02 5.820474243164063921e+01 3.752049255371093750e+01 3.792518234252929688e+01
3.256605377197265625e+02 6.282129287719727984e+01 3.328359222412109375e+01 3.412562942504882812e+01
3.215743083953857422e+02 6.615853881835938921e+01 3.487244796752929688e+01 3.408720016479492188e+01
3.085638637542724609e+02 7.587017440795899859e+01 3.829687118530273438e+01 4.291473770141601562e+01
3.025706729888916016e+02 7.706616020202638140e+01 4.447040176391601562e+01 4.735937500000000000e+01
2.972977657318115234e+02 7.812487602233888140e+01 4.762162399291992188e+01 5.140121459960936079e+01
2.716914978027343750e+02 7.297130393981935015e+01 7.575276947021484375e+01 6.224717712402342329e+01
3.015625343322753906e+02 6.155611228942871094e+01 5.029255676269531250e+01 7.215769958496093750e+01
3.020597991943359375e+02 6.712832069396972656e+01 5.313214874267578125e+01 6.802103424072265625e+01
3.080990390777587891e+02 7.278277778625488281e+01 5.771712112426757812e+01 5.240035247802734375e+01
3.106325168609619141e+02 7.392574882507324219e+01 5.509779739379882812e+01 5.653021240234375000e+01
3.044310531616210938e+02 6.844290542602539062e+01 6.565482330322265625e+01 6.164418411254882812e+01
2.813259010314941406e+02 6.533752250671386719e+01 5.271611022949218750e+01 5.883462524414062500e+01
2.973336219787597656e+02 5.891737937927246094e+01 5.469303894042968750e+01 6.779188537597656250e+01
3.197878608703613281e+02 3.919905471801757812e+01 6.897035217285156250e+01 5.848057937622070312e+01
3.010092658996582031e+02 5.109476661682128906e+01 6.527841186523437500e+01 7.227933502197265625e+01
2.867579250335693359e+02 7.491136550903320312e+01 5.006151962280273438e+01 5.132365798950195312e+01
2.855261840820312500e+02 7.649490737915039062e+01 4.500678253173828125e+01 4.524702835083007812e+01
2.691264476776123047e+02 7.931789398193359375e+01 5.510453414916992188e+01 4.374155807495117188e+01
2.876096591949462891e+02 6.443486976623533735e+01 4.487802505493164062e+01 5.613120269775390625e+01
3.102406444549560547e+02 3.865118598937986860e+01 5.076354598999023438e+01 5.233289337158203125e+01
2.915041198730468750e+02 4.961012649536131391e+01 6.531204986572265625e+01 5.369679641723632812e+01
2.872443675994873047e+02 4.690751647949215908e+01 6.347408676147460938e+01 5.938201522827148438e+01
2.613937549591064453e+02 6.784382629394529829e+01 6.324374771118164062e+01 5.797924423217773438e+01
2.731237945556640625e+02 4.221938133239746094e+01 7.061365509033203125e+01 7.812098693847656250e+01
2.741337852478027344e+02 5.069461631774902344e+01 7.519831848144531250e+01 8.229014587402343750e+01
2.289858970642089844e+02 6.265300178527832031e+01 7.760350036621093750e+01 7.237529754638671875e+01
2.457200012207031250e+02 5.200862693786621094e+01 6.528376007080078125e+01 6.613233947753906250e+01
2.477735557556152344e+02 5.783152008056640625e+01 7.007722473144531250e+01 5.887858200073242188e+01
2.670629348754882812e+02 4.268843269348144531e+01 5.233486175537109375e+01 5.587705230712890625e+01
2.541769409179687500e+02 9.253949165344238281e+01 6.941634368896484375e+01 6.032648468017578125e+01
2.366145019531250000e+02 8.363535881042480469e+01 9.264974212646484375e+01 7.168820190429687500e+01
