6.700000000000000000e+01 7.900000000000000000e+01 1.100000000000000000e+01 3.100000000000000000e+01
6.709299182891845703e+01 7.729418945312500000e+01 1.041622734069824219e+01 3.239170074462890625e+01
6.836803102493286133e+01 7.846934700012207031e+01 1.043965816497802734e+01 3.212165451049804688e+01
6.791180515289306641e+01 7.767046546936035156e+01 1.057726860046386719e+01 3.205411911010742188e+01
6.886622667312622070e+01 7.809922790527343750e+01 1.088790798187255859e+01 3.195808410644531250e+01
6.852043390274047852e+01 7.749236106872558594e+01 1.095528697967529297e+01 3.246495437622070312e+01
6.905323362350463867e+01 7.729747200012207031e+01 1.116806888580322266e+01 3.250428390502929688e+01
6.992623090744018555e+01 7.778480720520019531e+01 1.059700107574462891e+01 3.227903366088867188e+01
7.072304153442382812e+01 7.730554199218750000e+01 1.069580078125000000e+01 3.259680938720703125e+01
7.101769304275512695e+01 7.742316436767578125e+01 1.012227535247802734e+01 3.225831604003906250e+01
7.118784475326538086e+01 7.729162406921386719e+01 1.020879077911376953e+01 3.226152420043945312e+01
7.210071372985839844e+01 7.668661117553710938e+01 1.000000000000000000e+01 3.284104919433593750e+01
7.256721687316894531e+01 7.625114250183105469e+01 1.000000000000000000e+01 3.283366775512695312e+01
7.322793722152709961e+01 7.573216056823730469e+01 1.033925724029541016e+01 3.365113449096679688e+01
7.365303897857666016e+01 7.581072425842285156e+01 1.059671974182128906e+01 3.306340408325195312e+01
7.442440605163574219e+01 7.586785125732421875e+01 1.113178253173828125e+01 3.291908264160156250e+01
7.491479873657226562e+01 7.586262130737304688e+01 1.124508285522460938e+01 3.329405975341796875e+01
7.397758722305297852e+01 7.580340003967285156e+01 1.045127010345458984e+01 3.333653640747070312e+01
7.491650533676147461e+01 7.686306285858154297e+01 1.107454776763916016e+01 3.197178077697753906e+01
7.595553874969482422e+01 7.623366355895996094e+01 1.114745903015136719e+01 3.286059188842773438e+01
7.586820363998413086e+01 7.710307884216308594e+01 1.137027072906494141e+01 3.208074569702148438e+01
7.639840316772460938e+01 7.582314872741699219e+01 1.146319198608398438e+01 3.270828628540039062e+01
7.813548994064331055e+01 7.736261558532714844e+01 1.006053638458251953e+01 3.094829940795898438e+01
7.806674194335937500e+01 7.663518905639648438e+01 1.001275253295898438e+01 3.220811462402343750e+01
7.894842243194580078e+01 7.652373409271240234e+01 1.000000000000000000e+01 3.175659370422363281e+01
8.004317331314086914e+01 7.695715141296386719e+01 1.000000000000000000e+01 3.203557968139648438e+01
8.038617038726806641e+01 7.682819557189941406e+01 1.000000000000000000e+01 3.179381179809570312e+01
8.100597476959228516e+01 7.665694427490234375e+01 1.000000000000000000e+01 3.152875518798828125e+01
8.177075910568237305e+01 7.700218391418457031e+01 1.000000000000000000e+01 3.188470840454101562e+01
8.142260742187500000e+01 7.665377426147460938e+01 1.000000000000000000e+01 3.215895843505859375e+01
8.231588840484619141e+01 7.562527275085449219e+01 1.000000000000000000e+01 3.326486587524414062e+01
8.227499437332153320e+01 7.659687042236328125e+01 1.011945438385009766e+01 3.225831604003906250e+01
8.289404582977294922e+01 7.777507591247558594e+01 1.000000000000000000e+01 3.202151107788085938e+01
8.261556100845336914e+01 7.724937534332275391e+01 1.073072147369384766e+01 3.082622337341308594e+01
8.291872692108154297e+01 7.657803535461425781e+01 1.000000000000000000e+01 3.194746017456054688e+01
8.273555660247802734e+01 7.598851203918457031e+01 1.021759796142578125e+01 3.134275436401367188e+01
8.350716352462768555e+01 7.592646694183349609e+01 1.029818630218505859e+01 3.157964515686035156e+01
8.378114223480224609e+01 7.612131023406982422e+01 1.000000000000000000e+01 3.198020362854003906e+01
8.445865201950073242e+01 7.693079280853271484e+01 1.016893672943115234e+01 3.057361793518066406e+01
8.522320461273193359e+01 7.654512691497802734e+01 1.071253204345703125e+01 3.073735237121582031e+01
8.592603445053100586e+01 7.625144958496093750e+01 1.000000000000000000e+01 3.238137054443359375e+01
8.654738140106201172e+01 7.681729507446289062e+01 1.000000000000000000e+01 3.204280090332031250e+01
8.559915113449096680e+01 7.667380809783935547e+01 1.115391445159912109e+01 3.145343208312988281e+01
8.685301494598388672e+01 7.674534225463867188e+01 1.012793731689453125e+01 3.127654266357421875e+01
8.775555706024169922e+01 7.736830043792724609e+01 1.045107269287109375e+01 3.164227485656738281e+01
8.756018352508544922e+01 7.675728988647460938e+01 1.151591491699218750e+01 3.091970825195312500e+01
8.915292930603027344e+01 7.626652908325195312e+01 1.032538795471191406e+01 3.229516601562500000e+01
8.946545743942260742e+01 7.733431434631347656e+01 1.079391384124755859e+01 3.149528884887695312e+01
8.993174886703491211e+01 7.709080791473388672e+01 1.089007854461669922e+01 3.095049476623535156e+01
9.070619916915893555e+01 7.618162250518798828e+01 1.111911678314208984e+01 3.082546806335449219e+01
9.128435945510864258e+01 7.715200424194335938e+01 1.008425617218017578e+01 3.065460205078125000e+01
9.120449256896972656e+01 7.647885131835937500e+01 1.044636726379394531e+01 3.130118560791015625e+01
9.179835844039916992e+01 7.625844383239746094e+01 1.000000000000000000e+01 3.078432846069335938e+01
9.263979339599609375e+01 7.701104545593261719e+01 1.000000000000000000e+01 3.192129898071289062e+01
9.274331760406494141e+01 7.663907432556152344e+01 1.000000000000000000e+01 3.034879684448242188e+01
9.350573301315307617e+01 7.690693664550781250e+01 1.000000000000000000e+01 3.083803558349609375e+01
9.449489450454711914e+01 7.647039508819580078e+01 1.000000000000000000e+01 3.146948814392089844e+01
9.505897331237792969e+01 7.644828987121582031e+01 1.000000000000000000e+01 3.087109756469726562e+01
9.512449312210083008e+01 7.699216175079345703e+01 1.000000000000000000e+01 2.972526359558105469e+01
9.600496006011962891e+01 7.707201290130615234e+01 1.003919124603271484e+01 3.017572975158691406e+01
9.672961282730102539e+01 7.619360923767089844e+01 1.166056442260742188e+01 3.100988388061523438e+01
9.667401266098022461e+01 7.606730747222900391e+01 1.202229881286621094e+01 3.135439872741699219e+01
9.647593402862548828e+01 7.517917346954345703e+01 1.272854518890380859e+01 3.188451957702636719e+01
9.786444234848022461e+01 7.550368595123291016e+01 1.274082756042480469e+01 3.124358940124511719e+01
9.808871316909790039e+01 7.672963523864746094e+01 1.281303787231445312e+01 3.027951431274414062e+01
9.833771896362304688e+01 7.696107864379882812e+01 1.247441196441650391e+01 3.012265777587890625e+01
9.819911623001098633e+01 7.652731704711914062e+01 1.173295593261718750e+01 3.043531799316406250e+01
9.959124231338500977e+01 7.504277706146240234e+01 1.138824844360351562e+01 3.155889320373535156e+01
1.010137038230895996e+02 7.632494068145751953e+01 1.082240104675292969e+01 3.006361961364746094e+01
1.016559886932373047e+02 7.497569656372070312e+01 1.017509174346923828e+01 3.182602691650390625e+01
1.010304594039916992e+02 7.483739757537841797e+01 1.131733989715576172e+01 3.199304389953613281e+01
1.016292352676391602e+02 7.663973140716552734e+01 1.115685939788818359e+01 3.091618537902832031e+01
1.027581024169921875e+02 7.473055648803710938e+01 1.048274326324462891e+01 3.206472778320312500e+01
1.034351472854614258e+02 7.631714057922363281e+01 1.076964473724365234e+01 3.041252517700195312e+01
1.040636677742004395e+02 7.593359661102294922e+01 1.067481994628906250e+01 3.126056098937988281e+01
1.048401427268981934e+02 7.612521076202392578e+01 1.040855216979980469e+01 3.066224479675292969e+01
1.047111954689025879e+02 7.684005260467529297e+01 1.041621017456054688e+01 3.140711402893066406e+01
1.063351535797119141e+02 7.685776138305664062e+01 1.000000000000000000e+01 3.048408508300781250e+01
1.070411906242370605e+02 7.641416454315185547e+01 1.000000000000000000e+01 3.094626045227050781e+01
1.062699890136718750e+02 7.552570915222167969e+01 1.000000000000000000e+01 3.203037643432617188e+01
1.071703534126281738e+02 7.486072635650634766e+01 1.000000000000000000e+01 3.163049888610839844e+01
1.073819494247436523e+02 7.456553173065185547e+01 1.022458934783935547e+01 3.163128852844238281e+01
1.085853843688964844e+02 7.642386150360107422e+01 1.000000000000000000e+01 3.082870674133300781e+01
1.094360051155090332e+02 7.601902961730957031e+01 1.000000000000000000e+01 3.120301437377929688e+01
1.097789788246154785e+02 7.560414505004882812e+01 1.000000000000000000e+01 3.111418914794921875e+01
1.097908854484558105e+02 7.516829681396484375e+01 1.000000000000000000e+01 3.136908721923828125e+01
1.100608463287353516e+02 7.602527618408203125e+01 1.010548686981201172e+01 3.066282653808593750e+01
1.094877614974975586e+02 7.511748504638671875e+01 1.089462375640869141e+01 3.133263397216796875e+01
1.096227507591247559e+02 7.528532218933105469e+01 1.197850418090820312e+01 3.126264572143554688e+01
1.096861138343811035e+02 7.577167701721191406e+01 1.223816108703613281e+01 3.060855484008789062e+01
1.100452151298522949e+02 7.650582027435302734e+01 1.278549957275390625e+01 3.011565589904785156e+01
1.105420036315917969e+02 7.672251129150390625e+01 1.316681575775146484e+01 2.984409332275390625e+01
1.105655155181884766e+02 7.688453960418701172e+01 1.347106456756591797e+01 2.948860359191894531e+01
1.107254071235656738e+02 7.606728744506835938e+01 1.319154930114746094e+01 3.008465576171875000e+01
1.116829328536987305e+02 7.574887657165527344e+01 1.290123844146728516e+01 3.115018081665039062e+01
1.130197610855102539e+02 7.702568435668945312e+01 1.195643329620361328e+01 2.926285552978515625e+01
1.139774165153503418e+02 7.595340919494628906e+01 1.105371093750000000e+01 3.077593612670898438e+01
1.134830188751220703e+02 7.614410591125488281e+01 1.092862224578857422e+01 3.034730148315429688e+01
1.152407407760620117e+02 7.389138984680175781e+01 1.050733280181884766e+01 3.247265243530273438e+01
1.160662450790405273e+02 7.446062946319580078e+01 1.012996006011962891e+01 3.104479026794433594e+01
1.180028963088989258e+02 7.499940299987792969e+01 1.000000000000000000e+01 3.111891555786132812e+01
1.188594150543212891e+02 7.400437545776367188e+01 1.040778923034667969e+01 3.211353302001953125e+01
1.203574190139770508e+02 7.343095016479492188e+01 1.058457946777343750e+01 3.269628143310546875e+01
1.211817612648010254e+02 7.433778190612792969e+01 1.062193775177001953e+01 3.086193466186523438e+01
1.203950672149658203e+02 7.464684772491455078e+01 1.023183250427246094e+01 3.144396781921386719e+01
1.190835008621215820e+02 7.431279754638671875e+01 1.050640869140625000e+01 3.240635681152343750e+01
1.209022450447082520e+02 7.409333515167236328e+01 1.030394840240478516e+01 3.168786430358886719e+01
1.209631328582763672e+02 7.500150012969970703e+01 1.096430778503417969e+01 3.115939903259277344e+01
1.221804876327514648e+02 7.548275375366210938e+01 1.074251937866210938e+01 3.025795745849609375e+01
1.226023874282836914e+02 7.523169136047363281e+01 1.090572357177734375e+01 3.084256362915039062e+01
1.223807115554809570e+02 7.436131763458251953e+01 1.106860351562500000e+01 3.160961723327636719e+01
1.233596754074096680e+02 7.444423580169677734e+01 1.130532455444335938e+01 3.135670661926269531e+01
1.236714429855346680e+02 7.461187744140625000e+01 1.056470108032226562e+01 3.099768829345703125e+01
1.251707897186279297e+02 7.461884021759033203e+01 1.000000000000000000e+01 3.035752677917480469e+01
1.255670428276062012e+02 7.433048534393310547e+01 1.000000000000000000e+01 3.115024757385253906e+01
1.266433229446411133e+02 7.605400657653808594e+01 1.000000000000000000e+01 2.979462814331054688e+01
1.253793005943298340e+02 7.551358413696289062e+01 1.000000000000000000e+01 2.974440765380859375e+01
1.259004950523376465e+02 7.530932998657226562e+01 1.000000000000000000e+01 2.974885559082031250e+01
1.265917296409606934e+02 7.482884120941162109e+01 1.000000000000000000e+01 3.017125129699707031e+01
1.259210720062255859e+02 7.494221782684326172e+01 1.086984920501708984e+01 3.027843666076660156e+01
1.262999596595764160e+02 7.458117103576660156e+01 1.354851341247558594e+01 2.996095657348632812e+01
1.270080971717834473e+02 7.520152664184570312e+01 1.241000175476074219e+01 2.990760040283203125e+01
1.284288516044616699e+02 7.681160163879394531e+01 1.264117813110351562e+01 2.861611557006835938e+01
1.285733442306518555e+02 7.496050930023193359e+01 1.268095111846923828e+01 3.081902503967285156e+01
1.273883337974548340e+02 7.625549793243408203e+01 1.285468292236328125e+01 2.939836692810058594e+01
1.283312602043151855e+02 7.548888969421386719e+01 1.242255020141601562e+01 3.005631637573242188e+01
1.286330585479736328e+02 7.569343757629394531e+01 1.133643245697021484e+01 2.939637374877929688e+01
1.301987018585205078e+02 7.633319377899169922e+01 1.141220760345458984e+01 2.926978492736816406e+01
1.301136822700500488e+02 7.616106414794921875e+01 1.034552955627441406e+01 2.944702911376953125e+01
1.323005552291870117e+02 7.535199737548828125e+01 1.000000000000000000e+01 3.009278869628906250e+01
1.337799959182739258e+02 7.612990760803222656e+01 1.000000000000000000e+01 2.974069595336914062e+01
1.332050113677978516e+02 7.507376384735107422e+01 1.000000000000000000e+01 2.971399879455566406e+01
1.339130477905273438e+02 7.650731468200683594e+01 1.009511184692382812e+01 2.907463455200195312e+01
1.344240465164184570e+02 7.515379810333251953e+01 1.044420814514160156e+01 2.985838890075683594e+01
1.344365859031677246e+02 7.553578186035156250e+01 1.068780612945556641e+01 2.888514709472656250e+01
1.357227034568786621e+02 7.622318458557128906e+01 1.000727176666259766e+01 2.964313125610351562e+01
1.358333759307861328e+02 7.599039077758789062e+01 1.003716278076171875e+01 2.867846679687500000e+01
1.350961842536926270e+02 7.602674865722656250e+01 1.040641307830810547e+01 2.958404541015625000e+01
1.362289938926696777e+02 7.767329502105712891e+01 1.019500827789306641e+01 2.791998100280761719e+01
1.365967426300048828e+02 7.552251720428466797e+01 1.049160766601562500e+01 2.958953285217285156e+01
1.365304360389709473e+02 7.610907459259033203e+01 1.026100063323974609e+01 2.859027671813964844e+01
1.376908726692199707e+02 7.597567176818847656e+01 1.000000000000000000e+01 2.868732833862304688e+01
1.371635122299194336e+02 7.614824199676513672e+01 1.000000000000000000e+01 2.878315925598144531e+01
1.385180950164794922e+02 7.552401256561279297e+01 1.000000000000000000e+01 2.864391517639160156e+01
1.381841120719909668e+02 7.571716976165771484e+01 1.000000000000000000e+01 2.867425727844238281e+01
1.394069843292236328e+02 7.547006225585937500e+01 1.000000000000000000e+01 2.897030639648437500e+01
1.393918609619140625e+02 7.656545162200927734e+01 1.000000000000000000e+01 2.837911415100097656e+01
1.401491036415100098e+02 7.569723796844482422e+01 1.000000000000000000e+01 2.902941322326660156e+01
1.397630591392517090e+02 7.560873317718505859e+01 1.003856086730957031e+01 2.866302680969238281e+01
1.402098212242126465e+02 7.637676906585693359e+01 1.091704750061035156e+01 2.841878700256347656e+01
1.411255569458007812e+02 7.557944869995117188e+01 1.079681873321533203e+01 2.983905029296875000e+01
1.395602278709411621e+02 7.644365310668945312e+01 1.225406074523925781e+01 2.985597991943359375e+01
1.412279887199401855e+02 7.815853309631347656e+01 1.244188499450683594e+01 2.770344924926757812e+01
1.404494142532348633e+02 7.580763244628906250e+01 1.292988109588623047e+01 2.996102142333984375e+01
1.430054450035095215e+02 7.713147068023681641e+01 1.252293586730957031e+01 2.987371635437011719e+01
1.414269223213195801e+02 7.815960788726806641e+01 1.326623153686523438e+01 2.815942192077636719e+01
1.416313953399658203e+02 7.860083675384521484e+01 1.348188114166259766e+01 2.755615425109863281e+01
1.423561577796936035e+02 7.822815132141113281e+01 1.274767303466796875e+01 2.794308853149414062e+01
1.428300657272338867e+02 7.796290874481201172e+01 1.099168300628662109e+01 2.797057533264160156e+01
1.438037180900573730e+02 7.863025093078613281e+01 1.059615135192871094e+01 2.780259323120117188e+01
1.454578056335449219e+02 7.776982784271240234e+01 1.000000000000000000e+01 2.795604133605957031e+01
1.457588639259338379e+02 7.843437385559082031e+01 1.042148876190185547e+01 2.790462875366210938e+01
1.464086308479309082e+02 7.802151870727539062e+01 1.000000000000000000e+01 2.755291748046875000e+01
1.466830544471740723e+02 7.768114948272705078e+01 1.000000000000000000e+01 2.865907859802246094e+01
1.467113332748413086e+02 7.714445495605468750e+01 1.000000000000000000e+01 2.938045501708984375e+01
1.476663231849670410e+02 7.890424537658691406e+01 1.016423130035400391e+01 2.815516281127929688e+01
1.470702271461486816e+02 7.657595539093017578e+01 1.036486148834228516e+01 3.047970390319824219e+01
1.476891379356384277e+02 7.699308586120605469e+01 1.043915081024169922e+01 2.970042037963867188e+01
1.487769365310668945e+02 7.765443706512451172e+01 1.000000000000000000e+01 2.931546974182128906e+01
1.490933370590209961e+02 7.718810081481933594e+01 1.026826095581054688e+01 2.939034652709960938e+01
1.490068202018737793e+02 7.768539619445800781e+01 1.060174846649169922e+01 2.870857620239257812e+01
1.490620417594909668e+02 7.798748874664306641e+01 1.012134838104248047e+01 2.864796257019042969e+01
1.491144733428955078e+02 7.783775329589843750e+01 1.000000000000000000e+01 2.868138122558593750e+01
1.495610032081604004e+02 7.887739944458007812e+01 1.000000000000000000e+01 2.757725524902343750e+01
1.504107928276062012e+02 7.828316211700439453e+01 1.000000000000000000e+01 2.849748802185058594e+01
1.513264899253845215e+02 7.775617027282714844e+01 1.008852767944335938e+01 2.826340103149414062e+01
1.509751272201538086e+02 7.773691177368164062e+01 1.002141666412353516e+01 2.879573059082031250e+01
1.513853859901428223e+02 7.769436359405517578e+01 1.050721931457519531e+01 2.947910118103027344e+01
1.509407653808593750e+02 7.767113399505615234e+01 1.087797451019287109e+01 2.996322059631347656e+01
1.516316661834716797e+02 7.770725059509277344e+01 1.190708446502685547e+01 3.042072677612304688e+01
1.526394796371459961e+02 7.950140476226806641e+01 1.221864414215087891e+01 2.864089775085449219e+01
1.547010431289672852e+02 7.954348564147949219e+01 1.212467670440673828e+01 2.860219192504882812e+01
1.565540676116943359e+02 8.027554798126220703e+01 1.035837078094482422e+01 2.755400657653808594e+01
1.565161590576171875e+02 8.176690673828125000e+01 1.163271236419677734e+01 2.717218017578125000e+01
1.577295145988464355e+02 7.915877056121826172e+01 1.087803649902343750e+01 2.953449440002441406e+01
1.571114759445190430e+02 7.845865535736083984e+01 1.122481632232666016e+01 2.975792884826660156e+01
1.569570231437683105e+02 8.052210235595703125e+01 1.133658599853515625e+01 2.752088928222656250e+01
1.586523752212524414e+02 7.834116554260253906e+01 1.000000000000000000e+01 3.002955245971679688e+01
1.591348605155944824e+02 7.992822742462158203e+01 1.000000000000000000e+01 2.843374443054199219e+01
1.594233469963073730e+02 7.906479358673095703e+01 1.000000000000000000e+01 2.925276756286621094e+01
1.598994970321655273e+02 7.875923347473144531e+01 1.000000000000000000e+01 2.952608871459960938e+01
1.601816663742065430e+02 7.810463809967041016e+01 1.000000000000000000e+01 3.010310935974121094e+01
1.613680315017700195e+02 8.023618221282958984e+01 1.000000000000000000e+01 2.780993080139160156e+01
1.626977748870849609e+02 7.896029186248779297e+01 1.000000000000000000e+01 2.870874977111816406e+01
1.608709249496459961e+02 7.904413700103759766e+01 1.000000000000000000e+01 2.908418083190917969e+01
1.623595080375671387e+02 8.050890159606933594e+01 1.000000000000000000e+01 2.708439254760742188e+01
1.630055627822875977e+02 7.948442554473876953e+01 1.000000000000000000e+01 2.814990806579589844e+01
1.636171751022338867e+02 7.887308692932128906e+01 1.000000000000000000e+01 2.815694046020507812e+01
1.598979825973510742e+02 7.969771480560302734e+01 1.000000000000000000e+01 2.734581184387207031e+01
1.620565695762634277e+02 7.913283634185791016e+01 1.000000000000000000e+01 2.816765403747558594e+01
1.630656213760375977e+02 7.911865329742431641e+01 1.000000000000000000e+01 2.828746604919433594e+01
1.637713084220886230e+02 7.935024166107177734e+01 1.023251628875732422e+01 2.830443763732910156e+01
1.645797343254089355e+02 7.913392543792724609e+01 1.000000000000000000e+01 2.831597328186035156e+01
1.632350139617919922e+02 7.926903343200683594e+01 1.002768993377685547e+01 2.841286849975585938e+01
1.643598260879516602e+02 7.921057415008544922e+01 1.000000000000000000e+01 2.826301765441894531e+01
1.640008487701416016e+02 7.901720046997070312e+01 1.000000000000000000e+01 2.834313201904296875e+01
1.631019940376281738e+02 7.900952625274658203e+01 1.000000000000000000e+01 2.856116294860839844e+01
1.642597370147705078e+02 7.898372173309326172e+01 1.000000000000000000e+01 2.863919258117675781e+01
1.640198955535888672e+02 7.910491466522216797e+01 1.000000000000000000e+01 2.855861091613769531e+01
1.640000391006469727e+02 7.984706592559814453e+01 1.000000000000000000e+01 2.805396842956542969e+01
1.641164937019348145e+02 7.930630683898925781e+01 1.000000000000000000e+01 2.866440200805664062e+01
1.648802824020385742e+02 7.854820728302001953e+01 1.000000000000000000e+01 2.925287437438964844e+01
1.645102252960205078e+02 7.975747489929199219e+01 1.000000000000000000e+01 2.770966720581054688e+01
1.650685729980468750e+02 8.008920860290527344e+01 1.000000000000000000e+01 2.766498184204101562e+01
1.648025360107421875e+02 7.963159465789794922e+01 1.000000000000000000e+01 2.884871864318847656e+01
1.651866922378540039e+02 7.972083091735839844e+01 1.000000000000000000e+01 2.806248092651367188e+01
1.656187043190002441e+02 7.947031784057617188e+01 1.000000000000000000e+01 2.810678863525390625e+01
1.658632230758666992e+02 7.901460456848144531e+01 1.000000000000000000e+01 2.863618087768554688e+01
1.666171808242797852e+02 8.014331912994384766e+01 1.000000000000000000e+01 2.874735832214355469e+01
1.666404681205749512e+02 7.859562969207763672e+01 1.000000000000000000e+01 2.922545814514160156e+01
1.664419198036193848e+02 7.924954032897949219e+01 1.000000000000000000e+01 2.876494979858398438e+01
1.670800209045410156e+02 7.884145259857177734e+01 1.000000000000000000e+01 2.886769294738769531e+01
1.661319799423217773e+02 8.012241268157958984e+01 1.000000000000000000e+01 2.763390541076660156e+01
1.656890769004821777e+02 8.068839263916015625e+01 1.000000000000000000e+01 2.753298950195312500e+01
1.669862589836120605e+02 7.988855838775634766e+01 1.000000000000000000e+01 2.774493980407714844e+01
1.664519281387329102e+02 8.020413875579833984e+01 1.000000000000000000e+01 2.759557533264160156e+01
1.673505783081054688e+02 7.953386878967285156e+01 1.000000000000000000e+01 2.767116928100585938e+01
1.658647670745849609e+02 7.954152393341064453e+01 1.000000000000000000e+01 2.758348655700683594e+01
1.695057902336120605e+02 8.052860355377197266e+01 1.000000000000000000e+01 2.687519645690917969e+01
1.668292789459228516e+02 8.005148315429687500e+01 1.000000000000000000e+01 2.714304351806640625e+01
1.683132419586181641e+02 7.916972541809082031e+01 1.000000000000000000e+01 2.845608139038085938e+01
1.693648066520690918e+02 7.944475841522216797e+01 1.000000000000000000e+01 2.816317939758300781e+01
1.689541749954223633e+02 7.844500350952148438e+01 1.000000000000000000e+01 2.869542694091796875e+01
1.688478832244873047e+02 7.853415203094482422e+01 1.000000000000000000e+01 2.859532356262207031e+01
1.692427659034729004e+02 7.887753009796142578e+01 1.000000000000000000e+01 2.881791496276855469e+01
1.692738461494445801e+02 7.992035293579101562e+01 1.000000000000000000e+01 2.827246856689453125e+01
1.702015523910522461e+02 7.963418292999267578e+01 1.000000000000000000e+01 2.826055717468261719e+01
1.699916057586669922e+02 7.935548019409179688e+01 1.000000000000000000e+01 2.835186767578125000e+01
1.702320752143859863e+02 7.912057304382324219e+01 1.000000000000000000e+01 2.807250595092773438e+01
1.707219495773315430e+02 8.050774383544921875e+01 1.000000000000000000e+01 2.745139312744140625e+01
1.703357543945312500e+02 7.940558624267578125e+01 1.000000000000000000e+01 2.837850952148437500e+01
1.708809413909912109e+02 7.950435256958007812e+01 1.000000000000000000e+01 2.804747009277343750e+01
1.702728786468505859e+02 8.031731700897216797e+01 1.000000000000000000e+01 2.742468452453613281e+01
1.700421366691589355e+02 7.966561985015869141e+01 1.000000000000000000e+01 2.785733604431152344e+01
1.700375194549560547e+02 8.014229679107666016e+01 1.000000000000000000e+01 2.747775840759277344e+01
1.708468112945556641e+02 7.989069652557373047e+01 1.000000000000000000e+01 2.837565040588378906e+01
1.701866884231567383e+02 7.964706802368164062e+01 1.000000000000000000e+01 2.883210754394531250e+01
1.713425145149230957e+02 7.939208316802978516e+01 1.000000000000000000e+01 2.891876029968261719e+01
1.708904533386230469e+02 8.023567295074462891e+01 1.000000000000000000e+01 2.793743705749511719e+01
1.714456057548522949e+02 7.974166965484619141e+01 1.000000000000000000e+01 2.817058372497558594e+01
1.713789229393005371e+02 7.976925277709960938e+01 1.000000000000000000e+01 2.869812774658203125e+01
1.711126165390014648e+02 7.999658679962158203e+01 1.000000000000000000e+01 2.852803611755371094e+01
1.705464906692504883e+02 8.037600517272949219e+01 1.000000000000000000e+01 2.757929611206054688e+01
1.712482910156250000e+02 7.961739063262939453e+01 1.000000000000000000e+01 2.771497917175292969e+01
1.728275837898254395e+02 8.116633605957031250e+01 1.243852138519287109e+01 2.621247100830078125e+01
1.700288729667663574e+02 7.882509231567382812e+01 1.014416599273681641e+01 2.831886291503906250e+01
1.720900607109069824e+02 8.010918045043945312e+01 1.000000000000000000e+01 2.749744415283203125e+01
1.748489127159118652e+02 8.160827541351318359e+01 1.348475265502929688e+01 2.603828620910644531e+01
1.737714486122131348e+02 7.963605022430419922e+01 1.108687782287597656e+01 2.826487922668457031e+01
1.726437764167785645e+02 8.059708499908447266e+01 1.118744468688964844e+01 2.747699546813964844e+01
1.742144608497619629e+02 8.035607433319091797e+01 1.340657997131347656e+01 2.660595130920410156e+01
1.733874068260192871e+02 7.975190353393554688e+01 1.226250076293945312e+01 2.712732696533203125e+01
1.753279395103454590e+02 7.932861900329589844e+01 1.056843948364257812e+01 2.764664840698242188e+01
1.757039103507995605e+02 8.032147598266601562e+01 1.000641632080078125e+01 2.647885894775390625e+01
1.747728638648986816e+02 7.969292831420898438e+01 1.000000000000000000e+01 2.759237670898437500e+01
1.755047101974487305e+02 8.036736679077148438e+01 1.000000000000000000e+01 2.687961578369140625e+01
1.745556139945983887e+02 7.999864673614501953e+01 1.000000000000000000e+01 2.735080528259277344e+01
1.746769714355468750e+02 8.107864189147949219e+01 1.000000000000000000e+01 2.674610519409179688e+01
1.750074005126953125e+02 8.117075157165527344e+01 1.000000000000000000e+01 2.720258712768554688e+01
1.749348988533020020e+02 8.047910785675048828e+01 1.000000000000000000e+01 2.698901939392089844e+01
1.756695084571838379e+02 8.155735778808593750e+01 1.000000000000000000e+01 2.586704254150390625e+01
1.751711874008178711e+02 8.042989635467529297e+01 1.000000000000000000e+01 2.710769462585449219e+01
1.757682523727416992e+02 8.122009563446044922e+01 1.000000000000000000e+01 2.617093467712402344e+01
1.755340676307678223e+02 7.972295284271240234e+01 1.000000000000000000e+01 2.759695625305175781e+01
1.750680294036865234e+02 7.984389972686767578e+01 1.000000000000000000e+01 2.754061698913574219e+01
1.738984308242797852e+02 8.015628147125244141e+01 1.000000000000000000e+01 2.715459251403808594e+01
1.755990552902221680e+02 7.958877086639404297e+01 1.000000000000000000e+01 2.763395881652832031e+01
1.746710934638977051e+02 7.991100597381591797e+01 1.000000000000000000e+01 2.742296028137207031e+01
1.762870440483093262e+02 8.114393234252929688e+01 1.152345466613769531e+01 2.607053375244140625e+01
1.756108794212341309e+02 8.110536098480224609e+01 1.032221794128417969e+01 2.631580543518066406e+01
1.763165860176086426e+02 8.182170867919921875e+01 1.097315979003906250e+01 2.625289916992187500e+01
1.746623497009277344e+02 8.087890434265136719e+01 1.000000000000000000e+01 2.645666885375976562e+01
1.767536740303039551e+02 8.236598587036132812e+01 1.099773311614990234e+01 2.563385772705078125e+01
1.758948678970336914e+02 8.068642902374267578e+01 1.032176017761230469e+01 2.686618614196777344e+01
1.755156078338623047e+02 8.081095027923583984e+01 1.120386886596679688e+01 2.576253700256347656e+01
1.767060389518737793e+02 8.053337478637695312e+01 1.048915195465087891e+01 2.632816314697265625e+01
1.775680713653564453e+02 8.189380455017089844e+01 1.227131271362304688e+01 2.529457473754882812e+01
1.762872834205627441e+02 8.154874038696289062e+01 1.350050640106201172e+01 2.547319793701171875e+01
1.750072374343872070e+02 8.080884170532226562e+01 1.504340934753417969e+01 2.603817749023437500e+01
1.760261220932006836e+02 8.055094242095947266e+01 1.097292518615722656e+01 2.603972434997558594e+01
1.756714282035827637e+02 7.931936454772949219e+01 1.040208530426025391e+01 2.705003738403320312e+01
1.767665200233459473e+02 8.004911899566650391e+01 1.000000000000000000e+01 2.601215171813964844e+01
1.769556436538696289e+02 8.024639225006103516e+01 1.000000000000000000e+01 2.563896751403808594e+01
1.772447223663330078e+02 8.079107475280761719e+01 1.000000000000000000e+01 2.528957748413085938e+01
1.768649201393127441e+02 8.137537002563476562e+01 1.000000000000000000e+01 2.566326904296875000e+01
1.767573294639587402e+02 8.095962619781494141e+01 1.000000000000000000e+01 2.607465934753417969e+01
1.767446098327636719e+02 8.192579841613769531e+01 1.000000000000000000e+01 2.538596725463867188e+01
1.762728404998779297e+02 8.064653778076171875e+01 1.000000000000000000e+01 2.590345764160156250e+01
1.766985788345336914e+02 8.133914089202880859e+01 1.000000000000000000e+01 2.529496192932128906e+01
1.765147595405578613e+02 8.073378276824951172e+01 1.000000000000000000e+01 2.600694847106933594e+01
1.767124481201171875e+02 8.128606510162353516e+01 1.000000000000000000e+01 2.561519050598144531e+01
1.771743497848510742e+02 8.049355316162109375e+01 1.000000000000000000e+01 2.578125762939453125e+01
1.779070310592651367e+02 8.077244091033935547e+01 1.000000000000000000e+01 2.559395790100097656e+01
1.766553215980529785e+02 7.956707191467285156e+01 1.000000000000000000e+01 2.686492919921875000e+01
1.766401572227478027e+02 8.084564018249511719e+01 1.000000000000000000e+01 2.532151031494140625e+01
1.759602699279785156e+02 8.077541732788085938e+01 1.000000000000000000e+01 2.539624404907226562e+01
