2.010000000000000000e+02 6.100000000000000000e+01 3.200000000000000000e+01 5.400000000000000000e+01
1.983496837615966797e+02 6.579022979736328125e+01 3.633137893676757812e+01 4.565229797363281250e+01
1.990718250274658203e+02 6.426913070678710938e+01 3.568294906616210938e+01 4.689565277099609375e+01
1.989612026214599609e+02 6.290242385864257812e+01 3.557692337036132812e+01 4.774291229248046875e+01
1.995212688446044922e+02 6.230632019042968750e+01 3.527046585083007812e+01 4.875930786132812500e+01
1.994810085296630859e+02 6.065468788146972656e+01 3.498357009887695312e+01 5.022146224975585938e+01
1.990269107818603516e+02 6.219281005859375000e+01 3.534031295776367188e+01 4.866464233398437500e+01
1.987707443237304688e+02 6.181729698181152344e+01 3.505958557128906250e+01 4.916769790649414062e+01
1.991055870056152344e+02 6.376544952392578125e+01 3.488332366943359375e+01 4.719230651855468750e+01
1.994350547790527344e+02 6.320513343811035156e+01 3.464392852783203125e+01 4.801505661010742188e+01
1.991162357330322266e+02 6.307229804992675781e+01 3.501020431518554688e+01 4.842196273803710938e+01
1.993330745697021484e+02 6.188284301757812500e+01 3.485390090942382812e+01 4.898661804199218750e+01
1.988298854827880859e+02 6.270426559448242188e+01 3.545122146606445312e+01 4.835515594482421875e+01
1.987065277099609375e+02 6.191326904296875000e+01 3.517442321777343750e+01 4.923052978515625000e+01
1.988700351715087891e+02 6.263318824768066406e+01 3.556890487670898438e+01 4.847452926635742188e+01
1.994672584533691406e+02 6.326307106018066406e+01 3.513756561279296875e+01 4.800736618041992188e+01
1.984660396575927734e+02 6.267787170410156250e+01 3.530130386352539062e+01 4.815795898437500000e+01
1.987527217864990234e+02 6.357415580749511719e+01 3.521950149536132812e+01 4.769786453247070312e+01
1.994754371643066406e+02 6.356628799438476562e+01 3.523760223388671875e+01 4.819557952880859375e+01
1.984043865203857422e+02 6.269285011291503906e+01 3.557429885864257812e+01 4.869536972045898438e+01
1.986681556701660156e+02 6.223961257934570312e+01 3.527574920654296875e+01 4.834287261962890625e+01
1.994974689483642578e+02 6.423829841613769531e+01 3.517255783081054688e+01 4.703217697143554688e+01
1.987238731384277344e+02 6.150605964660644531e+01 3.496613311767578125e+01 5.034408187866210938e+01
1.994810256958007812e+02 6.292566108703613281e+01 3.500796508789062500e+01 4.760145187377929688e+01
2.000688304901123047e+02 6.200276565551757812e+01 3.631000137329101562e+01 4.900049591064453125e+01
2.015276813507080078e+02 6.330966567993164062e+01 3.608448410034179688e+01 4.821495819091796875e+01
2.015607242584228516e+02 6.425502204895019531e+01 3.874459457397460938e+01 4.706109237670898438e+01
2.037384548187255859e+02 6.362706375122070312e+01 3.753656387329101562e+01 4.815039825439453125e+01
2.035362930297851562e+02 6.240974235534667969e+01 3.867271423339843750e+01 4.915587234497070312e+01
2.037882843017578125e+02 6.341094779968261719e+01 3.876072692871093750e+01 4.848399734497070312e+01
2.042690544128417969e+02 5.986547470092773438e+01 3.788344573974609375e+01 5.101441192626953125e+01
2.033320293426513672e+02 6.290229606628417969e+01 3.840538406372070312e+01 4.890625381469726562e+01
2.020836486816406250e+02 6.034897232055664062e+01 3.722843933105468750e+01 5.187644195556640625e+01
2.021014518737792969e+02 6.149818611145019531e+01 3.591933441162109375e+01 5.066341781616210938e+01
2.010467071533203125e+02 6.137174034118652344e+01 3.567053222656250000e+01 5.050699234008789062e+01
2.015110034942626953e+02 6.158350753784179688e+01 3.511436080932617188e+01 4.973174285888671875e+01
2.019985504150390625e+02 6.357739257812500000e+01 3.481756591796875000e+01 4.875401306152343750e+01
2.018465805053710938e+02 6.107039642333984375e+01 3.511274719238281250e+01 5.170983886718750000e+01
2.021513557434082031e+02 6.208107566833496094e+01 3.617559051513671875e+01 5.042222976684570312e+01
2.028394222259521484e+02 6.007816505432128906e+01 3.621905899047851562e+01 5.204404830932617188e+01
2.042475776672363281e+02 5.966403961181640625e+01 3.476145172119140625e+01 5.291314697265625000e+01
2.041699657440185547e+02 5.917085266113281250e+01 3.461424636840820312e+01 5.361001586914062500e+01
2.041434516906738281e+02 6.019121170043945312e+01 3.433896636962890625e+01 5.251528167724609375e+01
2.049597091674804688e+02 5.940562057495117188e+01 3.391560363769531250e+01 5.361418914794921875e+01
2.050871467590332031e+02 5.757274055480957031e+01 3.395326995849609375e+01 5.509415817260742188e+01
2.048205928802490234e+02 5.965627098083496094e+01 3.472883987426757812e+01 5.228722000122070312e+01
2.043637161254882812e+02 5.896996307373046875e+01 3.433370971679687500e+01 5.338177490234375000e+01
2.052246017456054688e+02 5.830062294006347656e+01 3.550361633300781250e+01 5.387266159057617188e+01
2.067354660034179688e+02 5.930870056152343750e+01 3.500038146972656250e+01 5.231898498535156250e+01
2.054724998474121094e+02 5.918847465515136719e+01 3.577696990966796875e+01 5.270877456665039062e+01
2.079994010925292969e+02 5.643339157104492188e+01 3.341924285888671875e+01 5.535727691650390625e+01
2.056166610717773438e+02 5.741698455810546875e+01 3.501173400878906250e+01 5.377125549316406250e+01
2.059813690185546875e+02 5.821986770629882812e+01 3.514166259765625000e+01 5.310913848876953125e+01
2.060666790008544922e+02 5.799347114562988281e+01 3.469110488891601562e+01 5.357883834838867188e+01
2.062730445861816406e+02 5.818943595886230469e+01 3.433655548095703125e+01 5.334584426879882812e+01
2.065577716827392578e+02 5.717305374145507812e+01 3.637902450561523438e+01 5.446826934814453125e+01
2.061129474639892578e+02 5.761164283752441406e+01 3.601398849487304688e+01 5.403371810913085938e+01
2.053999023437500000e+02 5.794078636169433594e+01 3.433929443359375000e+01 5.377615737915039062e+01
2.059755229949951172e+02 5.724492263793945312e+01 3.549200820922851562e+01 5.442009735107421875e+01
2.061703720092773438e+02 5.783738899230957031e+01 3.329246520996093750e+01 5.398325729370117188e+01
2.057104492187500000e+02 5.725802612304687500e+01 3.499487304687500000e+01 5.449049377441406250e+01
2.050641727447509766e+02 5.745445442199707031e+01 3.361022567749023438e+01 5.426978683471679688e+01
2.059263534545898438e+02 5.827611923217773438e+01 3.610649108886718750e+01 5.305046844482421875e+01
2.036364707946777344e+02 5.725856208801269531e+01 3.731943511962890625e+01 5.455442428588867188e+01
2.026734752655029297e+02 5.786332511901855469e+01 4.016153335571289062e+01 5.372314834594726562e+01
2.022148685455322266e+02 5.668456649780274859e+01 3.837452316284179688e+01 5.514327239990234375e+01
2.015936832427978516e+02 5.696397972106935015e+01 3.786375045776367188e+01 5.488982009887695312e+01
2.008504600524902344e+02 5.758033943176270952e+01 3.729532623291015625e+01 5.453667831420898438e+01
1.988248558044433594e+02 5.823116874694825640e+01 4.112900543212890625e+01 5.416554641723632812e+01
1.969093761444091797e+02 5.755474662780763140e+01 3.686423110961914062e+01 5.463425064086914062e+01
1.955284671783447266e+02 5.883251380920411577e+01 3.755503463745117188e+01 5.284337997436523438e+01
1.933573799133300781e+02 5.941381835937501421e+01 3.793225860595703125e+01 5.246453857421875000e+01
1.921631603240966797e+02 5.996540641784669390e+01 3.760492324829101562e+01 5.242749404907226562e+01
1.910440769195556641e+02 6.018028068542481890e+01 3.612383651733398438e+01 5.237874221801757812e+01
1.900689544677734375e+02 6.158712387084962359e+01 3.562460327148437500e+01 5.080776214599609375e+01
1.896424789428710938e+02 5.788289833068849077e+01 3.487500000000000000e+01 5.479459762573242188e+01
1.871509475708007812e+02 6.104399108886720171e+01 3.514212036132812500e+01 5.048207092285156250e+01
1.866041717529296875e+02 5.745890235900880327e+01 3.495565795898437500e+01 5.435663986206054688e+01
1.834865436553955078e+02 6.079552268981935015e+01 3.567147445678710938e+01 5.036583328247070312e+01
1.829671096801757812e+02 5.863837814331056109e+01 3.559770202636718750e+01 5.308292388916015625e+01
1.806986408233642578e+02 6.107342338562013140e+01 3.494596481323242188e+01 5.031186294555664062e+01
1.804610233306884766e+02 5.863884925842286577e+01 3.412511825561523438e+01 5.268543624877929688e+01
1.786955432891845703e+02 6.068772888183595171e+01 3.459736251831054688e+01 4.998924255371093750e+01
1.780889358520507812e+02 5.918013763427735796e+01 3.467298889160156250e+01 5.159602355957031250e+01
1.765263576507568359e+02 5.769049453735352984e+01 3.486587905883789062e+01 5.279640960693359375e+01
1.750877056121826172e+02 5.706426429748536577e+01 3.526047134399414062e+01 5.341796493530273438e+01
1.749898757934570312e+02 5.651101684570313921e+01 3.547418212890625000e+01 5.323251342773437500e+01
1.756511783599853516e+02 5.781283950805665484e+01 3.516834640502929688e+01 5.201859283447265625e+01
1.757886409759521484e+02 5.843139457702638140e+01 3.492300796508789062e+01 5.102408218383789062e+01
1.755423088073730469e+02 5.932937240600587359e+01 3.453716278076171875e+01 5.093585968017578125e+01
1.760756893157958984e+02 5.677284812927247515e+01 3.372638320922851562e+01 5.334285354614257812e+01
1.766270713806152344e+02 6.008888244628907671e+01 3.418743133544921875e+01 4.974797058105468750e+01
1.767177200317382812e+02 5.865504074096681109e+01 3.450149536132812500e+01 5.192789459228515625e+01
1.768402805328369141e+02 5.875982284545899859e+01 3.468415451049804688e+01 5.123682403564453125e+01
1.765614662170410156e+02 5.958355140686036577e+01 3.497257232666015625e+01 5.088294601440429688e+01
1.769892921447753906e+02 5.780554389953614702e+01 3.435298919677734375e+01 5.278545761108398438e+01
1.780697517395019531e+02 5.957243156433106890e+01 3.385851287841796875e+01 5.047311782836914062e+01
1.792061939239501953e+02 5.905606842041017046e+01 3.369042587280273438e+01 5.169500732421875000e+01
1.786051139831542969e+02 6.155638885498048296e+01 3.497635650634765625e+01 4.941484069824218750e+01
1.802116050720214844e+02 5.943031883239747515e+01 3.349616241455078125e+01 5.170346450805664062e+01
1.824133682250976562e+02 6.005344581604005327e+01 3.467190551757812500e+01 5.084066390991210938e+01
1.833985328674316406e+02 6.086642456054688921e+01 3.472748565673828125e+01 5.043983459472656250e+01
1.848702945709228516e+02 6.005959129333497515e+01 3.439022445678710938e+01 5.123553848266601562e+01
1.880120353698730469e+02 6.091391563415528765e+01 3.346323394775390625e+01 5.041476821899414062e+01
1.898328609466552734e+02 5.852794837951661577e+01 3.293762588500976562e+01 5.254140853881835938e+01
1.909057407379150391e+02 5.991961860656739702e+01 3.282600021362304688e+01 5.151208114624023438e+01
1.926631965637207031e+02 6.077162742614747515e+01 3.268363189697265625e+01 5.104697036743164062e+01
1.937965736389160156e+02 6.025881576538087359e+01 3.247811126708984375e+01 5.200275421142578125e+01
1.940971603393554688e+02 5.889233207702638140e+01 3.384184265136718750e+01 5.294412612915039062e+01
1.954225788116455078e+02 6.035468673706056109e+01 3.530570602416992188e+01 5.134969329833984375e+01
1.970713806152343750e+02 5.910575103759767046e+01 3.455340576171875000e+01 5.254440307617187500e+01
1.997709121704101562e+02 5.988021469116212359e+01 3.371063232421875000e+01 5.198087310791015625e+01
2.008228588104248047e+02 5.894818687438966265e+01 3.422935867309570312e+01 5.329312515258789062e+01
2.035330543518066406e+02 5.815616798400880327e+01 3.536794281005859375e+01 5.482629013061523438e+01
2.043808383941650391e+02 5.878109359741212359e+01 3.462592697143554688e+01 5.360796356201171875e+01
2.064460678100585938e+02 5.892421150207520952e+01 3.556399536132812500e+01 5.336120223999023438e+01
2.065754623413085938e+02 5.870155143737794390e+01 3.444010925292968750e+01 5.370532608032226562e+01
2.080821456909179688e+02 5.839744758605958452e+01 3.525393676757812500e+01 5.398289108276367188e+01
2.091749591827392578e+02 5.809748077392579546e+01 3.616105270385742188e+01 5.380789184570312500e+01
2.094191799163818359e+02 5.818647003173829546e+01 3.800061416625976562e+01 5.309623718261718750e+01
2.121949291229248047e+02 5.817666244506837359e+01 3.640854263305664062e+01 5.286821746826171875e+01
2.133222713470458984e+02 5.833415603637696734e+01 3.732448196411132812e+01 5.240540313720703125e+01
2.147588996887207031e+02 5.897699928283692827e+01 3.582907867431640625e+01 5.214945602416992188e+01
2.152912101745605469e+02 5.752859878540040484e+01 3.749094390869140625e+01 5.365799713134765625e+01
2.159882011413574219e+02 6.021734619140626421e+01 3.854380035400390625e+01 5.110632324218750000e+01
2.169373111724853516e+02 5.690856361389161577e+01 3.703155136108398438e+01 5.468572616577148438e+01
2.187677879333496094e+02 5.811585998535157671e+01 3.663307952880859375e+01 5.230525207519531250e+01
2.201578464508056641e+02 5.882782554626466265e+01 3.759772872924804688e+01 5.166986465454101562e+01
2.222522583007812500e+02 5.709930610656739702e+01 3.686070251464843750e+01 5.411664962768554688e+01
2.235545024871826172e+02 5.628599548339845171e+01 3.701256179809570312e+01 5.447305297851562500e+01
2.249266433715820312e+02 5.629235839843751421e+01 3.750280761718750000e+01 5.401155090332031250e+01
2.267161998748779297e+02 5.579470252990724077e+01 3.770407485961914062e+01 5.448072433471679688e+01
2.262181568145751953e+02 5.770063400268556109e+01 3.940496444702148438e+01 5.189286041259765625e+01
2.281078586578369141e+02 5.680817985534669390e+01 3.909467697143554688e+01 5.296728897094726562e+01
2.280395183563232422e+02 5.672254371643067827e+01 3.723801040649414062e+01 5.299262619018554688e+01
2.275777454376220703e+02 5.753875160217286577e+01 3.968102645874023438e+01 5.242329025268554688e+01
2.281944541931152344e+02 5.664983177185060015e+01 3.780997467041015625e+01 5.342209243774414062e+01
2.280849285125732422e+02 5.726928710937501421e+01 3.868594741821289062e+01 5.275146484375000000e+01
2.279971160888671875e+02 5.745627403259278765e+01 3.743135070800781250e+01 5.235219192504882812e+01
2.271900653839111328e+02 5.631123733520509234e+01 3.871143722534179688e+01 5.291643524169921875e+01
2.267473735809326172e+02 5.690535163879395952e+01 3.841594314575195312e+01 5.220704269409179688e+01
2.261655254364013672e+02 5.659263229370118609e+01 4.042003250122070312e+01 5.276551055908203125e+01
2.252270793914794922e+02 5.815365791320802202e+01 4.112608718872070312e+01 5.161565780639648438e+01
2.248907661437988281e+02 5.688752937316895952e+01 4.211154937744140625e+01 5.227332687377929688e+01
2.241491756439208984e+02 5.750046539306642046e+01 4.307692337036132812e+01 5.069621276855468750e+01
2.239462909698486328e+02 5.878144454956056109e+01 4.325844955444335938e+01 4.974962615966796875e+01
2.235690078735351562e+02 5.594878196716311436e+01 4.214073181152343750e+01 5.164293289184570312e+01
2.244675769805908203e+02 5.867346382141116123e+01 3.910165023803710938e+01 5.011365890502929688e+01
2.243870487213134766e+02 5.471138763427737217e+01 3.514345932006835938e+01 5.363655090332031250e+01
2.240094356536865234e+02 5.708973503112795811e+01 3.561490249633789062e+01 5.049071121215820312e+01
2.229878787994384766e+02 5.944419097900393467e+01 3.433935165405273438e+01 4.910038757324218750e+01
2.234074478149414062e+02 5.662261962890627842e+01 3.423284912109375000e+01 5.244131469726562500e+01
2.232731513977050781e+02 5.713412284851077061e+01 3.446990203857421875e+01 5.085179519653320312e+01
2.235347137451171875e+02 5.682367134094241123e+01 3.388391113281250000e+01 5.068712997436523438e+01
2.236671848297119141e+02 5.907663345336916905e+01 3.524827194213867188e+01 4.874277496337890625e+01
2.234365863800048828e+02 5.793609428405764561e+01 3.425542831420898438e+01 5.044769668579101562e+01
2.232417182922363281e+02 5.766202163696291905e+01 3.457413482666015625e+01 5.007073211669921875e+01
2.227056236267089844e+02 6.078760910034182530e+01 3.563762664794921875e+01 4.722458648681640625e+01
2.226227035522460938e+02 5.842751693725588780e+01 3.479170227050781250e+01 4.932480621337890625e+01
2.226707954406738281e+02 6.075412940979006748e+01 3.518979644775390625e+01 4.705305099487304688e+01
2.218229312896728516e+02 5.822646331787112217e+01 3.345060348510742188e+01 4.943809509277343750e+01
2.205169982910156250e+02 6.202848434448245030e+01 3.730586242675781250e+01 4.558751678466796875e+01
2.197474460601806641e+02 5.991797828674319248e+01 3.484002304077148438e+01 4.745388412475585938e+01
2.198891239166259766e+02 6.119076919555666905e+01 3.509675216674804688e+01 4.550574493408203125e+01
2.203699626922607422e+02 6.140703582763674717e+01 3.514833450317382812e+01 4.529505920410156250e+01
2.201328487396240234e+02 6.132360458374026280e+01 3.492595291137695312e+01 4.565705108642578125e+01
2.200343418121337891e+02 6.316775894165041905e+01 3.498217391967773438e+01 4.396028900146484375e+01
2.203722515106201172e+02 6.240913581848147373e+01 3.488098526000976562e+01 4.377000045776367188e+01
2.219568233489990234e+02 6.400074768066409092e+01 3.358507156372070312e+01 4.194483947753906250e+01
2.213462734222412109e+02 6.599876785278323155e+01 3.379545974731445312e+01 4.076486968994140625e+01
2.207725124359130859e+02 6.465816688537600498e+01 3.340761184692382812e+01 4.184557723999023438e+01
2.216563072204589844e+02 6.422217369079592686e+01 3.321059417724609375e+01 4.139368057250976562e+01
2.206882572174072266e+02 6.565963935852053623e+01 3.324218368530273438e+01 4.059186935424804688e+01
2.213570995330810547e+02 6.760955810546877842e+01 3.363336563110351562e+01 3.886967468261718750e+01
2.216809539794921875e+02 6.241008949279787998e+01 3.238804626464843750e+01 4.307809066772460938e+01
2.215902652740478516e+02 6.652215576171877842e+01 3.282210922241210938e+01 3.964488220214843750e+01
2.212155494689941406e+02 6.838707351684573155e+01 3.303385162353515625e+01 3.709325408935546875e+01
2.221430721282958984e+02 6.933524703979495030e+01 3.364760208129882812e+01 3.669156646728515625e+01
2.228721933364868164e+02 6.717688560485842686e+01 3.120741081237792969e+01 3.731779861450195312e+01
2.220417957305908203e+02 6.858496856689455967e+01 3.143563461303710938e+01 3.731306457519531250e+01
2.222348537445068359e+02 6.790155220031741123e+01 3.244493484497070312e+01 3.657995223999023438e+01
2.224471302032470703e+02 6.982722854614260655e+01 3.145537948608398438e+01 3.601393890380859375e+01
2.220236463546752930e+02 6.871745491027834873e+01 3.115181922912597656e+01 3.623598861694335938e+01
2.221209087371826172e+02 6.753215789794924717e+01 3.271466445922851562e+01 3.756660461425781250e+01
2.221941537857055664e+02 6.947533988952639561e+01 3.121453666687011719e+01 3.578952407836914062e+01
2.218466243743896484e+02 6.970169830322268467e+01 3.262901687622070312e+01 3.625988769531250000e+01
2.223929262161254883e+02 6.691625022888186436e+01 3.184262657165527344e+01 3.682919692993164062e+01
2.218558769226074219e+02 6.846571922302248936e+01 3.224755096435546875e+01 3.662770462036132812e+01
2.222215833663940430e+02 6.499580764770510655e+01 3.100449562072753906e+01 3.888336944580078125e+01
2.217585535049438477e+02 6.749081230163577061e+01 3.153800773620605469e+01 3.783778762817382812e+01
2.215212631225585938e+02 6.536414337158205967e+01 3.168534851074218750e+01 3.913067626953125000e+01
2.209156436920166016e+02 6.522791862487795811e+01 3.152280807495117188e+01 4.070993423461914062e+01
2.205601100921630859e+02 6.618955612182620030e+01 3.231695938110351562e+01 3.932572174072265625e+01
2.206916522979736328e+02 6.642655181884768467e+01 3.177997970581054688e+01 3.908753967285156250e+01
2.198921270370483398e+02 6.828130531311037998e+01 3.141490364074707031e+01 3.811458969116210938e+01
2.197797050476074219e+02 6.438959884643557530e+01 3.111597442626953125e+01 3.974146270751953125e+01
2.185634679794311523e+02 6.700894927978518467e+01 3.148950386047363281e+01 3.851060485839843750e+01
2.185026540756225586e+02 6.625527763366702061e+01 3.092907905578613281e+01 3.928885269165039062e+01
2.172473850250244141e+02 6.780146789550784092e+01 3.147410202026367188e+01 3.779827880859375000e+01
2.169224853515625000e+02 6.678600692749026280e+01 3.136218261718750000e+01 3.792165374755859375e+01
2.160485992431640625e+02 6.558221817016604405e+01 3.053239440917968750e+01 3.904174041748046875e+01
2.155257177352905273e+02 6.728771591186526280e+01 3.047541999816894531e+01 3.726462554931640625e+01
2.147100362777709961e+02 6.792136955261233311e+01 3.056013679504394531e+01 3.727759170532226562e+01
2.129907913208007812e+02 6.681147003173830967e+01 3.158100891113281250e+01 3.693707275390625000e+01
2.120199871063232422e+02 6.483317375183108311e+01 3.093342971801757812e+01 4.014487075805664062e+01
2.109889430999755859e+02 6.429503822326662998e+01 3.151901626586914062e+01 4.205315780639648438e+01
2.103227472305297852e+02 6.595733070373537998e+01 3.159606742858886719e+01 4.014304733276367188e+01
2.079968910217285156e+02 6.792254447937014561e+01 3.191051483154296875e+01 3.718924331665039062e+01
2.069383544921875000e+02 6.730158996582034092e+01 3.065078735351562500e+01 3.674395751953125000e+01
2.058654165267944336e+02 6.393131828308108311e+01 3.009898567199707031e+01 4.260861587524414062e+01
2.046485395431518555e+02 6.413185119628909092e+01 3.107381629943847656e+01 4.243754577636718750e+01
2.029303874969482422e+02 6.355241966247561436e+01 3.302766799926757812e+01 4.326321792602539062e+01
2.016005020141601562e+02 6.242095756530764561e+01 3.489042663574218750e+01 4.466896438598632812e+01
1.999625320434570312e+02 6.367426681518557530e+01 3.418783569335937500e+01 4.275075531005859375e+01
1.986039371490478516e+02 6.552987480163577061e+01 3.317208480834960938e+01 3.966576004028320312e+01
1.979237270355224609e+02 6.793155288696291905e+01 3.333919143676757812e+01 3.940427398681640625e+01
1.936584529876708984e+02 6.681167221069338780e+01 3.461517715454101562e+01 3.688613128662109375e+01
1.932432537078857422e+02 6.361809158325198155e+01 3.370053482055664062e+01 4.296396636962890625e+01
1.900754299163818359e+02 6.430892944335940342e+01 3.269205093383789062e+01 4.188549804687500000e+01
1.889954147338867188e+02 6.465595054626467686e+01 3.216041564941406250e+01 4.130397415161132812e+01
1.878595905303955078e+02 6.596870231628420811e+01 3.081527328491210938e+01 3.963454055786132812e+01
1.868779964447021484e+02 6.682130432128909092e+01 3.059596633911132812e+01 3.818902587890625000e+01
1.862578668594360352e+02 7.092619514465334873e+01 3.064138603210449219e+01 3.541164779663085938e+01
1.844746112823486328e+02 6.955922698974612217e+01 3.078182601928710938e+01 3.469213867187500000e+01
1.852812175750732422e+02 6.793579483032229405e+01 2.922597122192382812e+01 3.724570465087890625e+01
1.845445470809936523e+02 6.768337249755862217e+01 2.863815498352050781e+01 3.716775512695312500e+01
1.859679861068725586e+02 6.675473213195803623e+01 3.000187873840332031e+01 3.864496994018554688e+01
1.865019874572753906e+02 6.777729797363284092e+01 3.049135589599609375e+01 3.707412719726562500e+01
1.873758821487426758e+02 6.752709579467776280e+01 2.936313438415527344e+01 3.814376068115234375e+01
1.874260377883911133e+02 6.867478942871096592e+01 3.076892662048339844e+01 3.711528015136718750e+01
1.881761035919189453e+02 6.911554908752444248e+01 3.153124618530273438e+01 3.786870956420898438e+01
1.902467765808105469e+02 6.864574623107912998e+01 3.376837921142578125e+01 3.805355453491210938e+01
1.920478153228759766e+02 6.809195518493655186e+01 3.201459884643554688e+01 3.764271926879882812e+01
1.935858097076416016e+02 6.699030876159670811e+01 3.198717880249023438e+01 3.997409439086914062e+01
1.941687183380126953e+02 6.819468879699709873e+01 3.432648849487304688e+01 3.908584213256835938e+01
1.959690113067626953e+02 6.599510383605959873e+01 3.382781600952148438e+01 4.135496139526367188e+01
1.974712696075439453e+02 6.572414398193362217e+01 3.438831710815429688e+01 4.219175720214843750e+01
1.988595714569091797e+02 6.695563316345217686e+01 3.495734024047851562e+01 4.117529678344726562e+01
1.994242706298828125e+02 6.191625785827639561e+01 3.452461242675781250e+01 4.548157119750976562e+01
1.999906234741210938e+02 6.016191101074221592e+01 3.540162658691406250e+01 4.791111755371093750e+01
2.011371212005615234e+02 6.079367828369143467e+01 3.549631118774414062e+01 4.652033996582031250e+01
2.033268032073974609e+02 6.075853919982912998e+01 3.636438369750976562e+01 4.626830673217773438e+01
2.042588005065917969e+02 6.280879020690920811e+01 3.575765228271484375e+01 4.526533889770507812e+01
2.055175113677978516e+02 6.098731994628909092e+01 3.423099899291992188e+01 4.631301879882812500e+01
2.061307716369628906e+02 6.073948097229006748e+01 3.509548187255859375e+01 4.670727157592773438e+01
2.061958351135253906e+02 6.055696868896487217e+01 3.519907379150390625e+01 4.666935729980468750e+01
2.088453769683837891e+02 6.097781753540041905e+01 3.491799545288085938e+01 4.649394989013671875e+01
2.091825256347656250e+02 6.251990890502932530e+01 3.500685119628906250e+01 4.537459564208984375e+01
2.088416633605957031e+02 5.918297958374026280e+01 3.422612762451171875e+01 4.971352386474609375e+01
2.099449214935302734e+02 5.999045753479006748e+01 3.539831924438476562e+01 4.714399337768554688e+01
2.091164569854736328e+02 6.038824272155764561e+01 3.470072555541992188e+01 4.731091690063476562e+01
2.086289367675781250e+02 5.868381309509280186e+01 3.491630554199218750e+01 4.927736282348632812e+01
2.080354728698730469e+02 6.084164619445803623e+01 3.535289764404296875e+01 4.719895553588867188e+01
2.074505710601806641e+02 6.048223114013674717e+01 3.582613754272460938e+01 4.795553588867187500e+01
2.069967098236083984e+02 5.853123283386233311e+01 3.585087966918945312e+01 4.985246658325195312e+01
2.060521030426025391e+02 5.787212562561037998e+01 3.571163558959960938e+01 5.042570114135742188e+01
2.052610549926757812e+02 5.726197242736819248e+01 3.650210571289062500e+01 5.014330673217773438e+01
2.044317932128906250e+02 5.779599189758303623e+01 3.524114990234375000e+01 5.032595443725585938e+01
2.041857280731201172e+02 5.764618873596194248e+01 3.585217666625976562e+01 4.985390853881835938e+01
2.041891670227050781e+02 5.531580352783205967e+01 3.586951446533203125e+01 5.198802185058593750e+01
2.032080211639404297e+02 5.489458084106448155e+01 3.606473159790039062e+01 5.217302703857421875e+01
2.033231372833251953e+02 5.440903472900393467e+01 3.603773117065429688e+01 5.248507690429687500e+01
2.036656990051269531e+02 5.323352241516116123e+01 3.579999542236328125e+01 5.368349838256835938e+01
2.028683261871337891e+02 5.444140052795412998e+01 3.502056503295898438e+01 5.309933090209960938e+01
2.026725196838378906e+02 5.362174797058108311e+01 3.557946014404296875e+01 5.414126968383789062e+01
2.026350669860839844e+02 5.276295852661135655e+01 3.627516937255859375e+01 5.436992645263671875e+01
2.014254531860351562e+02 5.233944129943850498e+01 3.713194274902343750e+01 5.519573593139648438e+01
2.013491973876953125e+02 5.184131622314455967e+01 3.631462097167968750e+01 5.529978942871093750e+01
2.005481014251708984e+02 5.239974212646487217e+01 3.722049331665039062e+01 5.516630554199218750e+01
2.010920162200927734e+02 5.193382263183596592e+01 3.671863174438476562e+01 5.544021606445312500e+01
2.009187126159667969e+02 5.149716758728030186e+01 3.732288360595703125e+01 5.573581314086914062e+01
2.008275337219238281e+02 5.179640197753909092e+01 3.849083709716796875e+01 5.445091247558593750e+01
2.006991252899169922e+02 5.116510200500491123e+01 3.903422927856445312e+01 5.498900985717773438e+01
2.006888084411621094e+02 5.125402450561527701e+01 3.948346710205078125e+01 5.450560760498046875e+01
2.009991092681884766e+02 5.068002128601079903e+01 3.921900558471679688e+01 5.476790237426757812e+01
2.001443672180175781e+02 5.233511734008796168e+01 4.010456085205078125e+01 5.292537689208984375e+01
2.000391197204589844e+02 5.175235748291022730e+01 3.947154998779296875e+01 5.378492736816406250e+01
2.017344589233398438e+02 5.126609611511237574e+01 4.016154479980468750e+01 5.345933914184570312e+01
2.013802452087402344e+02 5.109600830078133527e+01 3.553821563720703125e+01 5.491241455078125000e+01
2.025995082855224609e+02 4.869666290283211652e+01 3.767818069458007812e+01 5.585633850097656250e+01
2.032001590728759766e+02 4.930998802185067120e+01 3.568751144409179688e+01 5.507580947875976562e+01
2.026142044067382812e+02 4.966808319091805402e+01 3.800494384765625000e+01 5.428857421875000000e+01
2.016497116088867188e+02 5.046938133239754620e+01 3.568540954589843750e+01 5.435762405395507812e+01
2.031668357849121094e+02 4.920919418334969464e+01 3.727925872802734375e+01 5.523102569580078125e+01
2.026959457397460938e+02 4.998720741271981183e+01 3.644178771972656250e+01 5.454160690307617188e+01
2.044167079925537109e+02 4.860479545593270245e+01 3.812413406372070312e+01 5.562805557250976562e+01
2.027189350128173828e+02 5.015311622619637433e+01 3.531902694702148438e+01 5.478080368041992188e+01
2.059599552154541016e+02 4.914900970458992902e+01 3.853577804565429688e+01 5.450424194335937500e+01
2.053950862884521484e+02 5.040861892700203839e+01 3.467140579223632812e+01 5.453260040283203125e+01
2.044067268371582031e+02 4.830256843566903058e+01 4.105390167236328125e+01 5.541662216186523438e+01
2.083663311004638672e+02 4.928508186340340558e+01 3.859077835083007812e+01 5.466495895385742188e+01
2.091485500335693359e+02 4.826268005371102277e+01 4.206123733520507812e+01 5.509361267089843750e+01
2.124360160827636719e+02 4.939982604980477277e+01 4.033129119873046875e+01 5.552659606933593750e+01
2.140444812774658203e+02 4.933246612548836652e+01 4.205187606811523438e+01 5.469708251953125000e+01
2.181357631683349609e+02 4.929191780090340558e+01 4.013119888305664062e+01 5.340244674682617188e+01
2.216911659240722656e+02 4.826784324646006041e+01 3.936891937255859375e+01 5.435469436645507812e+01
2.237605628967285156e+02 4.800722694396984025e+01 4.143276214599609375e+01 5.459679794311523438e+01
2.247081546783447266e+02 4.647164916992198869e+01 3.619395065307617188e+01 5.529277038574218750e+01
2.253107490539550781e+02 4.682922935485851212e+01 3.868157196044921875e+01 5.425281143188476562e+01
2.266715660095214844e+02 4.590574264526378556e+01 4.019884490966796875e+01 5.552527618408203125e+01
2.299992198944091797e+02 4.600897789001476212e+01 3.882817459106445312e+01 5.519610977172851562e+01
2.306536808013916016e+02 4.567465972900403415e+01 3.837905502319335938e+01 5.488334655761718750e+01
2.309648571014404297e+02 4.674562644958508884e+01 3.691858291625976562e+01 5.445706558227539062e+01
2.321611328125000000e+02 4.663615417480481540e+01 3.845681762695312500e+01 5.501289367675781250e+01
2.326521759033203125e+02 4.632500839233411227e+01 3.830447387695312500e+01 5.503144073486328125e+01
2.321821556091308594e+02 4.505585861206067477e+01 3.541701507568359375e+01 5.632176971435546875e+01
2.313425254821777344e+02 4.632440376281751071e+01 3.803469085693359375e+01 5.476784896850585938e+01
2.307203903198242188e+02 4.641228294372571384e+01 3.470719909667968750e+01 5.536120986938476562e+01
2.295526638031005859e+02 4.676396560668958102e+01 3.813107681274414062e+01 5.426990509033203125e+01
2.292473144531250000e+02 4.689492797851575290e+01 3.375691223144531250e+01 5.459967041015625000e+01
2.276004600524902344e+02 4.797411537170422946e+01 3.778501129150390625e+01 5.378622055053710938e+01
2.271231346130371094e+02 4.784607124328626071e+01 3.364272308349609375e+01 5.596767807006835938e+01
2.251093940734863281e+02 4.702353858947766696e+01 3.761228179931640625e+01 5.523685836791992188e+01
2.241657466888427734e+02 4.764751625061047946e+01 3.374882888793945312e+01 5.639002609252929688e+01
2.223632392883300781e+02 4.770476722717297946e+01 3.433585357666015625e+01 5.625301742553710938e+01
2.199177265167236328e+02 4.793916702270520602e+01 3.385860824584960938e+01 5.546976470947265625e+01
2.176771717071533203e+02 4.778810882568372165e+01 3.495505905151367188e+01 5.522666931152343750e+01
2.163916511535644531e+02 4.844335746765149509e+01 3.436162567138671875e+01 5.581036758422851562e+01
2.147260150909423828e+02 4.849757575988782321e+01 3.533222579956054688e+01 5.620481491088867188e+01
2.139807243347167969e+02 4.795055770874036227e+01 3.731412506103515625e+01 5.721260833740234375e+01
2.125717525482177734e+02 4.807258605957044040e+01 3.800822830200195312e+01 5.708380126953125000e+01
2.117866554260253906e+02 4.843271064758313571e+01 4.245516204833984375e+01 5.682778549194335938e+01
2.097679061889648438e+02 5.209619522094737931e+01 4.638497924804687500e+01 5.419048309326171875e+01
2.100390434265136719e+02 5.019837570190441056e+01 3.893950653076171875e+01 5.422119903564453125e+01
2.079095554351806641e+02 5.322805213928234025e+01 3.791160202026367188e+01 5.284218978881835938e+01
2.080437602996826172e+02 5.596433448791515275e+01 3.674101638793945312e+01 4.953309249877929688e+01
2.079475936889648438e+02 5.971570396423351212e+01 3.617013549804687500e+01 4.671031570434570312e+01
2.078541984558105469e+02 5.638592338562023087e+01 3.533185577392578125e+01 4.976590347290039062e+01
2.070148334503173828e+02 6.062893295288097306e+01 3.554487228393554688e+01 4.587378692626953125e+01
2.073346252441406250e+02 5.858477401733409806e+01 3.515939331054687500e+01 4.690613555908203125e+01
2.077595634460449219e+02 5.991105842590343400e+01 3.593300628662109375e+01 4.535232162475585938e+01
2.054741363525390625e+02 5.905006980896007462e+01 3.770753479003906250e+01 4.612967300415039062e+01
2.034547615051269531e+02 6.081660270690929337e+01 3.814968109130859375e+01 4.402844619750976562e+01
2.032147979736328125e+02 6.173144912719737931e+01 3.790313720703125000e+01 4.365467071533203125e+01
2.034407253265380859e+02 5.968937683105480119e+01 3.676042556762695312e+01 4.402626037597656250e+01
2.034173641204833984e+02 5.929926300048839494e+01 3.857027053833007812e+01 4.552139282226562500e+01
2.021661128997802734e+02 5.840771675109874650e+01 3.773656082153320312e+01 4.283565902709960938e+01
2.083770103454589844e+02 6.272951316833507462e+01 3.351955413818359375e+01 4.208615493774414062e+01
2.081837062835693359e+02 6.410407829284679337e+01 3.486232376098632812e+01 4.102862930297851562e+01
2.069182548522949219e+02 6.154582595825206681e+01 3.779453277587890625e+01 4.293738555908203125e+01
2.074224548339843750e+02 6.389893913269054337e+01 3.643048095703125000e+01 4.070578384399414062e+01
2.022889785766601562e+02 6.197018432617198869e+01 3.864219665527343750e+01 4.117034912109375000e+01
1.973782749176025391e+02 6.286229324340831681e+01 4.331130599975585938e+01 3.840039825439453125e+01
1.895777626037597656e+02 5.951622962951671525e+01 3.469312286376953125e+01 3.333941268920898438e+01
1.913621997833251953e+02 6.232103157043468400e+01 3.243743515014648438e+01 2.933073043823242188e+01
1.905021142959594727e+02 6.320383453369151994e+01 2.964826011657714844e+01 2.900633239746093750e+01
1.935399265289306641e+02 6.317910575866710587e+01 3.034660720825195312e+01 2.923459243774414062e+01
1.910364303588867188e+02 6.363910770416271134e+01 3.245343780517578125e+01 2.886236381530761719e+01
1.916052379608154297e+02 6.284406185150157853e+01 3.224492263793945312e+01 3.011519050598144531e+01
1.914299583435058594e+02 6.325701045990001603e+01 3.372322082519531250e+01 2.951202583312988281e+01
1.931217174530029297e+02 6.355954837799083634e+01 3.473766708374023438e+01 3.040424919128417969e+01
1.934905471801757812e+02 6.186063766479503556e+01 3.814812469482421875e+01 3.554012298583984375e+01
1.920074958801269531e+02 6.474698638916026994e+01 3.829452514648437500e+01 3.339910888671875000e+01
1.897623863220214844e+02 6.164450550079357072e+01 2.563475799560546875e+01 3.084238243103027344e+01
1.928707771301269531e+02 6.318333244323741837e+01 3.653586578369140625e+01 3.171931838989257812e+01
1.997149829864501953e+02 6.432028007507335587e+01 3.352181625366210938e+01 3.211847305297851562e+01
1.891886482238769531e+02 6.601719093322765275e+01 4.979863739013671875e+01 3.356228256225585938e+01
1.899771518707275391e+02 6.350999641418468400e+01 3.992750167846679688e+01 3.537682723999023438e+01
1.867737579345703125e+02 6.540096473693859025e+01 4.067851257324218750e+01 3.229621505737304688e+01
1.868293838500976562e+02 6.624816513061534806e+01 3.770907592773437500e+01 3.016216278076171875e+01
1.852112274169921875e+02 6.701248931884776994e+01 3.797479248046875000e+01 2.935426330566406250e+01
1.856594638824462891e+02 6.710538959503185197e+01 3.737250900268554688e+01 3.010193443298339844e+01
1.852688617706298828e+02 6.699228477478038712e+01 3.659049606323242188e+01 3.096431350708007812e+01
1.886806449890136719e+02 6.853576564788829728e+01 3.611525726318359375e+01 3.085806465148925781e+01
1.871833648681640625e+02 6.876840972900401994e+01 3.807699584960937500e+01 3.420138549804687500e+01
1.890337944030761719e+02 6.966125011444103166e+01 3.505449676513671875e+01 3.125838661193847656e+01
1.887145290374755859e+02 6.913485717773448869e+01 3.471533584594726562e+01 2.905236816406250000e+01
1.907167167663574219e+02 6.862791061401378556e+01 3.219944000244140625e+01 2.888007354736328125e+01
1.899817571640014648e+02 6.797803115844737931e+01 3.051689338684082031e+01 2.890951538085937500e+01
1.924617767333984375e+02 6.580716609954845353e+01 3.074388122558593750e+01 2.944371223449707031e+01
1.921889848709106445e+02 6.676422882080089494e+01 3.193726921081542969e+01 2.811875915527343750e+01
1.943061161041259766e+02 6.565101909637462541e+01 3.322614669799804688e+01 2.946384620666503906e+01
1.955292568206787109e+02 6.710460376739513322e+01 3.736835098266601562e+01 3.149078941345214844e+01
1.973347415924072266e+02 6.470856475830089494e+01 3.825295639038085938e+01 3.698188781738281250e+01
1.989216651916503906e+02 6.595457649230968400e+01 3.872383880615234375e+01 3.534821701049804688e+01
2.036132297515869141e+02 6.529516029357921525e+01 3.657755661010742188e+01 3.544121932983398438e+01
2.099798641204833984e+02 6.605714035034191056e+01 3.671648025512695312e+01 3.612850189208984375e+01
2.052730073928833008e+02 6.608067893981944962e+01 3.154996299743652344e+01 3.308459854125976562e+01
2.078159303665161133e+02 6.522558784484874650e+01 3.105907249450683594e+01 3.328593063354492188e+01
2.099270763397216797e+02 6.449804306030284806e+01 3.256262588500976562e+01 3.318214416503906250e+01
2.117625560760498047e+02 6.331115531921398087e+01 3.228163528442382812e+01 3.641729354858398438e+01
2.146368751525878906e+02 6.888718795776378556e+01 3.090740203857421875e+01 3.280705261230468750e+01
2.174412822723388672e+02 6.612182807922374650e+01 2.968207168579101562e+01 3.362549972534179688e+01
2.184256830215454102e+02 6.467725563049327775e+01 2.942745780944824219e+01 3.189435958862304688e+01
2.206668338775634766e+02 6.627967166900646134e+01 2.712815475463867188e+01 3.129642295837402344e+01
2.214490175247192383e+02 6.601974773406993791e+01 2.762816429138183594e+01 3.126800727844238281e+01
2.219029645919799805e+02 6.440895652771007462e+01 2.754421424865722656e+01 3.381756210327148438e+01
2.209771261215209961e+02 6.495986652374278947e+01 2.659694862365722656e+01 3.082969474792480469e+01
2.209648141860961914e+02 6.371021080017101212e+01 2.716361045837402344e+01 3.471480941772460938e+01
2.191461429595947266e+02 6.459848594665538712e+01 2.820785140991210938e+01 3.209666824340820312e+01
2.171131229400634766e+02 6.178994750976573869e+01 2.859390640258789062e+01 3.665770721435546875e+01
2.163435115814208984e+02 6.233677482604991837e+01 3.007265853881835938e+01 3.661237716674804688e+01
2.148948993682861328e+02 6.201324272155773087e+01 3.029732131958007812e+01 3.608872604370117188e+01
2.139315080642700195e+02 6.263410758972179337e+01 3.049960136413574219e+01 3.642094039916992188e+01
2.127448024749755859e+02 6.280786514282237931e+01 3.225115585327148438e+01 3.673448181152343750e+01
2.103899307250976562e+02 6.313982009887706681e+01 3.312387847900390625e+01 3.838227844238281250e+01
2.100572795867919922e+02 6.590820312500011369e+01 3.373150253295898438e+01 3.664611053466796875e+01
2.093950538635253906e+02 6.288432693481456681e+01 3.232138061523437500e+01 3.932511901855468750e+01
2.063558654785156250e+02 6.293834686279308244e+01 3.404317474365234375e+01 3.886870574951171875e+01
2.106478862762451172e+02 6.773518562316905900e+01 3.158504867553710938e+01 3.590130996704101562e+01
2.086642627716064453e+02 6.224429702758800431e+01 3.249290847778320312e+01 3.727465820312500000e+01
2.055501232147216797e+02 5.909998703002941056e+01 3.509632492065429688e+01 4.325819396972656250e+01
2.084977798461914062e+02 6.368320465087901994e+01 3.246434783935546875e+01 3.919716644287109375e+01
2.064294929504394531e+02 6.297545433044444962e+01 3.506890869140625000e+01 3.955630111694335938e+01
2.063954696655273438e+02 6.056492614746105119e+01 3.601564788818359375e+01 4.268837738037109375e+01
2.051016521453857422e+02 5.895209884643566056e+01 3.830936813354492188e+01 4.540406799316406250e+01
2.028822994232177734e+02 5.547910690307628556e+01 4.091340255737304688e+01 4.775518798828125000e+01
2.005595188140869141e+02 5.554054260253917619e+01 4.790216445922851562e+01 4.630101776123046875e+01
2.001782112121582031e+02 5.524885940551769181e+01 4.901416015625000000e+01 4.834973144531250000e+01
2.018549900054931641e+02 5.423589515686046525e+01 4.824646377563476562e+01 4.936595535278320312e+01
1.994789905548095703e+02 5.494474983215341979e+01 5.051109695434570312e+01 4.847035598754882812e+01
2.003278102874755859e+02 5.395198059082042619e+01 4.966143417358398438e+01 4.967473602294921875e+01
1.949705295562744141e+02 5.320138931274425431e+01 5.033395767211914062e+01 4.862281799316406250e+01
1.970621852874755859e+02 4.947847366333020602e+01 4.506701278686523438e+01 5.160798645019531250e+01
1.984342861175537109e+02 5.248794555664075290e+01 4.626740646362304688e+01 4.962738800048828125e+01
1.950858917236328125e+02 5.106862258911145602e+01 4.693029022216796875e+01 5.052578735351562500e+01
1.955816974639892578e+02 4.951422309875501071e+01 4.326810073852539062e+01 4.686682510375976562e+01
1.943984317779541016e+02 5.166833305358899509e+01 4.310890579223632812e+01 4.895704269409179688e+01
1.906498737335205078e+02 5.095759582519544040e+01 4.734285354614257812e+01 5.191504669189453125e+01
1.908123016357421875e+02 5.214805984497083102e+01 4.573609161376953125e+01 4.987236022949218750e+01
1.922319107055664062e+02 5.168899536132825290e+01 4.395534515380859375e+01 4.900846099853515625e+01
1.969043617248535156e+02 5.386457824707045461e+01 4.230090332031250000e+01 4.996855926513671875e+01
1.995095291137695312e+02 5.336767387390150930e+01 4.052147674560546875e+01 4.784527206420898438e+01
2.021587505340576172e+02 5.469819450378432180e+01 3.889916610717773438e+01 4.807732772827148438e+01
2.014207820892333984e+02 5.397428512573256398e+01 3.890285873413085938e+01 4.822721862792968750e+01
1.988002796173095703e+02 5.414978027343764211e+01 4.140863418579101562e+01 4.884976959228515625e+01
2.025204200744628906e+02 5.474741172790541555e+01 3.979043579101562500e+01 4.508912277221679688e+01
1.951176185607910156e+02 5.474025344848647023e+01 4.583459472656250000e+01 4.853598022460937500e+01
2.007537441253662109e+02 5.539391326904311086e+01 4.181148910522460938e+01 4.726708221435546875e+01
2.005646572113037109e+02 5.600392150878920461e+01 4.095031356811523438e+01 4.744252777099609375e+01
2.017658977508544922e+02 5.704083633422865773e+01 4.103757858276367188e+01 4.661007690429687500e+01
1.960789813995361328e+02 5.457886123657240773e+01 4.717976760864257812e+01 4.769302368164062500e+01
2.022789878845214844e+02 5.824107360839857961e+01 3.994857788085937500e+01 4.659285736083984375e+01
2.004456520080566406e+02 5.562907409667982961e+01 4.324192810058593750e+01 4.705449676513671875e+01
1.976411228179931641e+02 5.584361839294447805e+01 4.612369155883789062e+01 4.740320968627929688e+01
2.022667369842529297e+02 5.669050407409682180e+01 4.205761337280273438e+01 4.543925094604492188e+01
1.973058834075927734e+02 5.366472625732436086e+01 4.425060653686523438e+01 4.896779632568359375e+01
2.013655357360839844e+02 5.258188629150404836e+01 4.199905395507812500e+01 5.060602569580078125e+01
1.983526191711425781e+02 5.322513580322279836e+01 4.322996520996093750e+01 5.069139862060546875e+01
2.028845443725585938e+02 5.105716133117689992e+01 3.953275299072265625e+01 4.836325454711914062e+01
1.969716682434082031e+02 5.034325218200697805e+01 4.339537048339843750e+01 5.199814987182617188e+01
1.919639244079589844e+02 5.048100662231459523e+01 4.702493286132812500e+01 5.196717834472656250e+01
1.972988052368164062e+02 5.246547508239761726e+01 4.326488494873046875e+01 5.287060165405273438e+01
2.003270530700683594e+02 5.026011466979996101e+01 4.166448974609375000e+01 5.251722335815429688e+01
2.043868961334228516e+02 5.448515892028824226e+01 4.428776931762695312e+01 4.937237167358398438e+01
2.012767543792724609e+02 5.795645904541031257e+01 3.795235824584960938e+01 4.654830169677734375e+01
2.044011859893798828e+02 5.883783340454117194e+01 3.633983230590820312e+01 4.541368103027343750e+01
2.038075008392333984e+02 6.120462608337417976e+01 3.759246444702148438e+01 4.347062301635742188e+01
2.032354049682617188e+02 6.297111892700210944e+01 3.747982025146484375e+01 4.143853759765625000e+01
2.062513160705566406e+02 5.997300720214859382e+01 3.536174011230468750e+01 4.233937835693359375e+01
2.087832851409912109e+02 6.169789314270035163e+01 3.288673019409179688e+01 4.177977371215820312e+01
2.092046966552734375e+02 6.470320892334000007e+01 3.218506622314453125e+01 3.817186737060546875e+01
2.116182813644409180e+02 6.588181114196792976e+01 2.894017219543457031e+01 3.524982833862304688e+01
2.127474679946899414e+02 6.197955703735367194e+01 2.874265098571777344e+01 3.695007324218750000e+01
2.128798980712890625e+02 6.397514533996597663e+01 2.685216522216796875e+01 3.359798049926757812e+01
2.136446189880371094e+02 6.768068408966080085e+01 2.647382354736328125e+01 2.774323844909667969e+01
2.157664670944213867e+02 6.901504230499283210e+01 2.586559486389160156e+01 2.581387901306152344e+01
2.152395572662353516e+02 6.949433231353775398e+01 2.752620315551757812e+01 2.680840110778808594e+01
2.153534793853759766e+02 7.127343559265152351e+01 2.826822280883789062e+01 2.787005996704101562e+01
2.167909669876098633e+02 7.172768688201919929e+01 2.695808982849121094e+01 2.952564430236816406e+01
2.173228549957275391e+02 7.281640720367447273e+01 2.731306838989257812e+01 3.158228111267089844e+01
2.183641853332519531e+02 7.424717235565201179e+01 2.777971649169921875e+01 3.174146461486816406e+01
2.184865903854370117e+02 7.509024620056167976e+01 2.786673164367675781e+01 3.176984786987304688e+01
2.190699310302734375e+02 7.553229331970230476e+01 2.758795928955078125e+01 3.329938888549804688e+01
2.186462841033935547e+02 7.644555473327652351e+01 2.854692459106445312e+01 3.387675857543945312e+01
2.181392545700073242e+02 7.393720817565933601e+01 3.131102943420410156e+01 3.818664169311523438e+01
2.184106082916259766e+02 7.168031120300308601e+01 3.241563034057617188e+01 4.231567001342773438e+01
2.184493865966796875e+02 7.387842178344742194e+01 3.324836730957031250e+01 3.939004516601562500e+01
2.172065830230712891e+02 7.119830894470230476e+01 3.293883895874023438e+01 4.275449752807617188e+01
2.183430480957031250e+02 7.484894752502457038e+01 3.202548217773437500e+01 3.845650100708007812e+01
2.164869565963745117e+02 7.229512405395523444e+01 3.133396339416503906e+01 4.202055358886718750e+01
2.164235858917236328e+02 7.689743232727066413e+01 3.058610153198242188e+01 3.930514907836914062e+01
2.158199224472045898e+02 7.747654342651382819e+01 2.844609260559082031e+01 3.869166564941406250e+01
2.133032484054565430e+02 7.901954269409195319e+01 3.027997779846191406e+01 3.807293701171875000e+01
2.115625648498535156e+02 8.289880943298355476e+01 3.119141387939453125e+01 3.446580123901367188e+01
2.085134792327880859e+02 7.804705810546890632e+01 3.371461868286132812e+01 3.818593597412109375e+01
2.056881160736083984e+02 7.671991348266617194e+01 3.635255813598632812e+01 4.000807189941406250e+01
2.035811481475830078e+02 7.735537528991714851e+01 3.690079879760742188e+01 3.783265304565429688e+01
1.993322753906250000e+02 7.381817054748550788e+01 3.959846496582031250e+01 4.270718765258789062e+01
1.961310100555419922e+02 7.355119514465347663e+01 4.081377029418945312e+01 4.165318679809570312e+01
1.956822624206542969e+02 7.312729835510269538e+01 4.066522979736328125e+01 4.167331314086914062e+01
1.941617546081542969e+02 7.493341255188003913e+01 4.058052825927734375e+01 4.048088455200195312e+01
1.948958187103271484e+02 7.453260803222671882e+01 4.203702163696289062e+01 3.971927642822265625e+01
1.948908386230468750e+02 7.280598831176773444e+01 4.280221557617187500e+01 4.154577636718750000e+01
1.925960845947265625e+02 7.408434677124039069e+01 4.405366516113281250e+01 4.059420776367187500e+01
1.914803199768066406e+02 7.400289726257339851e+01 4.416773223876953125e+01 4.015247726440429688e+01
1.909012928009033203e+02 7.330052757263199226e+01 4.494836044311523438e+01 3.944968795776367188e+01
1.909711322784423828e+02 7.638033866882339851e+01 4.024703598022460938e+01 3.529128646850585938e+01
1.900109119415283203e+02 7.482590866088882819e+01 4.571464157104492188e+01 3.529983520507812500e+01
1.904496402740478516e+02 7.669703865051285163e+01 3.818198776245117188e+01 3.349464797973632812e+01
1.897930717468261719e+02 7.684194755554214851e+01 3.718317413330078125e+01 3.338119125366210938e+01
1.896646175384521484e+02 7.795887470245376960e+01 3.764868545532226562e+01 3.177659416198730469e+01
1.890276050567626953e+02 7.533934020996109382e+01 3.821888351440429688e+01 3.414713287353515625e+01
1.885099353790283203e+02 7.308150291442886726e+01 5.276389694213867188e+01 3.605311203002929688e+01
1.871721820831298828e+02 7.305491065979019538e+01 5.800896835327148438e+01 3.535214614868164062e+01
1.872122726440429688e+02 7.240713500976578132e+01 5.938665771484375000e+01 3.531655120849609375e+01
1.904620227813720703e+02 7.491383361816421882e+01 3.902683639526367188e+01 3.369039154052734375e+01
1.907767639160156250e+02 7.751315975189224616e+01 3.429118347167968750e+01 2.953228187561035156e+01
1.904555110931396484e+02 7.743828487396255866e+01 3.711597061157226562e+01 3.061222267150878906e+01
1.918418407440185547e+02 7.576842308044449226e+01 3.735170364379882812e+01 3.246667098999023438e+01
1.938451442718505859e+02 7.614739227294937507e+01 3.833082962036132812e+01 3.228701019287109375e+01
1.966946353912353516e+02 7.506332206726089851e+01 3.883781051635742188e+01 3.291924667358398438e+01
2.012126407623291016e+02 7.512286186218277351e+01 3.706217575073242188e+01 3.281647872924804688e+01
2.037373409271240234e+02 7.644705581665054694e+01 3.734692764282226562e+01 3.197579956054687500e+01
2.079464206695556641e+02 7.837565803527847663e+01 3.416398239135742188e+01 3.133563613891601562e+01
2.094025936126708984e+02 7.929522132873550788e+01 3.331302261352539062e+01 2.950624465942382812e+01
2.093282260894775391e+02 7.926893329620376960e+01 3.342248916625976562e+01 2.916760063171386719e+01
2.080664196014404297e+02 7.590005970001236335e+01 4.841465377807617188e+01 3.154344749450683594e+01
2.053375186920166016e+02 7.348165702819839851e+01 4.430992507934570312e+01 3.129632949829101562e+01
2.040170116424560547e+02 7.273903083801285163e+01 4.607503890991210938e+01 2.951905441284179688e+01
2.024410285949707031e+02 7.298063850402847663e+01 5.199327087402343750e+01 2.933216476440429688e+01
2.009968204498291016e+02 7.083688163757339851e+01 5.146480178833007812e+01 3.093124771118164062e+01
1.993651885986328125e+02 6.955191802978531257e+01 5.190546417236328125e+01 3.050035095214843750e+01
1.993731727600097656e+02 6.697675609588638679e+01 5.198118591308593750e+01 3.021991920471191406e+01
1.987804183959960938e+02 6.418793010711685554e+01 5.255283355712890625e+01 3.051348304748535156e+01
1.972527313232421875e+02 6.181362247467056648e+01 5.425446319580078125e+01 3.075726127624511719e+01
1.982339973449707031e+02 6.173047828674332038e+01 5.223919677734375000e+01 2.978702926635742188e+01
1.989908962249755859e+02 6.243412590026871101e+01 5.276549911499023438e+01 2.926906204223632812e+01
1.989101791381835938e+02 6.215098285675064460e+01 5.604723358154296875e+01 3.116390037536621094e+01
2.008720645904541016e+02 6.430759716033951179e+01 5.881425857543945312e+01 3.053887367248535156e+01
1.999408302307128906e+02 6.757221984863296882e+01 5.428436279296875000e+01 2.989007568359375000e+01
2.007094497680664062e+02 6.717428970336929694e+01 5.550737762451171875e+01 3.360674285888671875e+01
2.018162422180175781e+02 7.270006561279312507e+01 5.460325622558593750e+01 3.485679626464843750e+01
2.017651405334472656e+02 7.380205726623550788e+01 5.379518127441406250e+01 3.589452743530273438e+01
2.029712142944335938e+02 7.522852897644058601e+01 5.547272491455078125e+01 3.661069107055664062e+01
2.056038551330566406e+02 7.893254280090347663e+01 5.663752746582031250e+01 3.704583358764648438e+01
2.052101383209228516e+02 7.957818412780777351e+01 5.902495193481445312e+01 3.884233474731445312e+01
2.058256874084472656e+02 8.019539642334000007e+01 5.857180786132812500e+01 3.985786437988281250e+01
2.066141071319580078e+02 8.383736419677750007e+01 5.746895217895507812e+01 3.778611755371093750e+01
2.073531055450439453e+02 8.718313598632828132e+01 5.899179458618164062e+01 3.640458679199218750e+01
2.076578159332275391e+02 8.358038330078142053e+01 5.949733352661132812e+01 4.006573486328125000e+01
2.096505699157714844e+02 8.087035369873062507e+01 6.116825866699218750e+01 4.137741088867187500e+01
2.077709197998046875e+02 8.519595909118667976e+01 5.867906951904296875e+01 3.808043289184570312e+01
2.088525199890136719e+02 8.320718765258804694e+01 6.048791503906250000e+01 3.995149993896484375e+01
2.057839145660400391e+02 8.663167762756361867e+01 5.973434829711914062e+01 3.629804611206054688e+01
2.063046493530273438e+02 8.650999832153334523e+01 5.706421661376953125e+01 3.602176666259765625e+01
2.045611705780029297e+02 7.978202438354506398e+01 5.980537033081054688e+01 4.009076690673828125e+01
2.039197635650634766e+02 7.792717170715344821e+01 5.912004470825195312e+01 4.061983871459960938e+01
2.042456169128417969e+02 7.787172126770030900e+01 5.611976623535156250e+01 3.847303390502929688e+01
2.047151107788085938e+02 7.333662033081067477e+01 5.611144256591796875e+01 4.167632293701171875e+01
2.039106101989746094e+02 7.975050926208508884e+01 5.681407165527343750e+01 3.552202224731445312e+01
2.026884803771972656e+02 7.940237236022962009e+01 5.221382141113281250e+01 3.348721694946289062e+01
2.026006145477294922e+02 7.638802528381360446e+01 5.479040145874023438e+01 3.618203353881835938e+01
2.027746944427490234e+02 7.085328865051282321e+01 5.438578414916992188e+01 3.913073348999023438e+01
2.023044166564941406e+02 7.086891174316419040e+01 5.566876220703125000e+01 3.775263977050781250e+01
2.015188770294189453e+02 7.123458862304700290e+01 5.448648452758789062e+01 3.639825439453125000e+01
2.015569744110107422e+02 7.061483192443860446e+01 5.396694564819335938e+01 3.653072738647460938e+01
2.011561317443847656e+02 6.989243888854993259e+01 5.253375244140625000e+01 3.693814468383789062e+01
2.019312763214111328e+02 6.884811401367200290e+01 5.282757949829101562e+01 3.715530395507812500e+01
2.029689559936523438e+02 6.823308372497571384e+01 5.416538238525390625e+01 3.820758438110351562e+01
2.024352092742919922e+02 6.947943687438977634e+01 5.463270187377929688e+01 3.790822219848632812e+01
2.026672286987304688e+02 7.052000045776379977e+01 5.531708526611328125e+01 3.649578094482421875e+01
2.032138710021972656e+02 6.895060539245618259e+01 5.490420532226562500e+01 3.901877212524414062e+01
2.027641620635986328e+02 7.127888107299818898e+01 5.356767654418945312e+01 3.794933319091796875e+01
2.023774890899658203e+02 7.248596000671400930e+01 5.520990371704101562e+01 3.666847610473632812e+01
2.030298919677734375e+02 7.426376152038588430e+01 5.585227203369140625e+01 3.668468093872070312e+01
2.038107967376708984e+02 7.730669784545912648e+01 5.808430099487304688e+01 3.632144927978515625e+01
2.033524570465087891e+02 7.996343231201186086e+01 5.735419082641601562e+01 3.610856628417968750e+01
2.046730613708496094e+02 7.767950820922865773e+01 5.615652465820312500e+01 3.832811737060546875e+01
2.045589504241943359e+02 7.870821189880386726e+01 5.689492416381835938e+01 3.765761184692382812e+01
2.043936214447021484e+02 8.000814819335954553e+01 5.823022079467773438e+01 3.768023681640625000e+01
2.047305316925048828e+02 7.979782104492204553e+01 5.639885330200195312e+01 3.842768859863281250e+01
2.055832805633544922e+02 7.977632141113298303e+01 5.692348861694335938e+01 3.899841308593750000e+01
2.061789512634277344e+02 8.153412628173845178e+01 5.658111572265625000e+01 3.754386901855468750e+01
2.060987701416015625e+02 8.156212806701677209e+01 5.638744354248046875e+01 3.820061874389648438e+01
2.059925460815429688e+02 7.945882987976092693e+01 5.331333160400390625e+01 3.893335342407226562e+01
2.071877841949462891e+02 7.699557304382342693e+01 6.018091201782226562e+01 4.061265945434570312e+01
2.053865699768066406e+02 8.190579032897969114e+01 5.713810729980468750e+01 3.724588394165039062e+01
2.056087608337402344e+02 8.513106727600117551e+01 5.624906921386718750e+01 3.244913864135742188e+01
2.048163890838623047e+02 8.381818008422871458e+01 5.800600814819335938e+01 3.350485992431640625e+01
2.054344120025634766e+02 8.425868415832539426e+01 5.739093399047851562e+01 3.388549423217773438e+01
2.039220428466796875e+02 8.137049865722676145e+01 5.831058502197265625e+01 3.473231506347656250e+01
2.034871349334716797e+02 8.075837898254414426e+01 5.689110946655273438e+01 3.438532638549804688e+01
2.021368789672851562e+02 7.814850807189961301e+01 5.134848785400390625e+01 3.308308029174804688e+01
2.012398357391357422e+02 7.213476753234883176e+01 3.555416488647460938e+01 3.426426315307617188e+01
1.990262889862060547e+02 7.008850479125996458e+01 3.538341903686523438e+01 3.087145233154296875e+01
1.984219779968261719e+02 6.607019519805928098e+01 3.469413757324218750e+01 3.029124259948730469e+01
1.971888275146484375e+02 6.420681571960469114e+01 3.433332824707031250e+01 2.857896804809570312e+01
1.968187179565429688e+02 6.100311660766621458e+01 3.343696594238281250e+01 2.925640106201171875e+01
1.938341140747070312e+02 5.704248428344746458e+01 3.470495605468750000e+01 3.005721282958984375e+01
1.964395923614501953e+02 5.388322544097920286e+01 4.491247177124023438e+01 3.141158866882324219e+01
1.940378856658935547e+02 5.225513267517109739e+01 5.335335159301757812e+01 3.282800674438476562e+01
1.923843593597412109e+02 5.098055267334004270e+01 5.491098403930664062e+01 3.270281982421875000e+01
1.929406490325927734e+02 5.070398139953633176e+01 5.498112869262695312e+01 3.367873764038085938e+01
1.930506362915039062e+02 5.082664489746113645e+01 5.442062377929687500e+01 3.347358703613281250e+01
1.921488533020019531e+02 5.096140480041523801e+01 5.530980682373046875e+01 3.359820175170898438e+01
1.931189556121826172e+02 5.131575584411640989e+01 5.536345291137695312e+01 3.407487869262695312e+01
1.927227764129638672e+02 5.456223106384297239e+01 5.719272232055664062e+01 3.245920181274414062e+01
1.934243545532226562e+02 5.844782924652119505e+01 5.649459838867187500e+01 3.015532112121582031e+01
1.978203029632568359e+02 6.048384666442890989e+01 3.475926589965820312e+01 3.061169815063476562e+01
1.973249454498291016e+02 6.455312919616719114e+01 3.376447677612304688e+01 2.950040054321289062e+01
1.984498310089111328e+02 6.716356849670430051e+01 3.326417160034179688e+01 2.964367294311523438e+01
1.997644233703613281e+02 7.025896835327168333e+01 3.349370574951171875e+01 3.130345916748046875e+01
2.007141876220703125e+02 7.226134681701680051e+01 3.319306945800781250e+01 3.372707748413085938e+01
2.038087062835693359e+02 7.759733200073262083e+01 3.346327590942382812e+01 3.321349334716796875e+01
2.041103801727294922e+02 8.161965274810810911e+01 5.051379776000976562e+01 3.168943595886230469e+01
2.035686759948730469e+02 8.125687026977558958e+01 5.697832489013671875e+01 3.520798492431640625e+01
2.038816165924072266e+02 8.409919548034687864e+01 5.733411788940429688e+01 3.546019363403320312e+01
2.073003520965576172e+02 8.584032249450703489e+01 5.761813735961914062e+01 3.725169754028320312e+01
2.078092079162597656e+02 9.132194137573263504e+01 5.628852081298828125e+01 3.297290802001953125e+01
2.089997291564941406e+02 9.254323577880880691e+01 5.839501190185546875e+01 3.296464538574218750e+01
2.102863941192626953e+02 9.285733032226583816e+01 5.801874923706054688e+01 3.210841369628906250e+01
2.104650955200195312e+02 9.418727874755880691e+01 5.983799743652343750e+01 3.265806579589843750e+01
2.114417800903320312e+02 9.343671035766622879e+01 5.858683776855468750e+01 3.163793182373046875e+01
2.117792854309082031e+02 9.262779617309591629e+01 5.931916046142578125e+01 3.396575164794921875e+01
2.113932399749755859e+02 9.240229797363302566e+01 5.908858108520507812e+01 3.249082946777343750e+01
2.109084739685058594e+02 9.251224136352560379e+01 5.868981170654296875e+01 3.294620513916015625e+01
2.109626026153564453e+02 9.343461322784445144e+01 5.766561508178710938e+01 3.128435325622558594e+01
2.088163681030273438e+02 9.184389114379904129e+01 5.880357360839843750e+01 3.262186431884765625e+01
2.089998474121093750e+02 9.063079261779806473e+01 5.772935485839843750e+01 3.363688278198242188e+01
2.085270690917968750e+02 8.904002952575704910e+01 5.677932739257812500e+01 3.456776809692382812e+01
2.062905235290527344e+02 8.716325569152853348e+01 5.832270050048828125e+01 3.630778121948242188e+01
2.052286853790283203e+02 8.360486030578634598e+01 5.842672348022460938e+01 3.774039840698242188e+01
2.063285369873046875e+02 8.485455894470236160e+01 5.498193359375000000e+01 3.386235427856445312e+01
2.054399471282958984e+02 8.282490921020529129e+01 5.471036148071289062e+01 3.174845123291015625e+01
2.056235523223876953e+02 8.053992652893087723e+01 5.266019821166992188e+01 3.208338546752929688e+01
2.054347534179687500e+02 7.737782669067404129e+01 4.959631347656250000e+01 3.179071807861328125e+01
2.037152519226074219e+02 7.385621070861837723e+01 5.149880218505859375e+01 3.313619613647460938e+01
2.022113914489746094e+02 7.149947929382345535e+01 3.484716033935546875e+01 3.354021072387695312e+01
2.013328113555908203e+02 7.173359298706076004e+01 3.453123092651367188e+01 3.036296844482421875e+01
2.006305236816406250e+02 7.041248607635519363e+01 3.386917114257812500e+01 3.016151618957519531e+01
2.005559177398681641e+02 7.050030612945577957e+01 3.377726364135742188e+01 2.934860801696777344e+01
2.013000106811523438e+02 6.998731994628927566e+01 3.258426666259765625e+01 2.842626953125000000e+01
1.996307010650634766e+02 6.972431945800802566e+01 3.315088272094726562e+01 2.780197906494140625e+01
2.021466598510742188e+02 6.882606887817404129e+01 3.519350433349609375e+01 2.780078887939453125e+01
2.007676506042480469e+02 6.883844947814962723e+01 3.377114105224609375e+01 2.897769546508789062e+01
2.007821140289306641e+02 6.917176151275656082e+01 3.368800735473632812e+01 2.915606498718261719e+01
2.005090637207031250e+02 6.953571605682394363e+01 3.350183105468750000e+01 2.899295997619628906e+01
2.019545307159423828e+02 7.042759799957296707e+01 3.287361526489257812e+01 2.866239738464355469e+01
2.015324325561523438e+02 7.120340728759788362e+01 3.322284698486328125e+01 3.071436309814453125e+01
2.025495586395263672e+02 7.014757728576682894e+01 3.685132980346679688e+01 3.246335220336914062e+01
2.029485797882080078e+02 7.114895057678245394e+01 3.490011978149414062e+01 3.476918411254882812e+01
2.040206279754638672e+02 7.226298713684104769e+01 3.649496078491210938e+01 3.380374526977539062e+01
2.042857990264892578e+02 7.456613540649436800e+01 4.706677627563476562e+01 3.499011230468750000e+01
2.030130252838134766e+02 6.952553176879905550e+01 5.544485855102539062e+01 4.107701110839843750e+01
2.057904033660888672e+02 6.709066581726096956e+01 5.682307052612304688e+01 4.448447799682617188e+01
2.030153713226318359e+02 7.616159057617210237e+01 6.031148910522460938e+01 4.037744903564453125e+01
2.058940086364746094e+02 7.663505744934106190e+01 5.764602661132812500e+01 3.958417129516601562e+01
2.045342960357666016e+02 7.546014022827172596e+01 5.957678604125976562e+01 4.396376037597656250e+01
2.066402702331542969e+02 7.682562828063989002e+01 5.961723327636718750e+01 4.221117782592773438e+01
2.068097362518310547e+02 8.053978157043481190e+01 5.803524398803710938e+01 4.099782180786132812e+01
2.075253620147705078e+02 7.936645126342796175e+01 5.689470291137695312e+01 4.273629760742187500e+01
2.074742755889892578e+02 7.680248451232934315e+01 5.780401992797851562e+01 4.494479751586914062e+01
2.085983963012695312e+02 7.438497734069848377e+01 5.963248443603515625e+01 4.533924484252929688e+01
2.092849426269531250e+02 7.763115882873559315e+01 6.105837249755859375e+01 4.204719924926757812e+01
2.070336799621582031e+02 8.055095863342309315e+01 5.804612731933593750e+01 4.114259719848632812e+01
2.084460105895996094e+02 8.025618171691917269e+01 5.820330810546875000e+01 4.100358963012695312e+01
2.053553047180175781e+02 8.008607673645040848e+01 5.874679565429687500e+01 4.228627395629882812e+01
2.038789157867431641e+02 7.506066131591818191e+01 5.910651016235351562e+01 4.410286712646484375e+01
2.065098419189453125e+02 7.860507011413595535e+01 5.737184906005859375e+01 3.962995529174804688e+01
2.044375400543212891e+02 7.934798240661642410e+01 5.571539688110351562e+01 3.989976119995117188e+01
2.044811096191406250e+02 8.101411628723165848e+01 5.603044891357421875e+01 3.543025588989257812e+01
2.038293418884277344e+02 8.152532386779806473e+01 5.319073486328125000e+01 3.471178054809570312e+01
2.049065513610839844e+02 8.155117988586447098e+01 5.459057617187500000e+01 3.293121719360351562e+01
2.052973346710205078e+02 7.894737625122091629e+01 5.412369155883789062e+01 3.386367797851562500e+01
2.044586982727050781e+02 7.653736495971701004e+01 5.501164245605468750e+01 3.420214843750000000e+01
2.031040668487548828e+02 7.419502830505392410e+01 5.438238906860351562e+01 3.495603561401367188e+01
2.020959033966064453e+02 7.322689056396505691e+01 5.481186294555664062e+01 3.649294281005859375e+01
2.007440147399902344e+02 7.369244956970236160e+01 5.252287292480468750e+01 3.465723800659179688e+01
2.019976406097412109e+02 7.376059722900411941e+01 5.270313644409179688e+01 3.352315521240234375e+01
2.015644435882568359e+02 7.310168266296408035e+01 5.280102157592773438e+01 3.468914413452148438e+01
2.017104949951171875e+02 7.402057647705099441e+01 5.448300933837890625e+01 3.422605133056640625e+01
2.029560928344726562e+02 7.357444190979025223e+01 5.524831390380859375e+01 3.484761428833007812e+01
2.037604465484619141e+02 7.441429901123068191e+01 5.472685623168945312e+01 3.532370758056640625e+01
2.038173656463623047e+02 7.529446029663107254e+01 5.556101608276367188e+01 3.488165283203125000e+01
2.028649768829345703e+02 7.538624000549337723e+01 5.539778518676757812e+01 3.536487197875976562e+01
2.016007022857666016e+02 7.412680625915548660e+01 5.527777481079101562e+01 3.635085678100585938e+01
2.030991611480712891e+02 7.480912208557150223e+01 5.473314285278320312e+01 3.566810989379882812e+01
2.001392097473144531e+02 7.287224960327169754e+01 5.528480529785156250e+01 3.716317749023437500e+01
2.005138721466064453e+02 7.369340133667013504e+01 5.432780838012695312e+01 3.564266967773437500e+01
2.007693290710449219e+02 7.381110000610372879e+01 5.426974487304687500e+01 3.333232116699218750e+01
1.983781166076660156e+02 7.373449516296408035e+01 5.529719543457031250e+01 3.360993576049804688e+01
1.947212257385253906e+02 7.337449264526388504e+01 5.715850830078125000e+01 3.380946350097656250e+01
1.982245788574218750e+02 7.220982742309591629e+01 5.418500518798828125e+01 3.381765747070312500e+01
2.008742866516113281e+02 7.088120079040548660e+01 5.084622192382812500e+01 3.503051376342773438e+01
1.983202972412109375e+02 7.070137786865255691e+01 5.224527740478515625e+01 3.444387054443359375e+01
2.018293724060058594e+02 6.988258552551290848e+01 4.590194702148437500e+01 3.369517898559570312e+01
1.963685894012451172e+02 6.896162796020529129e+01 5.259289169311523438e+01 3.370330810546875000e+01
2.041530284881591797e+02 6.855313682556173660e+01 4.550936508178710938e+01 3.351610946655273438e+01
1.999680976867675781e+02 6.729148483276388504e+01 5.182409667968750000e+01 3.418739318847656250e+01
2.043168659210205078e+02 6.601547431945822098e+01 4.479234695434570312e+01 3.529854202270507812e+01
2.027966289520263672e+02 6.565623092651388504e+01 4.651082992553710938e+01 3.506369018554687500e+01
2.023184089660644531e+02 6.522795867919943191e+01 4.907298278808593750e+01 3.796018218994140625e+01
2.042336063385009766e+02 6.388183212280294754e+01 4.988751602172851562e+01 3.901353454589843750e+01
2.079145851135253906e+02 6.568067741394064285e+01 4.657609558105468750e+01 3.702079391479492188e+01
2.074959049224853516e+02 6.582527732849142410e+01 4.825951004028320312e+01 3.494033432006835938e+01
2.028934555053710938e+02 6.612246322631857254e+01 5.164430999755859375e+01 3.596130371093750000e+01
2.023730010986328125e+02 6.643532562255880691e+01 5.094356536865234375e+01 3.400975799560546875e+01
1.987679481506347656e+02 6.685581779480001785e+01 5.148889160156250000e+01 3.415389633178710938e+01
1.970538921356201172e+02 6.700191497802755691e+01 5.215966415405273438e+01 3.504001617431640625e+01
1.989033489227294922e+02 6.535674667358419754e+01 5.096998214721679688e+01 3.443939208984375000e+01
2.021290416717529297e+02 6.539184379577658035e+01 4.785432052612304688e+01 3.388724899291992188e+01
1.978101177215576172e+02 6.483917427063009598e+01 5.355424118041992188e+01 3.387459182739257812e+01
1.978601207733154297e+02 6.166098785400411941e+01 5.332618331909179688e+01 3.719802093505859375e+01
1.949558200836181641e+02 5.775123977661154129e+01 5.495672988891601562e+01 3.728614807128906250e+01
1.954254856109619141e+02 5.639793014526388504e+01 5.639224624633789062e+01 3.775898742675781250e+01
2.000976371765136719e+02 5.446665382385275223e+01 5.044212341308593750e+01 3.457590103149414062e+01
1.957924251556396484e+02 5.280676460266134598e+01 5.506414413452148438e+01 3.348782730102539062e+01
1.976191673278808594e+02 5.164513206481954910e+01 5.435743713378906250e+01 3.298403549194335938e+01
1.980734767913818359e+02 5.181790542602560379e+01 5.004563522338867188e+01 3.221919250488281250e+01
1.991702651977539062e+02 5.135383129119894363e+01 5.347132110595703125e+01 3.176396369934082031e+01
1.955794792175292969e+02 5.000311279296896316e+01 5.377783203125000000e+01 3.221276092529296875e+01
1.885413913726806641e+02 5.053491592407247879e+01 5.960721206665039062e+01 3.292282104492187500e+01
1.847539615631103516e+02 4.797466659545919754e+01 5.727251052856445312e+01 4.332194519042968750e+01
1.732121791839599609e+02 4.838948249816915848e+01 6.173485946655273438e+01 5.099396133422851562e+01
1.764281539916992188e+02 7.169324874877951004e+01 5.678839874267578125e+01 3.993739318847656250e+01
1.771253662109375000e+02 7.337038421630880691e+01 5.603574371337890625e+01 4.004817962646484375e+01
1.793345222473144531e+02 7.818806838989279129e+01 5.482899475097656250e+01 3.929603576660156250e+01
1.766715393066406250e+02 7.159453392028831331e+01 5.924596405029296875e+01 4.766939926147460938e+01
1.792252388000488281e+02 9.170739936828636019e+01 5.784730529785156250e+01 3.663382339477539062e+01
1.784494571685791016e+02 9.664734268188499300e+01 5.668432998657226562e+01 3.399034118652343750e+01
1.780803203582763672e+02 9.862745475769065706e+01 5.923751449584960938e+01 3.350603866577148438e+01
1.794725246429443359e+02 1.010941543579103836e+02 5.884302902221679688e+01 3.255834197998046875e+01
1.805425415039062500e+02 1.032640628814699539e+02 5.990291595458984375e+01 3.284448623657226562e+01
1.816233406066894531e+02 1.054446029663088211e+02 6.140896606445312500e+01 3.693465423583984375e+01
1.885678882598876953e+02 1.181998996734621414e+02 3.815381240844726562e+01 5.619829177856445312e+01
1.892988414764404297e+02 1.189045715332033524e+02 4.781686019897460938e+01 5.314513397216796875e+01
1.845030269622802734e+02 1.197096443176271805e+02 3.763932418823242188e+01 5.271133422851562500e+01
1.861455249786376953e+02 1.182865791320803055e+02 5.434086990356445312e+01 4.969850158691406250e+01
1.882807044982910156e+02 1.162312927246096024e+02 5.975016784667968750e+01 4.982524871826171875e+01
1.843874988555908203e+02 1.132629203796388992e+02 6.071556472778320312e+01 5.323043823242187500e+01
1.850159187316894531e+02 1.132742919921877274e+02 6.195385742187500000e+01 4.794367218017578125e+01
1.858662490844726562e+02 1.158461856842043289e+02 8.013234710693359375e+01 5.729027175903320312e+01
1.875549316406250000e+02 1.133324680328371414e+02 5.562644195556640625e+01 6.037736892700195312e+01
1.869241390228271484e+02 1.138831958770754227e+02 5.961187362670898438e+01 6.029626846313476562e+01
1.854281921386718750e+02 1.132937602996828446e+02 6.009229278564453125e+01 5.487351608276367188e+01
1.855626716613769531e+02 1.170613842010500321e+02 6.019163513183593750e+01 4.091755294799804688e+01
1.852827262878417969e+02 1.171261634826662430e+02 7.558358764648437500e+01 6.002157592773437500e+01
1.863449401855468750e+02 1.193520679473879227e+02 7.146733856201171875e+01 5.227161026000976562e+01
1.869033107757568359e+02 1.204339771270754227e+02 5.004883956909179688e+01 5.471831130981445312e+01
1.891703529357910156e+02 1.234245529174806961e+02 7.206517028808593750e+01 5.221701812744140625e+01
