2.930000000000000000e+02 1.550000000000000000e+02 2.900000000000000000e+01 3.000000000000000000e+01
2.934102497100830078e+02 1.540482616424560547e+02 2.956782913208007812e+01 2.922174453735351562e+01
2.932093448638916016e+02 1.536201934814453125e+02 2.929462814331054688e+01 2.921615600585937500e+01
2.929342470169067383e+02 1.543258838653564453e+02 2.911299705505371094e+01 2.925924301147460938e+01
2.930129537582397461e+02 1.546364278793334961e+02 2.934684181213378906e+01 2.915834999084472656e+01
2.926291713714599609e+02 1.541134834289550781e+02 2.946474838256835938e+01 2.925139617919921875e+01
2.932086353302001953e+02 1.537358522415161133e+02 2.940728378295898438e+01 2.931741905212402344e+01
2.930224246978759766e+02 1.545613193511962891e+02 2.913139724731445312e+01 2.920652389526367188e+01
2.931098442077636719e+02 1.536356039047241211e+02 2.953607177734375000e+01 2.917167091369628906e+01
2.929789400100708008e+02 1.543201808929443359e+02 2.913287162780761719e+01 2.929220962524414062e+01
2.930396203994750977e+02 1.545375356674194336e+02 2.942928886413574219e+01 2.920704078674316406e+01
2.927193269729614258e+02 1.541199216842651367e+02 2.938195610046386719e+01 2.917978858947753906e+01
2.932815876007080078e+02 1.536579904556274414e+02 2.944805526733398438e+01 2.930290031433105469e+01
2.929963817596435547e+02 1.544448823928833008e+02 2.931782913208007812e+01 2.918821525573730469e+01
2.925796127319335938e+02 1.539365644454956055e+02 2.944358062744140625e+01 2.928273200988769531e+01
2.931479959487915039e+02 1.534998722076416016e+02 2.949051475524902344e+01 2.934727096557617188e+01
2.929261960983276367e+02 1.542956876754760742e+02 2.922776985168457031e+01 2.921944618225097656e+01
2.930434999465942383e+02 1.545454006195068359e+02 2.928631401062011719e+01 2.921480178833007812e+01
2.927356662750244141e+02 1.540727319717407227e+02 2.927896499633789062e+01 2.920590782165527344e+01
2.929180488586425781e+02 1.542611284255981445e+02 2.925919342041015625e+01 2.926707267761230469e+01
2.925659942626953125e+02 1.538392305374145508e+02 2.934421539306640625e+01 2.922483634948730469e+01
2.931686840057373047e+02 1.546712045669555664e+02 2.934599685668945312e+01 2.933173179626464844e+01
2.928705167770385742e+02 1.542510652542114258e+02 2.941775703430175781e+01 2.927412223815917969e+01
2.926072673797607422e+02 1.538350706100463867e+02 2.939247512817382812e+01 2.926486396789550781e+01
2.933978033065795898e+02 1.547453241348266602e+02 2.915281867980957031e+01 2.920359611511230469e+01
2.936521339416503906e+02 1.538757514953613281e+02 2.948624420166015625e+01 2.910762023925781250e+01
2.936070814132690430e+02 1.545233564376831055e+02 2.914875221252441406e+01 2.933649635314941406e+01
2.930774593353271484e+02 1.539208736419677734e+02 2.895109939575195312e+01 2.883440780639648438e+01
2.928617858886718750e+02 1.545046329498291016e+02 2.898017120361328125e+01 2.927847671508789062e+01
2.930631637573242188e+02 1.537412281036376953e+02 2.944113159179687500e+01 2.898151016235351562e+01
2.934642400741577148e+02 1.538388423919677734e+02 2.941002845764160156e+01 2.926503372192382812e+01
2.933851051330566406e+02 1.545902881622314453e+02 2.917546844482421875e+01 2.926194381713867188e+01
2.937012968063354492e+02 1.537598333358764648e+02 2.938276863098144531e+01 2.907537269592285156e+01
2.933921661376953125e+02 1.538498620986938477e+02 2.889687347412109375e+01 2.908998680114746094e+01
2.942179660797119141e+02 1.534331798553466797e+02 2.906507492065429688e+01 2.881018447875976562e+01
2.947132062911987305e+02 1.523440675735473633e+02 2.923741340637207031e+01 2.876883506774902344e+01
2.955796203613281250e+02 1.516635723114013672e+02 2.921520996093750000e+01 2.905269241333007812e+01
2.960285310745239258e+02 1.506633081436157227e+02 2.920284843444824219e+01 2.868757438659667969e+01
2.962627344131469727e+02 1.509446153640747070e+02 2.885851097106933594e+01 2.911259269714355469e+01
2.961989164352416992e+02 1.503279266357421875e+02 2.907239723205566406e+01 2.886985015869140625e+01
2.963311405181884766e+02 1.506687822341918945e+02 2.885720443725585938e+01 2.909238243103027344e+01
2.964262485504150391e+02 1.511228837966918945e+02 2.887416458129882812e+01 2.918822288513183594e+01
2.967474527359008789e+02 1.509812297821044922e+02 2.919727897644042969e+01 2.904563522338867188e+01
2.963963356018066406e+02 1.508454208374023438e+02 2.892252349853515625e+01 2.910587310791015625e+01
2.966861763000488281e+02 1.506423816680908203e+02 2.932330322265625000e+01 2.908033370971679688e+01
2.963489370346069336e+02 1.505135335922241211e+02 2.912993049621582031e+01 2.909598731994628906e+01
2.967491922378540039e+02 1.502591638565063477e+02 2.930489921569824219e+01 2.913598442077636719e+01
2.964777460098266602e+02 1.512250576019287109e+02 2.879770469665527344e+01 2.941394424438476562e+01
2.966672334671020508e+02 1.511986265182495117e+02 2.939410972595214844e+01 2.902320289611816406e+01
2.963499088287353516e+02 1.510970449447631836e+02 2.907336044311523438e+01 2.897902870178222656e+01
2.967467422485351562e+02 1.508622589111328125e+02 2.924366760253906250e+01 2.903468322753906250e+01
2.963741378784179688e+02 1.507320861816406250e+02 2.908161926269531250e+01 2.906842041015625000e+01
2.966314392089843750e+02 1.505396175384521484e+02 2.954426574707031250e+01 2.910875320434570312e+01
2.969251890182495117e+02 1.509537553787231445e+02 2.896325111389160156e+01 2.929449272155761719e+01
2.964746503829956055e+02 1.510211925506591797e+02 2.906897926330566406e+01 2.900075912475585938e+01
2.960316238403320312e+02 1.509010190963745117e+02 2.916456604003906250e+01 2.901112556457519531e+01
2.964313735961914062e+02 1.507205705642700195e+02 2.934127044677734375e+01 2.904990196228027344e+01
2.960917816162109375e+02 1.506118440628051758e+02 2.898870086669921875e+01 2.899890708923339844e+01
2.961171379089355469e+02 1.510455331802368164e+02 2.903617095947265625e+01 2.908379936218261719e+01
2.964083642959594727e+02 1.507994241714477539e+02 2.941936302185058594e+01 2.916136741638183594e+01
2.966019840240478516e+02 1.512105026245117188e+02 2.898807144165039062e+01 2.926540374755859375e+01
2.959400739669799805e+02 1.511002883911132812e+02 2.919913673400878906e+01 2.909856414794921875e+01
2.963021450042724609e+02 1.508266420364379883e+02 2.925590896606445312e+01 2.921905326843261719e+01
2.965902700424194336e+02 1.506320619583129883e+02 2.959561347961425781e+01 2.921069145202636719e+01
2.966397390365600586e+02 1.510764684677124023e+02 2.919561958312988281e+01 2.928139686584472656e+01
2.960579185485839844e+02 1.509749698638916016e+02 2.923072814941406250e+01 2.909388351440429688e+01
2.964403142929077148e+02 1.507009429931640625e+02 2.939326667785644531e+01 2.924567413330078125e+01
2.964531126022338867e+02 1.511776113510131836e+02 2.929911231994628906e+01 2.922148323059082031e+01
2.962669639587402344e+02 1.504132366180419922e+02 2.938028717041015625e+01 2.916018295288085938e+01
2.963177833557128906e+02 1.508010663986206055e+02 2.900830841064453125e+01 2.933857917785644531e+01
2.966000833511352539e+02 1.507203207015991211e+02 2.936108207702636719e+01 2.921514320373535156e+01
2.966093082427978516e+02 1.512762012481689453e+02 2.910569381713867188e+01 2.920604324340820312e+01
2.960275421142578125e+02 1.513088607788085938e+02 2.909804534912109375e+01 2.928887939453125000e+01
2.965985546112060547e+02 1.523367986679077148e+02 2.890039443969726562e+01 2.864354896545410156e+01
2.967598934173583984e+02 1.513858880996704102e+02 2.819932937622070312e+01 2.894706535339355469e+01
2.969517574310302734e+02 1.526248340606689453e+02 2.910819625854492188e+01 2.876580429077148438e+01
2.990024652481079102e+02 1.523182849884033203e+02 2.589275932312011719e+01 2.676993942260742188e+01
2.970831861495971680e+02 1.511996755599975586e+02 2.792629432678222656e+01 2.798900032043457031e+01
2.969593753814697266e+02 1.522988128662109375e+02 2.916386032104492188e+01 2.827544403076171875e+01
2.971514177322387695e+02 1.525097417831420898e+02 2.952337455749511719e+01 2.875309944152832031e+01
2.978691539764404297e+02 1.526688585281372070e+02 2.842438888549804688e+01 2.895922660827636719e+01
2.984750099182128906e+02 1.522611923217773438e+02 2.739035797119140625e+01 2.898022460937500000e+01
3.012334489822387695e+02 1.522552328109741211e+02 2.672097587585449219e+01 3.011524391174316406e+01
3.025440378189086914e+02 1.512549676895141602e+02 2.609351158142089844e+01 3.017416191101074219e+01
3.010483961105346680e+02 1.498727197647094727e+02 2.609152412414550781e+01 3.046089744567871094e+01
2.958537578582763672e+02 1.477007932662963867e+02 2.588318252563476562e+01 3.104891395568847656e+01
2.904874877929687500e+02 1.484849815368652344e+02 2.516242980957031250e+01 3.073255920410156250e+01
2.821270713806152344e+02 1.474401855468750000e+02 2.640058135986328125e+01 3.263896179199218750e+01
2.736244859695434570e+02 1.475650968551635742e+02 2.604656791687011719e+01 3.176172828674316406e+01
2.624972066879272461e+02 1.479382085800170898e+02 2.686626625061035156e+01 3.181393623352050781e+01
2.531405162811279297e+02 1.482843341827392578e+02 2.660153579711914062e+01 3.072948837280273438e+01
2.442755699157714844e+02 1.477198257446289062e+02 2.839855957031250000e+01 3.214378356933593750e+01
2.353835430145263672e+02 1.473339214324951172e+02 3.017877578735351562e+01 3.331962203979492188e+01
2.276378955841064453e+02 1.471087989807128906e+02 3.022157669067382812e+01 3.214892578125000000e+01
2.141999664306640625e+02 1.576614046096801758e+02 3.236785888671875000e+01 3.156944084167480469e+01
2.002890205383300781e+02 1.663378067016601562e+02 2.803553009033203125e+01 2.732028961181640625e+01
2.062335767745971680e+02 1.652955532073974609e+02 2.728844642639160156e+01 2.632168960571289062e+01
2.017229766845703125e+02 1.601677484512329102e+02 3.579427337646484375e+01 2.960893821716308594e+01
2.106777305603027344e+02 1.551890659332275391e+02 3.046343994140625000e+01 3.057286453247070312e+01
2.165185508728027344e+02 1.517256660461425781e+02 2.956420898437500000e+01 3.061771392822265625e+01
2.161611642837524414e+02 1.516908712387084961e+02 2.950936698913574219e+01 3.023601722717285156e+01
2.161461668014526367e+02 1.522859344482421875e+02 2.893885231018066406e+01 2.973854827880859375e+01
2.158848733901977539e+02 1.524399785995483398e+02 2.919536399841308594e+01 2.995424842834472656e+01
2.161692857742309570e+02 1.520009269714355469e+02 2.901132774353027344e+01 3.008795928955078125e+01
2.163049888610839844e+02 1.517430305480957031e+02 2.889878082275390625e+01 2.995314788818359375e+01
2.159951581954956055e+02 1.520524921417236328e+02 2.919085884094238281e+01 2.995975875854492188e+01
2.162499160766601562e+02 1.517426376342773438e+02 2.898635864257812500e+01 2.996111297607421875e+01
2.159192152023315430e+02 1.532792224884033203e+02 2.895376777648925781e+01 2.872684097290039062e+01
2.164983329772949219e+02 1.528710527420043945e+02 2.881572723388671875e+01 2.894167900085449219e+01
2.161089410781860352e+02 1.545781755447387695e+02 2.912579917907714844e+01 2.780771446228027344e+01
2.159306125640869141e+02 1.551723909378051758e+02 2.929044723510742188e+01 2.731014823913574219e+01
2.154315929412841797e+02 1.543535003662109375e+02 3.024322891235351562e+01 2.811515808105468750e+01
2.160976037979125977e+02 1.541474065780639648e+02 2.962211418151855469e+01 2.829755592346191406e+01
2.160117492675781250e+02 1.547942495346069336e+02 2.945709991455078125e+01 2.768531227111816406e+01
2.163974275588989258e+02 1.547100048065185547e+02 2.952931022644042969e+01 2.778635025024414062e+01
2.158887691497802734e+02 1.544597663879394531e+02 3.013631820678710938e+01 2.801980590820312500e+01
2.166639308929443359e+02 1.540790557861328125e+02 2.950392532348632812e+01 2.828681945800781250e+01
2.167690143585205078e+02 1.544433469772338867e+02 2.915960311889648438e+01 2.817106819152832031e+01
2.161461629867553711e+02 1.541129665374755859e+02 2.980045509338378906e+01 2.848953628540039062e+01
2.155124521255493164e+02 1.544248256683349609e+02 3.028719902038574219e+01 2.875617599487304688e+01
2.166926364898681641e+02 1.560870962142944336e+02 2.697243118286132812e+01 2.826808357238769531e+01
2.170030794143676758e+02 1.561557455062866211e+02 2.459692955017089844e+01 2.771116828918457031e+01
2.178964242935180664e+02 1.542117109298706055e+02 2.448104667663574219e+01 3.004870033264160156e+01
2.139212255477905273e+02 1.539249181747436523e+02 2.364288520812988281e+01 2.981299018859863281e+01
2.099748010635375977e+02 1.565733222961425781e+02 2.883870506286621094e+01 2.894799041748046875e+01
2.088996934890747070e+02 1.557611312866210938e+02 2.972907829284667969e+01 2.919873046875000000e+01
2.082656736373901367e+02 1.561871404647827148e+02 2.904719734191894531e+01 2.883448982238769531e+01
2.079627885818481445e+02 1.550893726348876953e+02 2.877448844909667969e+01 2.888854598999023438e+01
2.084655790328979492e+02 1.546530885696411133e+02 2.792870521545410156e+01 2.911585044860839844e+01
2.080829200744628906e+02 1.544676856994628906e+02 2.833351898193359375e+01 2.930262756347656250e+01
2.084430303573608398e+02 1.555666713714599609e+02 2.821116065979003906e+01 2.880678176879882812e+01
2.082038879394531250e+02 1.552512750625610352e+02 2.834770965576171875e+01 2.930899620056152344e+01
2.084819221496582031e+02 1.549346218109130859e+02 2.802662658691406250e+01 2.910542678833007812e+01
2.081759176254272461e+02 1.547925071716308594e+02 2.810297584533691406e+01 2.923635864257812500e+01
2.078299093246459961e+02 1.547867422103881836e+02 2.817087745666503906e+01 2.928466224670410156e+01
2.083988132476806641e+02 1.551645975112915039e+02 2.777647781372070312e+01 2.889047813415527344e+01
2.083608646392822266e+02 1.549182300567626953e+02 2.793702316284179688e+01 2.881156539916992188e+01
2.084838123321533203e+02 1.557648601531982422e+02 2.803216171264648438e+01 2.903467941284179688e+01
2.080538578033447266e+02 1.550013341903686523e+02 2.837243270874023438e+01 2.895497322082519531e+01
2.078386325836181641e+02 1.550451774597167969e+02 2.834988021850585938e+01 2.910343170166015625e+01
2.076756267547607422e+02 1.551664400100708008e+02 2.818310165405273438e+01 2.906014823913574219e+01
2.082533054351806641e+02 1.552366962432861328e+02 2.806039047241210938e+01 2.924867630004882812e+01
2.078716621398925781e+02 1.554445619583129883e+02 2.842455291748046875e+01 2.898142051696777344e+01
2.077387905120849609e+02 1.554510946273803711e+02 2.852715682983398438e+01 2.903988075256347656e+01
2.081446743011474609e+02 1.553602323532104492e+02 2.799241256713867188e+01 2.883716773986816406e+01
2.083590173721313477e+02 1.550654783248901367e+02 2.795918846130371094e+01 2.874260902404785156e+01
2.087117729187011719e+02 1.556010398864746094e+02 2.853327178955078125e+01 2.960979461669921875e+01
2.088649778366088867e+02 1.553889245986938477e+02 2.846737861633300781e+01 2.884292411804199219e+01
2.082006216049194336e+02 1.565809583663940430e+02 2.860396766662597656e+01 2.826798439025878906e+01
2.079143314361572266e+02 1.550766839981079102e+02 2.840922164916992188e+01 2.892519187927246094e+01
2.082786436080932617e+02 1.551457090377807617e+02 2.804294776916503906e+01 2.920708656311035156e+01
2.082489795684814453e+02 1.550930023193359375e+02 2.921222305297851562e+01 2.944831085205078125e+01
2.086463069915771484e+02 1.547289609909057617e+02 2.926493453979492188e+01 2.969624519348144531e+01
2.086735458374023438e+02 1.545834779739379883e+02 2.930323028564453125e+01 2.953091239929199219e+01
2.087474040985107422e+02 1.564991960525512695e+02 2.809169387817382812e+01 2.814459037780761719e+01
2.085481233596801758e+02 1.558092117309570312e+02 2.735649681091308594e+01 2.832873535156250000e+01
2.083789806365966797e+02 1.555842933654785156e+02 2.731616592407226562e+01 2.874050903320312500e+01
2.077891330718994141e+02 1.557347602844238281e+02 2.732445907592773438e+01 2.896374511718750000e+01
2.079906616210937500e+02 1.551148557662963867e+02 2.783472442626953125e+01 2.870757484436035156e+01
2.078668413162231445e+02 1.559910182952880859e+02 2.766023063659667969e+01 2.872291183471679688e+01
2.082157268524169922e+02 1.552952451705932617e+02 2.731676101684570312e+01 2.857793617248535156e+01
2.079367818832397461e+02 1.553487548828125000e+02 2.730397987365722656e+01 2.828028869628906250e+01
2.077434988021850586e+02 1.560288600921630859e+02 2.759898567199707031e+01 2.917002487182617188e+01
2.077204532623291016e+02 1.551186971664428711e+02 2.795284652709960938e+01 2.880259895324707031e+01
2.078936138153076172e+02 1.550337285995483398e+02 2.748624801635742188e+01 2.872590827941894531e+01
2.082348279953002930e+02 1.553666543960571289e+02 2.730238533020019531e+01 2.892076683044433594e+01
2.084661521911621094e+02 1.561622447967529297e+02 2.734033203125000000e+01 2.860823440551757812e+01
2.083231821060180664e+02 1.562362184524536133e+02 2.725938224792480469e+01 2.842580223083496094e+01
2.080936756134033203e+02 1.561613883972167969e+02 2.748429489135742188e+01 2.850428771972656250e+01
2.080605020523071289e+02 1.562411012649536133e+02 2.737531852722167969e+01 2.835487937927246094e+01
2.079412946701049805e+02 1.563527803421020508e+02 2.731793403625488281e+01 2.831471061706542969e+01
2.079233274459838867e+02 1.549496622085571289e+02 2.781028175354003906e+01 2.879813957214355469e+01
2.080773296356201172e+02 1.559883270263671875e+02 2.746529769897460938e+01 2.872883605957031250e+01
2.085669975280761719e+02 1.555620670318603516e+02 2.728454589843750000e+01 2.845940780639648438e+01
2.085324316024780273e+02 1.555938129425048828e+02 2.728504371643066406e+01 2.837948226928710938e+01
2.084518270492553711e+02 1.555932531356811523e+02 2.717805671691894531e+01 2.839560127258300781e+01
2.083270921707153320e+02 1.557278184890747070e+02 2.733439445495605469e+01 2.823009300231933594e+01
2.082671909332275391e+02 1.558916730880737305e+02 2.724419021606445312e+01 2.822446632385253906e+01
2.086716861724853516e+02 1.549627428054809570e+02 2.736006546020507812e+01 2.880717277526855469e+01
2.081865739822387695e+02 1.567067737579345703e+02 2.853149986267089844e+01 2.778930282592773438e+01
2.082586221694946289e+02 1.560358152389526367e+02 2.944631767272949219e+01 2.846928596496582031e+01
2.082384757995605469e+02 1.561074972152709961e+02 2.846786499023437500e+01 2.840760231018066406e+01
2.089753713607788086e+02 1.562923774719238281e+02 2.777926826477050781e+01 2.827472686767578125e+01
2.053973779678344727e+02 1.570547704696655273e+02 2.849457359313964844e+01 2.823420143127441406e+01
2.018237476348876953e+02 1.586245584487915039e+02 2.686750411987304688e+01 2.780567741394042969e+01
2.006194152832031250e+02 1.584479761123657227e+02 2.693276977539062500e+01 2.717097282409667969e+01
2.002006053924560547e+02 1.587539815902709961e+02 2.648723983764648438e+01 2.702948951721191406e+01
2.004198980331420898e+02 1.593667411804199219e+02 2.706550025939941406e+01 2.714180755615234375e+01
2.006360387802124023e+02 1.595959787368774414e+02 2.688229560852050781e+01 2.699295616149902344e+01
2.002717046737670898e+02 1.593707485198974609e+02 2.675348854064941406e+01 2.683939743041992188e+01
1.999616546630859375e+02 1.591175231933593750e+02 2.672040557861328125e+01 2.680464935302734375e+01
2.003925971984863281e+02 1.586837797164916992e+02 2.677414703369140625e+01 2.693460273742675781e+01
1.995320434570312500e+02 1.593516731262207031e+02 2.706758880615234375e+01 2.729618072509765625e+01
1.984177875518798828e+02 1.596420536041259766e+02 2.805237960815429688e+01 2.743025588989257812e+01
1.986766824722290039e+02 1.588008384704589844e+02 2.758392906188964844e+01 2.785710906982421875e+01
1.987468357086181641e+02 1.593864955902099609e+02 2.710683059692382812e+01 2.789621353149414062e+01
1.989504995346069336e+02 1.593679332733154297e+02 2.681962776184082031e+01 2.768122482299804688e+01
1.986275005340576172e+02 1.590068931579589844e+02 2.699417495727539062e+01 2.724638366699218750e+01
1.984958715438842773e+02 1.596270446777343750e+02 2.718873786926269531e+01 2.725491333007812500e+01
1.982794923782348633e+02 1.593542041778564453e+02 2.708022880554199219e+01 2.698855209350585938e+01
1.988713054656982422e+02 1.596375398635864258e+02 2.717279434204101562e+01 2.733778190612792969e+01
1.991838388442993164e+02 1.598467502593994141e+02 2.701408958435058594e+01 2.733492660522460938e+01
1.991094579696655273e+02 1.596384935379028320e+02 2.701045417785644531e+01 2.714118003845214844e+01
1.989586067199707031e+02 1.592337207794189453e+02 2.702823638916015625e+01 2.711310195922851562e+01
1.996046648025512695e+02 1.603861246109008789e+02 2.676497459411621094e+01 2.774432945251464844e+01
2.006955575942993164e+02 1.630465946197509766e+02 2.710127067565917969e+01 2.732674026489257812e+01
2.022466030120849609e+02 1.641188774108886719e+02 2.681220626831054688e+01 2.741810607910156250e+01
2.059938993453979492e+02 1.680177087783813477e+02 2.652118110656738281e+01 2.716847801208496094e+01
2.081244697570800781e+02 1.707082099914550781e+02 2.721804046630859375e+01 2.710250091552734375e+01
2.084079523086547852e+02 1.725101718902587891e+02 2.657162284851074219e+01 2.721746444702148438e+01
2.075839166641235352e+02 1.726242055892944336e+02 2.700775718688964844e+01 2.646512031555175781e+01
2.056296529769897461e+02 1.703908843994140625e+02 2.835002326965332031e+01 2.994017791748046875e+01
2.045793180465698242e+02 1.705021734237670898e+02 2.943676948547363281e+01 3.015244483947753906e+01
2.045259027481079102e+02 1.713676986694335938e+02 2.984195518493652344e+01 3.203561401367187500e+01
2.061533575057983398e+02 1.749188232421875000e+02 3.037223243713378906e+01 3.245256042480468750e+01
2.067979145050048828e+02 1.764928703308105469e+02 3.035023117065429688e+01 3.225514984130859375e+01
2.082273569107055664e+02 1.811258258819580078e+02 3.046052360534667969e+01 3.040368270874023438e+01
2.105631790161132812e+02 1.924372282028198242e+02 2.918311309814453125e+01 2.986347389221191406e+01
2.123909292221069336e+02 1.964385051727294922e+02 3.033992958068847656e+01 3.022334671020507812e+01
2.245698986053466797e+02 2.199589605331420898e+02 2.812064743041992188e+01 2.935341072082519531e+01
2.245000505447387695e+02 2.206865997314453125e+02 2.927908897399902344e+01 2.994863128662109375e+01
2.242197685241699219e+02 2.203753576278686523e+02 2.820178222656250000e+01 2.908986854553222656e+01
2.245609283447265625e+02 2.209547634124755859e+02 2.886779785156250000e+01 2.924419021606445312e+01
2.261155757904052734e+02 2.233929119110107422e+02 2.976877212524414062e+01 2.962682723999023438e+01
2.269681949615478516e+02 2.243939743041992188e+02 2.799802017211914062e+01 2.938803100585937500e+01
2.269575290679931641e+02 2.244120426177978516e+02 2.834777450561523438e+01 2.947230911254882812e+01
2.270622596740722656e+02 2.248901042938232422e+02 2.761180114746093750e+01 2.923839187622070312e+01
2.264120941162109375e+02 2.247478113174438477e+02 2.807212829589843750e+01 2.900775718688964844e+01
2.264502124786376953e+02 2.244318227767944336e+02 2.818605422973632812e+01 2.962505531311035156e+01
2.265535173416137695e+02 2.248627910614013672e+02 2.753587913513183594e+01 2.929269027709960938e+01
2.266361522674560547e+02 2.245192260742187500e+02 2.858897018432617188e+01 2.928890228271484375e+01
2.268145132064819336e+02 2.248811979293823242e+02 2.761985206604003906e+01 2.949016761779785156e+01
2.275441570281982422e+02 2.245297451019287109e+02 2.720269393920898438e+01 2.877154159545898438e+01
2.285759105682373047e+02 2.239173717498779297e+02 2.609343338012695312e+01 2.830679702758789062e+01
2.281326065063476562e+02 2.234981966018676758e+02 2.643997955322265625e+01 2.810985374450683594e+01
2.285205593109130859e+02 2.233444633483886719e+02 2.665397262573242188e+01 2.841315460205078125e+01
2.286291131973266602e+02 2.236564359664916992e+02 2.651996421813964844e+01 2.866801643371582031e+01
2.286792411804199219e+02 2.240632410049438477e+02 2.635984039306640625e+01 2.874548149108886719e+01
2.286772050857543945e+02 2.233956403732299805e+02 2.628249168395996094e+01 2.854494667053222656e+01
2.282255229949951172e+02 2.231753139495849609e+02 2.619672012329101562e+01 2.894823074340820312e+01
2.279610853195190430e+02 2.235881423950195312e+02 2.666549873352050781e+01 2.909536743164062500e+01
2.279006681442260742e+02 2.234708957672119141e+02 2.660811805725097656e+01 2.903626632690429688e+01
2.266279697418212891e+02 2.227250623703002930e+02 2.674626541137695312e+01 2.642520332336425781e+01
2.149617242813110352e+02 2.017390766143798828e+02 2.825132560729980469e+01 2.847960281372070312e+01
2.153658151626586914e+02 2.016543512344360352e+02 2.911005210876464844e+01 2.892224693298339844e+01
2.162760858535766602e+02 2.012272520065307617e+02 2.760704612731933594e+01 2.889837837219238281e+01
2.159187555313110352e+02 2.010299806594848633e+02 3.118231773376464844e+01 2.665309715270996094e+01
2.143371658325195312e+02 2.014064731597900391e+02 2.786365509033203125e+01 2.697321701049804688e+01
2.150728034973144531e+02 1.999155740737915039e+02 2.703878784179687500e+01 2.459982872009277344e+01
2.148245210647583008e+02 2.022480964660644531e+02 2.589253807067871094e+01 2.368424224853515625e+01
2.153750476837158203e+02 2.019488086700439453e+02 2.590050125122070312e+01 2.369550704956054688e+01
2.161093778610229492e+02 2.023490028381347656e+02 2.839904212951660156e+01 2.295628356933593750e+01
2.191282520294189453e+02 2.055546846389770508e+02 2.506319046020507812e+01 1.940343284606933594e+01
2.224666566848754883e+02 2.115760183334350586e+02 2.165369987487792969e+01 2.238879585266113281e+01
2.199661149978637695e+02 2.114147996902465820e+02 2.036942863464355469e+01 2.215175437927246094e+01
2.223847293853759766e+02 2.068762817382812500e+02 1.935725021362304688e+01 2.068999481201171875e+01
2.236483030319213867e+02 2.055445613861083984e+02 1.990906715393066406e+01 2.127065658569335938e+01
2.237985782623291016e+02 2.059340400695800781e+02 1.943594741821289062e+01 2.048674011230468750e+01
2.243039588928222656e+02 2.065111694335937500e+02 1.943967437744140625e+01 1.997860717773437500e+01
2.258370475769042969e+02 2.066039934158325195e+02 2.001702880859375000e+01 2.075396537780761719e+01
2.273671388626098633e+02 2.077589197158813477e+02 2.042310905456542969e+01 2.091962242126464844e+01
2.330233259201049805e+02 2.049363622665405273e+02 2.396106910705566406e+01 2.655346107482910156e+01
2.362210664749145508e+02 2.070465717315673828e+02 2.657156181335449219e+01 3.121403121948242188e+01
2.365142259597778320e+02 2.399920005798339844e+02 2.741660881042480469e+01 2.987088775634765625e+01
2.381249618530273438e+02 2.427551126480102539e+02 2.742150878906250000e+01 2.822019767761230469e+01
2.386938314437866211e+02 2.426650638580322266e+02 2.689422798156738281e+01 2.719861221313476562e+01
2.384603366851806641e+02 2.417423200607299805e+02 2.705385971069335938e+01 2.799120521545410156e+01
2.396081676483154297e+02 2.424913263320922852e+02 2.715698623657226562e+01 2.774993705749511719e+01
2.395758619308471680e+02 2.431285133361816406e+02 2.747012519836425781e+01 2.761930847167968750e+01
2.393920145034790039e+02 2.435000457763671875e+02 2.699268913269042969e+01 2.689979553222656250e+01
2.392706499099731445e+02 2.431794910430908203e+02 2.686884880065917969e+01 2.701916122436523438e+01
2.391302833557128906e+02 2.425628128051757812e+02 2.700008392333984375e+01 2.727221679687500000e+01
2.394252595901489258e+02 2.428761720657348633e+02 2.671631431579589844e+01 2.716333580017089844e+01
2.392622995376586914e+02 2.432042217254638672e+02 2.675527763366699219e+01 2.760473251342773438e+01
2.395892391204833984e+02 2.427461128234863281e+02 2.676076126098632812e+01 2.700188446044921875e+01
2.392733058929443359e+02 2.430036344528198242e+02 2.677572250366210938e+01 2.751415443420410156e+01
2.393927030563354492e+02 2.434991312026977539e+02 2.663779640197753906e+01 2.701862144470214844e+01
2.390400104522705078e+02 2.435025205612182617e+02 2.680463027954101562e+01 2.674164009094238281e+01
2.394846820831298828e+02 2.438374958038330078e+02 2.747531509399414062e+01 2.643704605102539062e+01
2.393315172195434570e+02 2.431406393051147461e+02 2.708541679382324219e+01 2.707688331604003906e+01
2.395062055587768555e+02 2.431427841186523438e+02 2.725175666809082031e+01 2.732372283935546875e+01
2.392462568283081055e+02 2.431834640502929688e+02 2.710664558410644531e+01 2.671900939941406250e+01
2.393797798156738281e+02 2.419325189590454102e+02 2.704389190673828125e+01 2.393133354187011719e+01
2.429569187164306641e+02 2.031364250183105469e+02 2.870825576782226562e+01 2.813321304321289062e+01
2.398566665649414062e+02 1.924259567260742188e+02 3.160631561279296875e+01 3.670639419555664062e+01
2.386158008575439453e+02 1.902471714019775391e+02 3.167593765258789062e+01 3.462063598632812500e+01
2.377816810607910156e+02 1.897627353668212891e+02 3.086985778808593750e+01 3.186851501464843750e+01
2.396693601608276367e+02 1.877176837921142578e+02 3.099714851379394531e+01 3.019332122802734375e+01
2.400087900161743164e+02 1.882485904693603516e+02 3.129036521911621094e+01 2.886282348632812500e+01
2.386145181655883789e+02 1.963268642425537109e+02 3.159499168395996094e+01 3.319068145751953125e+01
2.391611671447753906e+02 2.417871456146240234e+02 2.825801849365234375e+01 2.826398468017578125e+01
2.394597120285034180e+02 2.425302190780639648e+02 2.743439674377441406e+01 2.774974632263183594e+01
2.389357786178588867e+02 2.430929698944091797e+02 2.749105262756347656e+01 2.674480438232421875e+01
2.391424303054809570e+02 2.433047876358032227e+02 2.740363121032714844e+01 2.682318305969238281e+01
2.392564325332641602e+02 2.436444902420043945e+02 2.728719902038574219e+01 2.672180366516113281e+01
2.394972200393676758e+02 2.432112655639648438e+02 2.713607597351074219e+01 2.660705184936523438e+01
2.391055603027343750e+02 2.434306278228759766e+02 2.720394897460937500e+01 2.629565429687500000e+01
2.391416625976562500e+02 2.436686649322509766e+02 2.719583892822265625e+01 2.646070098876953125e+01
2.388066902160644531e+02 2.436856374740600586e+02 2.712046051025390625e+01 2.636430931091308594e+01
2.388139781951904297e+02 2.439530506134033203e+02 2.730558395385742188e+01 2.645874786376953125e+01
2.393960838317871094e+02 2.438742914199829102e+02 2.746216583251953125e+01 2.675649452209472656e+01
2.389165172576904297e+02 2.433720941543579102e+02 2.724303817749023438e+01 2.649365425109863281e+01
2.386853237152099609e+02 2.433437643051147461e+02 2.742105484008789062e+01 2.637727928161621094e+01
2.394540901184082031e+02 2.432320928573608398e+02 2.763042449951171875e+01 2.664925193786621094e+01
2.389396715164184570e+02 2.434207210540771484e+02 2.739835929870605469e+01 2.656093597412109375e+01
2.387201814651489258e+02 2.433233423233032227e+02 2.721212577819824219e+01 2.657187843322753906e+01
2.393100395202636719e+02 2.434485683441162109e+02 2.751982879638671875e+01 2.650061798095703125e+01
2.387703380584716797e+02 2.435929441452026367e+02 2.710071945190429688e+01 2.647118949890136719e+01
2.392727184295654297e+02 2.436225185394287109e+02 2.752532577514648438e+01 2.652001953125000000e+01
2.387553720474243164e+02 2.438061885833740234e+02 2.708386802673339844e+01 2.645088195800781250e+01
2.392839708328247070e+02 2.438477268218994141e+02 2.743424034118652344e+01 2.648730468750000000e+01
2.391292791366577148e+02 2.439471244812011719e+02 2.711857795715332031e+01 2.621529769897460938e+01
2.392909784317016602e+02 2.433949441909790039e+02 2.732015037536621094e+01 2.637182044982910156e+01
2.390710544586181641e+02 2.433267488479614258e+02 2.712029647827148438e+01 2.636100196838378906e+01
2.391701622009277344e+02 2.436985902786254883e+02 2.714904022216796875e+01 2.629252815246582031e+01
2.392374782562255859e+02 2.440057735443115234e+02 2.727465438842773438e+01 2.630914306640625000e+01
2.389792919158935547e+02 2.439008293151855469e+02 2.712115097045898438e+01 2.635347366333007812e+01
2.391846475601196289e+02 2.433614387512207031e+02 2.722418785095214844e+01 2.642708969116210938e+01
2.388777017593383789e+02 2.433721818923950195e+02 2.715934562683105469e+01 2.631388282775878906e+01
2.389672937393188477e+02 2.437444515228271484e+02 2.719501304626464844e+01 2.631077575683593750e+01
2.390742034912109375e+02 2.440866661071777344e+02 2.730579376220703125e+01 2.632688522338867188e+01
2.388251590728759766e+02 2.440241975784301758e+02 2.725934219360351562e+01 2.636351203918457031e+01
2.394649944305419922e+02 2.439639196395874023e+02 2.745411300659179688e+01 2.659852409362792969e+01
2.389776535034179688e+02 2.433371562957763672e+02 2.724507904052734375e+01 2.648947906494140625e+01
2.387226858139038086e+02 2.432676992416381836e+02 2.719899940490722656e+01 2.641834068298339844e+01
2.392343530654907227e+02 2.437085275650024414e+02 2.718200492858886719e+01 2.696193122863769531e+01
2.394287652969360352e+02 2.434734582901000977e+02 2.722410392761230469e+01 2.653559303283691406e+01
2.391286287307739258e+02 2.435911560058593750e+02 2.722221946716308594e+01 2.631143569946289062e+01
2.388343982696533203e+02 2.435578002929687500e+02 2.716038894653320312e+01 2.632772445678710938e+01
2.388651037216186523e+02 2.438989067077636719e+02 2.721267890930175781e+01 2.628321456909179688e+01
2.391170883178710938e+02 2.432524957656860352e+02 2.719409179687500000e+01 2.649164009094238281e+01
2.386619081497192383e+02 2.437910690307617188e+02 2.730935478210449219e+01 2.676363754272460938e+01
2.389498510360717773e+02 2.434406442642211914e+02 2.720414924621582031e+01 2.650296211242675781e+01
2.386517877578735352e+02 2.434443616867065430e+02 2.717716026306152344e+01 2.641442680358886719e+01
2.392420215606689453e+02 2.433718719482421875e+02 2.742443466186523438e+01 2.658824539184570312e+01
2.394377727508544922e+02 2.437762336730957031e+02 2.716041946411132812e+01 2.642211532592773438e+01
2.391242837905883789e+02 2.438534107208251953e+02 2.711054801940917969e+01 2.637907409667968750e+01
2.393216953277587891e+02 2.432514562606811523e+02 2.729215621948242188e+01 2.647429466247558594e+01
2.390034608840942383e+02 2.438007078170776367e+02 2.722751426696777344e+01 2.675321769714355469e+01
2.387170639038085938e+02 2.439741067886352539e+02 2.714262390136718750e+01 2.634546852111816406e+01
2.388959856033325195e+02 2.434180335998535156e+02 2.719701194763183594e+01 2.639651107788085938e+01
2.395130195617675781e+02 2.434137296676635742e+02 2.743057250976562500e+01 2.653758811950683594e+01
2.393839654922485352e+02 2.434610700607299805e+02 2.713392448425292969e+01 2.629881858825683594e+01
2.394557371139526367e+02 2.437397994995117188e+02 2.726584815979003906e+01 2.634203720092773438e+01
2.392389822006225586e+02 2.436370716094970703e+02 2.711489295959472656e+01 2.635497283935546875e+01
2.392698907852172852e+02 2.440359706878662109e+02 2.727989006042480469e+01 2.624715423583984375e+01
2.390017871856689453e+02 2.439337501525878906e+02 2.718597030639648438e+01 2.636938095092773438e+01
2.386847362518310547e+02 2.439591426849365234e+02 2.719826889038085938e+01 2.629027557373046875e+01
2.388539066314697266e+02 2.433356847763061523e+02 2.726121139526367188e+01 2.639033317565917969e+01
2.394945449829101562e+02 2.432831830978393555e+02 2.735649108886718750e+01 2.653989219665527344e+01
2.393066577911376953e+02 2.434126205444335938e+02 2.713963699340820312e+01 2.626424789428710938e+01
2.393551149368286133e+02 2.436799993515014648e+02 2.718594169616699219e+01 2.627432060241699219e+01
2.394389610290527344e+02 2.439754238128662109e+02 2.719436645507812500e+01 2.619689178466796875e+01
2.388011474609375000e+02 2.432864999771118164e+02 2.726264190673828125e+01 2.633031654357910156e+01
2.393224315643310547e+02 2.436970977783203125e+02 2.721635055541992188e+01 2.698534774780273438e+01
2.394828557968139648e+02 2.433632087707519531e+02 2.727987861633300781e+01 2.652328872680664062e+01
2.392573404312133789e+02 2.433529405593872070e+02 2.709420585632324219e+01 2.635420417785644531e+01
2.392562456130981445e+02 2.437220115661621094e+02 2.717104911804199219e+01 2.619984817504882812e+01
2.392841253280639648e+02 2.437153053283691406e+02 2.720199775695800781e+01 2.638930892944335938e+01
2.390045785903930664e+02 2.435937328338623047e+02 2.711367607116699219e+01 2.642597198486328125e+01
2.386334981918334961e+02 2.436137304306030273e+02 2.717438697814941406e+01 2.630504417419433594e+01
2.386376514434814453e+02 2.438019981384277344e+02 2.725889205932617188e+01 2.630556106567382812e+01
2.392486038208007812e+02 2.435985174179077148e+02 2.732748413085937500e+01 2.658801841735839844e+01
2.389763936996459961e+02 2.435771770477294922e+02 2.721352577209472656e+01 2.641458892822265625e+01
2.386372337341308594e+02 2.433686962127685547e+02 2.714294433593750000e+01 2.650009918212890625e+01
2.392743635177612305e+02 2.432968168258666992e+02 2.724436378479003906e+01 2.648460960388183594e+01
2.389365043640136719e+02 2.432947216033935547e+02 2.714768218994140625e+01 2.632604217529296875e+01
2.389664087295532227e+02 2.434721202850341797e+02 2.719338798522949219e+01 2.628952789306640625e+01
2.389373102188110352e+02 2.436547679901123047e+02 2.730303001403808594e+01 2.650184631347656250e+01
2.386114635467529297e+02 2.436925258636474609e+02 2.718636703491210938e+01 2.630364990234375000e+01
2.386562414169311523e+02 2.440078020095825195e+02 2.708835029602050781e+01 2.613721656799316406e+01
2.387165145874023438e+02 2.432683668136596680e+02 2.719046020507812500e+01 2.642792320251464844e+01
2.392525463104248047e+02 2.438741025924682617e+02 2.712109756469726562e+01 2.671591758728027344e+01
2.388242225646972656e+02 2.439990100860595703e+02 2.718825531005859375e+01 2.641519165039062500e+01
2.393587589263916016e+02 2.438839578628540039e+02 2.737336349487304688e+01 2.656241035461425781e+01
2.390931825637817383e+02 2.437802190780639648e+02 2.719412040710449219e+01 2.647917747497558594e+01
2.387792711257934570e+02 2.437142190933227539e+02 2.717308616638183594e+01 2.635592842102050781e+01
2.394105482101440430e+02 2.435015325546264648e+02 2.734422492980957031e+01 2.654385185241699219e+01
2.391446743011474609e+02 2.434561891555786133e+02 2.718306350708007812e+01 2.640982246398925781e+01
2.387831020355224609e+02 2.433103132247924805e+02 2.716913986206054688e+01 2.644092369079589844e+01
2.393828907012939453e+02 2.432156553268432617e+02 2.728575515747070312e+01 2.650996208190917969e+01
2.388748703002929688e+02 2.437873392105102539e+02 2.727954864501953125e+01 2.671609687805175781e+01
2.385012979507446289e+02 2.438223705291748047e+02 2.720827293395996094e+01 2.647222137451171875e+01
2.391192502975463867e+02 2.438442850112915039e+02 2.726864814758300781e+01 2.649715614318847656e+01
2.388860349655151367e+02 2.438631067276000977e+02 2.709322547912597656e+01 2.642808723449707031e+01
2.651146945953369141e+02 2.330169849395751953e+02 2.773304367065429688e+01 3.040071105957031250e+01
2.636817293167114258e+02 2.340182085037231445e+02 2.794923210144042969e+01 2.816404151916503906e+01
2.633861265182495117e+02 2.337469329833984375e+02 2.799942970275878906e+01 2.824480819702148438e+01
2.632718086242675781e+02 2.340264186859130859e+02 2.821711730957031250e+01 2.927928161621093750e+01
2.631131601333618164e+02 2.339217853546142578e+02 2.789694786071777344e+01 2.854770660400390625e+01
2.630701131820678711e+02 2.337378082275390625e+02 2.779882240295410156e+01 2.818883132934570312e+01
2.630486030578613281e+02 2.336617918014526367e+02 2.834188842773437500e+01 2.846753501892089844e+01
2.636265497207641602e+02 2.334843435287475586e+02 2.818288993835449219e+01 2.893054008483886719e+01
2.632877502441406250e+02 2.341521387100219727e+02 2.814810943603515625e+01 2.899125099182128906e+01
2.633633708953857422e+02 2.341904067993164062e+02 2.769870376586914062e+01 2.828972244262695312e+01
2.633828601837158203e+02 2.342008590698242188e+02 2.837051773071289062e+01 2.876721572875976562e+01
2.634658765792846680e+02 2.340003461837768555e+02 2.772142982482910156e+01 2.864201164245605469e+01
2.632346086502075195e+02 2.338932123184204102e+02 2.786870384216308594e+01 2.833545112609863281e+01
2.630035133361816406e+02 2.336373872756958008e+02 2.799308776855468750e+01 2.841678047180175781e+01
2.625566415786743164e+02 2.340924329757690430e+02 2.838769340515136719e+01 2.894637870788574219e+01
2.637398834228515625e+02 2.338463659286499023e+02 2.829920959472656250e+01 2.878697776794433594e+01
2.639483127593994141e+02 2.336535682678222656e+02 2.765660476684570312e+01 2.849849319458007812e+01
2.634597864151000977e+02 2.341130027770996094e+02 2.818026542663574219e+01 2.898722457885742188e+01
2.634517946243286133e+02 2.340540866851806641e+02 2.771055412292480469e+01 2.853785705566406250e+01
2.631707544326782227e+02 2.338738737106323242e+02 2.794022941589355469e+01 2.842200279235839844e+01
2.629478378295898438e+02 2.336848173141479492e+02 2.811309051513671875e+01 2.820807456970214844e+01
2.626286878585815430e+02 2.340055999755859375e+02 2.812780189514160156e+01 2.867016983032226562e+01
2.628853721618652344e+02 2.341509075164794922e+02 2.825208282470703125e+01 2.886070251464843750e+01
2.629711999893188477e+02 2.339053249359130859e+02 2.780399894714355469e+01 2.861072540283203125e+01
2.639570884704589844e+02 2.335160970687866211e+02 2.812629699707031250e+01 2.882430076599121094e+01
2.631215457916259766e+02 2.339991302490234375e+02 2.822230911254882812e+01 2.867202377319335938e+01
2.633633394241333008e+02 2.340891637802124023e+02 2.813913536071777344e+01 2.870595359802246094e+01
2.635102424621582031e+02 2.341258258819580078e+02 2.823545074462890625e+01 2.895484161376953125e+01
2.636223182678222656e+02 2.340076932907104492e+02 2.762310791015625000e+01 2.829437065124511719e+01
2.633700609207153320e+02 2.339469728469848633e+02 2.855988121032714844e+01 2.870380592346191406e+01
2.637064332962036133e+02 2.335546979904174805e+02 2.756606864929199219e+01 2.856484794616699219e+01
2.634574766159057617e+02 2.335157918930053711e+02 2.881335639953613281e+01 2.945152854919433594e+01
2.631437120437622070e+02 2.356357164382934570e+02 2.658386802673339844e+01 2.888855171203613281e+01
2.629442739486694336e+02 2.400754423141479492e+02 2.704130744934082031e+01 2.805264091491699219e+01
2.638338136672973633e+02 2.434636001586914062e+02 2.672327995300292969e+01 2.644209671020507812e+01
2.632044620513916016e+02 2.464987735748291016e+02 2.623524093627929688e+01 2.375128173828125000e+01
2.624540624618530273e+02 2.483047189712524414e+02 2.773236274719238281e+01 2.369528102874755859e+01
2.622055063247680664e+02 2.475169577598571777e+02 2.817205619812011719e+01 2.281248283386230469e+01
2.622433729171752930e+02 2.480871005058288574e+02 2.827618598937988281e+01 2.249746131896972656e+01
2.616436910629272461e+02 2.481839470863342285e+02 2.865866279602050781e+01 2.211056900024414062e+01
2.622442703247070312e+02 2.480185608863830566e+02 2.920552825927734375e+01 2.230546188354492188e+01
2.621747980117797852e+02 2.477855544090270996e+02 2.875499534606933594e+01 2.224215507507324219e+01
2.610760307312011719e+02 2.478261322975158691e+02 2.900399780273437500e+01 2.254687881469726562e+01
2.619370813369750977e+02 2.477778058052062988e+02 2.845136833190917969e+01 2.240145111083984375e+01
2.613766326904296875e+02 2.487840504646301270e+02 2.863883209228515625e+01 2.242140960693359375e+01
2.615199708938598633e+02 2.482600646018981934e+02 2.895079612731933594e+01 2.215793418884277344e+01
2.614115648269653320e+02 2.486302657127380371e+02 2.918088340759277344e+01 2.239401054382324219e+01
2.613947744369506836e+02 2.488064227104187012e+02 2.825596046447753906e+01 2.187983894348144531e+01
2.612868528366088867e+02 2.480517354011535645e+02 2.925286293029785156e+01 2.209136199951171875e+01
2.612087402343750000e+02 2.485330815315246582e+02 2.917357635498046875e+01 2.222657012939453125e+01
2.613772583007812500e+02 2.478786749839782715e+02 2.906637573242187500e+01 2.226529502868652344e+01
2.611883935928344727e+02 2.482919335365295410e+02 2.929261589050292969e+01 2.234794235229492188e+01
2.620321865081787109e+02 2.482204737663269043e+02 2.884127426147460938e+01 2.222728157043457031e+01
2.617480936050415039e+02 2.488151421546936035e+02 2.929818534851074219e+01 2.206933975219726562e+01
2.621056680679321289e+02 2.481982779502868652e+02 2.913465690612792969e+01 2.215706443786621094e+01
2.611153802871704102e+02 2.485794930458068848e+02 2.915324211120605469e+01 2.221915054321289062e+01
2.612441520690917969e+02 2.483368191719055176e+02 2.898592376708984375e+01 2.188871002197265625e+01
2.620302190780639648e+02 2.488758378028869629e+02 2.841391944885253906e+01 2.174331283569335938e+01
2.617677230834960938e+02 2.482405962944030762e+02 2.901938629150390625e+01 2.223042488098144531e+01
2.615621910095214844e+02 2.487217583656311035e+02 2.844721221923828125e+01 2.246968460083007812e+01
2.611126174926757812e+02 2.469780182838439941e+02 2.831337738037109375e+01 2.355790328979492188e+01
2.621648826599121094e+02 2.468343205451965332e+02 2.699559783935546875e+01 2.354480743408203125e+01
2.615865535736083984e+02 2.475007147789001465e+02 2.738512802124023438e+01 2.317167472839355469e+01
2.609781551361083984e+02 2.468362345695495605e+02 2.846903610229492188e+01 2.340869331359863281e+01
2.619946098327636719e+02 2.476768031120300293e+02 2.808980560302734375e+01 2.264982795715332031e+01
